! time                    int_density             frank_density           perfect_density         vac_density             faulted_density         void_density            
  0.000000000000000E+000  0.000000000000000E+000  0.000000000000000E+000  0.000000000000000E+000  2.140585232712487E-007  0.000000000000000E+000  0.000000000000000E+000
  1.000000000000000E-001  5.556588981458783E-006  6.872457886526108E-004  1.770065169894160E-005  4.748202058729461E-002  3.310464502197567E-004  2.728974591299097E-011
  2.000000000000001E-001  4.691145827911510E-006  1.372867727826110E-003  1.292401858496026E-005  8.806593008971855E-002  5.569652749818453E-004  5.197442475154509E-011
  3.000000000000002E-001  4.120178276630588E-006  2.057711899682321E-003  1.021027559272473E-005  1.255149957988751E-001  7.507227376271481E-004  7.504848236182800E-011
  4.000000000000003E-001  3.683636857604467E-006  2.741994510707561E-003  8.457361352650300E-006  1.604503258369885E-001  9.334040191253270E-004  9.658838229430272E-011
  5.000000000000003E-001  3.332221355198402E-006  3.425898879105379E-003  7.235664892914721E-006  1.934046367012084E-001  1.114594823971932E-003  1.168255992311045E-010
  6.000000000000004E-001  3.041268880419632E-006  4.109518770498266E-003  6.336223961110169E-006  2.245805717950463E-001  1.298655463888477E-003  1.358191687189192E-010
  7.000000000000005E-001  2.795313102138520E-006  4.792890222284920E-003  5.644465089730685E-006  2.538773096934626E-001  1.489591909763733E-003  1.534531202924093E-010
  8.000000000000006E-001  2.584771068245796E-006  5.476095019621982E-003  5.097363996134764E-006  2.816261911670132E-001  1.688488127171845E-003  1.699273030742327E-010
  9.000000000000007E-001  2.402385718148438E-006  6.159166348098218E-003  4.653637404142282E-006  3.078724155460471E-001  1.896678735789569E-003  1.852473242505173E-010
  1.000000000000001E+000  2.242793418949592E-006  6.842129241576912E-003  4.286246460424170E-006  3.326429039482464E-001  2.115222736127066E-003  1.994232847132396E-010
  1.100000000000001E+000  2.101936337271556E-006  7.525002927293129E-003  3.976819178187810E-006  3.559511292249736E-001  2.344906445569297E-003  2.124714389457335E-010
  1.200000000000001E+000  1.976685659041677E-006  8.207802410890615E-003  3.712452069010998E-006  3.778006240208314E-001  2.586248327103033E-003  2.244152731501724E-010
  1.300000000000001E+000  1.864589979375945E-006  8.890539572116411E-003  3.483827264849819E-006  3.981877492915281E-001  2.839507250455814E-003  2.352855088155261E-010
  1.400000000000001E+000  1.763794076697745E-006  9.573227786519979E-003  3.284381970439128E-006  4.172212126806422E-001  3.103715374441534E-003  2.451996742580790E-010
  1.500000000000001E+000  1.672689260050628E-006  1.025587357115989E-002  3.108768431167628E-006  4.348727638482081E-001  3.378726803074900E-003  2.541772488712697E-010
  1.600000000000001E+000  1.589910335848043E-006  1.093847980071110E-002  2.952681044297919E-006  4.510273601129546E-001  3.665079381419375E-003  2.621884492187247E-010
  1.700000000000001E+000  1.514410383719889E-006  1.162105184386497E-002  2.813025115870412E-006  4.656734401967753E-001  3.962297119749988E-003  2.692767175400425E-010
  1.800000000000001E+000  1.445319174122144E-006  1.230359417592161E-002  2.687346584096156E-006  4.788013364557589E-001  4.269762743767476E-003  2.754815119979055E-010
  1.900000000000001E+000  1.381905766980395E-006  1.298611055617759E-002  2.573674253027426E-006  4.904047868902308E-001  4.586765248052451E-003  2.808371255699383E-010
  2.000000000000001E+000  1.323550313343803E-006  1.366860416419693E-002  2.470407092954970E-006  5.004822845466330E-001  4.912542354521056E-003  2.853725385541277E-010
  2.100000000000001E+000  1.269722570526100E-006  1.435107770580160E-002  2.376232095547102E-006  5.090382503372833E-001  5.246316432764029E-003  2.891120476535402E-010
  2.200000000000002E+000  1.219965372861547E-006  1.503353349646372E-002  2.290062943215487E-006  5.160840134268663E-001  5.587323035358921E-003  2.920764723594238E-010
  2.300000000000002E+000  1.173881796577729E-006  1.571597352762049E-002  2.210992914387366E-006  5.216385854775331E-001  5.934831779669966E-003  2.942846997445688E-010
  2.400000000000002E+000  1.131125096303638E-006  1.639839951992935E-002  2.138257769731540E-006  5.257292188441708E-001  6.288159927713862E-003  2.957553236328344E-010
  2.500000000000002E+000  1.091390727196313E-006  1.708081296641943E-002  2.071206099755733E-006  5.283917430513857E-001  6.646679576307071E-003  2.965081675992293E-010
  2.600000000000002E+000  1.054409937000478E-006  1.776321516773753E-002  2.009275761401121E-006  5.296706777681469E-001  7.009819771756658E-003  2.965655384528944E-010
  2.700000000000002E+000  1.019944540875533E-006  1.844560726113990E-002  1.951975587797253E-006  5.296191238012780E-001  7.377065036137871E-003  2.959531234975013E-010
  2.800000000000002E+000  9.877825932831950E-007  1.912799024448502E-002  1.898871657161243E-006  5.282984367475008E-001  7.747951721089700E-003  2.947005083116087E-010
  2.900000000000002E+000  9.577347527174041E-007  1.981036499619327E-002  1.849577300450798E-006  5.257776916409321E-001  8.122063344419976E-003  2.928413414233464E-010
  3.000000000000002E+000  9.296311987957173E-007  2.049273229192847E-002  1.803745940840677E-006  5.221329519275013E-001  8.499025715148279E-003  2.904132021927837E-010
  3.100000000000002E+000  9.033190076150974E-007  2.117509281859954E-002  1.761065901079502E-006  5.174463626551553E-001  8.878502315008113E-003  2.874572391650634E-010
  3.200000000000002E+000  8.786599210885125E-007  2.185744718616332E-002  1.721256475486196E-006  5.118050954518791E-001  9.260190143781924E-003  2.840176438358467E-010
  3.300000000000002E+000  8.555284613897985E-007  2.253979593761809E-002  1.684064771084353E-006  5.053001805185340E-001  9.643816071306641E-003  2.801410161508164E-010
  3.400000000000002E+000  8.338100464500275E-007  2.322213882117940E-002  1.649239920795541E-006  4.979226153566278E-001  1.002935746554210E-002  2.758210790105382E-010
  3.500000000000002E+000  8.134018601480653E-007  2.390447706660420E-002  1.616606748054562E-006  4.898909091305534E-001  1.041632268100923E-002  2.711728079225621E-010
  3.600000000000001E+000  7.942076241627085E-007  2.458681105651421E-002  1.585979046801668E-006  4.812990649601494E-001  1.080451600385957E-002  2.662453120463292E-010
  3.700000000000001E+000  7.761390021388812E-007  2.526914113454882E-002  1.557189399167346E-006  4.722397229082575E-001  1.119376034318167E-002  2.610870666633706E-010
  3.800000000000001E+000  7.591147457425061E-007  2.595146760996084E-002  1.530087367724196E-006  4.628030983977546E-001  1.158389553893695E-002  2.557453633834507E-010
  3.900000000000000E+000  7.430599105278232E-007  2.663379076159200E-002  1.504537600243696E-006  4.530760232368479E-001  1.197477676997202E-002  2.502657818952307E-010
  4.000000000000000E+000  7.279051565790319E-007  2.731611084131777E-002  1.480418105883114E-006  4.431410992535775E-001  1.236627311261913E-002  2.446917151964471E-010
  4.100000000000000E+000  7.135861315051367E-007  2.799842807703774E-002  1.457618703776528E-006  4.330759716935872E-001  1.275826625976132E-002  2.390639591523127E-010
  4.199999999999999E+000  7.000429364467865E-007  2.868074267527784E-002  1.436039643204510E-006  4.229527277304164E-001  1.315064939415305E-002  2.334203718384483E-010
  4.299999999999999E+000  6.872196750673185E-007  2.936305482346174E-002  1.415590390519732E-006  4.128374240210401E-001  1.354332620283071E-002  2.277956057131760E-010
  4.399999999999999E+000  6.750640826762560E-007  3.004536469190091E-002  1.396188573332889E-006  4.027897455574177E-001  1.393621001648095E-002  2.222209140035066E-010
  4.499999999999998E+000  6.635272291979494E-007  3.072767243554596E-002  1.377759068415943E-006  3.928627957658716E-001  1.432922305668359E-002  2.167240310605391E-010
  4.599999999999998E+000  6.525632867328779E-007  3.140997819553456E-002  1.360233217125775E-006  3.831030148824164E-001  1.472229577414695E-002  2.113291246577674E-010
  4.699999999999998E+000  6.421293505238202E-007  3.209228210056621E-002  1.343548151104771E-006  3.735502203310405E-001  1.511536626196651E-002  2.060568163291122E-010
  4.799999999999997E+000  6.321753393808459E-007  3.277458384706845E-002  1.327646911389117E-006  3.642939478304600E-001  1.550835248736258E-002  2.009560960069655E-010
  4.899999999999997E+000  6.226734647429747E-007  3.345688398856399E-002  1.312475140337378E-006  3.553033415716070E-001  1.590121975617508E-002  1.960074193221960E-010
  4.999999999999996E+000  6.135891130067668E-007  3.413918262113295E-002  1.297984241128980E-006  3.465982437382767E-001  1.629393056409515E-002  1.912208820514064E-010
  5.099999999999996E+000  6.048901693740894E-007  3.482147983283148E-002  1.284129441242001E-006  3.381933363051264E-001  1.668645228131254E-002  1.866037711687461E-010
  5.199999999999996E+000  5.965469417243519E-007  3.550377570447137E-002  1.270869526626623E-006  3.300985794564336E-001  1.707875697726309E-002  1.821608296549801E-010
  5.299999999999995E+000  5.885320719919125E-007  3.618607031032258E-002  1.258166531411366E-006  3.223196810660173E-001  1.747082117852047E-002  1.778945244131370E-010
  5.399999999999995E+000  5.808204422551229E-007  3.686836371874637E-002  1.245985458599901E-006  3.148585814310017E-001  1.786262559071759E-002  1.738053164078534E-010
  5.499999999999995E+000  5.733890737653033E-007  3.755065599276574E-002  1.234294027400619E-006  3.077139396793176E-001  1.825415480109403E-002  1.698919283005948E-010
  5.599999999999994E+000  5.662170183315673E-007  3.823294719057926E-002  1.223062443760587E-006  3.008816103755306E-001  1.864539697129369E-002  1.661516046682685E-010
  5.699999999999994E+000  5.592852424423664E-007  3.891523736602331E-002  1.212263191371210E-006  2.943551009344031E-001  1.903634352656745E-002  1.625803604311672E-010
  5.799999999999994E+000  5.525765052459335E-007  3.959752656898759E-002  1.201870840921771E-006  2.881260024829079E-001  1.942698884579019E-002  1.591732139281409E-010
  5.899999999999993E+000  5.460752320347528E-007  4.027981484578820E-002  1.191861875754973E-006  2.821843887340736E-001  1.981732995580020E-002  1.559244019675026E-010
  5.999999999999993E+000  5.397673851961228E-007  4.096210223950228E-002  1.182214532362982E-006  2.765191792008850E-001  2.020736623306123E-002  1.528275750543248E-010
  6.099999999999993E+000  5.336403347220127E-007  4.164438879026783E-002  1.172908654379659E-006  2.711184646496976E-001  2.059709911529959E-002  1.498759717962901E-010
  6.199999999999992E+000  5.276827303440143E-007  4.232667453555210E-002  1.163925558893351E-006  2.659697940487341E-001  2.098653182546592E-002  1.470625721933636E-010
  6.299999999999992E+000  5.218843772051800E-007  4.300895951039155E-002  1.155247914038229E-006  2.610604233998400E-001  2.137566911005953E-002  1.443802301084906E-010
  6.399999999999991E+000  5.162361167341075E-007  4.369124374760662E-002  1.146859626930181E-006  2.563775277532452E-001  2.176451699351363E-002  1.418217856943955E-010
  6.499999999999991E+000  5.107297140814674E-007  4.437352727799351E-002  1.138745741102353E-006  2.519083784065707E-001  2.215308254997476E-002  1.393801589190375E-010
  6.599999999999991E+000  5.053577531460391E-007  4.505581013049576E-002  1.130892342670411E-006  2.476404877979529E-001  2.254137369342701E-002  1.370484255974880E-010
  6.699999999999990E+000  5.001135398824748E-007  4.573809233235775E-002  1.123286474521868E-006  2.435617249400182E-001  2.292939898672812E-002  1.348198775116879E-010
  6.799999999999990E+000  4.949910142670649E-007  4.642037390926197E-002  1.115916057879858E-006  2.396604044299834E-001  2.331716746975209E-002  1.326880682940397E-010
  6.999999999999990E+000  4.850586786091234E-007  4.778493470315321E-002  1.101832009527335E-006  2.324540768147483E-001  2.409176363413362E-002  1.287488893027694E-010
  7.199999999999990E+000  4.755646887740758E-007  4.914949331185316E-002  1.088562543584096E-006  2.257821590054971E-001  2.486549853872597E-002  1.251001282155368E-010
  7.399999999999991E+000  4.664730655748002E-007  5.051404989217381E-002  1.076036989479207E-006  2.195873273439821E-001  2.563844454303569E-002  1.217107557357654E-010
  7.599999999999991E+000  4.577530039013942E-007  5.187860458543616E-002  1.064192846657224E-006  2.138175451391303E-001  2.641066835177387E-002  1.185525252270357E-010
  7.799999999999991E+000  4.493777880182561E-007  5.324315751947753E-002  1.052974656143650E-006  2.084263115598273E-001  2.718223149055652E-002  1.156001756741031E-010
  7.999999999999991E+000  4.413239527153711E-007  5.460770881032678E-002  1.042333023447657E-006  2.033725625632033E-001  2.795319042881163E-002  1.128314022536473E-010
  8.199999999999990E+000  4.335706473725104E-007  5.597225856361430E-002  1.032223794648808E-006  1.986203456805515E-001  2.872359663911537E-002  1.102266863395178E-010
  8.399999999999990E+000  4.260991582579010E-007  5.733680687576821E-002  1.022607360756756E-006  1.941383660295686E-001  2.949349670323290E-002  1.077690484221628E-010
  8.599999999999989E+000  4.188925504730611E-007  5.870135383503746E-002  1.013448069324051E-006  1.898994754716422E-001  3.026293249418450E-002  1.054437676944058E-010
  8.799999999999988E+000  4.119353981370904E-007  6.006589952237277E-002  1.004713725611852E-006  1.858801545193943E-001  3.103194142849372E-002  1.032380973276904E-010
  8.999999999999988E+000  4.052135783974451E-007  6.143044401219030E-002  9.963751684693223E-007  1.820600186536804E-001  3.180055676976973E-002  1.011409934871712E-010
  9.199999999999987E+000  3.987141109955582E-007  6.279498737303700E-002  9.884059085443923E-007  1.784213671510229E-001  3.256880796238802E-002  9.914286818182391E-011
  9.399999999999986E+000  3.924250301460221E-007  6.415952966817376E-002  9.807818185368009E-007  1.749487828411257E-001  3.333672097637990E-002  9.723537051560475E-011
  9.599999999999985E+000  3.863352793966358E-007  6.552407095608802E-002  9.734808669720052E-007  1.716287847023667E-001  3.410431864870143E-002  9.541119725753337E-011
  9.799999999999985E+000  3.804346230452020E-007  6.688861129094659E-002  9.664828884546498E-007  1.684495311340148E-001  3.487162101031212E-002  9.366393140766478E-011
  9.999999999999984E+000  3.747135697737396E-007  6.825315072299661E-002  9.597693845902454E-007  1.654005694609874E-001  3.563864559226592E-002  9.198790620341603E-011
  1.019999999999998E+001  3.691633056054691E-007  6.961768929892198E-002  9.533233507793376E-007  1.624726261832084E-001  3.640540770704614E-002  9.037809146695476E-011
  1.039999999999998E+001  3.637756342600906E-007  7.098222706216065E-002  9.471291249228800E-007  1.596574322480829E-001  3.717192070364378E-002  8.882999909458933E-011
  1.059999999999998E+001  3.585429236153748E-007  7.234676405318821E-002  9.411722547606877E-007  1.569475778818316E-001  3.793819619646958E-002  8.733960465414170E-011
  1.079999999999998E+001  3.534580573842489E-007  7.371130030977159E-002  9.354393811228920E-007  1.543363920371934E-001  3.870424426922839E-002  8.590328236088281E-011
  1.099999999999998E+001  3.485143913648875E-007  7.507583586719671E-002  9.299181348298377E-007  1.518178421493535E-001  3.947007365550250E-002  8.451775106368296E-011
  1.149999999999998E+001  3.367137437509097E-007  7.848717073692076E-002  9.169547933065146E-007  1.459421605367891E-001  4.138346329136997E-002  8.128396789820584E-011
  1.199999999999998E+001  3.256832260667531E-007  8.189850202472096E-002  9.050886103679532E-007  1.404950886727050E-001  4.329571815357754E-002  7.828567550093784E-011
  1.249999999999998E+001  3.153407314644092E-007  8.530983010821991E-002  8.941868206645309E-007  1.354477141604821E-001  4.520685919273390E-002  7.550734015872984E-011
  1.299999999999998E+001  3.056194604417722E-007  8.872115531258637E-002  8.841370218806802E-007  1.307618972575341E-001  4.711689676663156E-002  7.292805336075012E-011
  1.349999999999998E+001  2.964628701192554E-007  9.213247791959613E-002  8.748435459374997E-007  1.264002814862986E-001  4.902583474810027E-002  7.052727985655305E-011
  1.399999999999998E+001  2.878220240039730E-007  9.554379817476777E-002  8.662244957420201E-007  1.223293097161909E-001  5.093367166579137E-002  6.828656763067352E-011
  1.449999999999998E+001  2.796540136550353E-007  9.895511629308552E-002  8.582093642975237E-007  1.185196797895333E-001  5.284040142324442E-002  6.618980484221224E-011
  1.499999999999998E+001  2.719208944748430E-007  1.023664324636467E-001  8.507371232664658E-007  1.149459794250345E-001  5.474601405038495E-002  6.422301756085261E-011
  1.549999999999998E+001  2.645888992246002E-007  1.057777468534716E-001  8.437546819492474E-007  1.115861362609228E-001  5.665049647236748E-002  6.237406598142215E-011
  1.599999999999998E+001  2.576278232933856E-007  1.091890596106516E-001  8.372156372515737E-007  1.084208915377502E-001  5.855383322735699E-002  6.063235469030355E-011
  1.649999999999998E+001  2.510105287953115E-007  1.126003708669667E-001  8.310792529146929E-007  1.054333509188008E-001  6.045600709285572E-002  5.898858600200068E-011
  1.699999999999998E+001  2.447125371062869E-007  1.160116807400779E-001  8.253096204438917E-007  1.026086148472527E-001  6.235699960863707E-002  5.743455728003942E-011
  1.749999999999998E+001  2.387116900114201E-007  1.194229893353714E-001  8.198749650322255E-007  9.993347699683740E-002  6.425679150083943E-002  5.596299572156669E-011
  1.799999999999998E+001  2.329878653264063E-007  1.228342967475194E-001  8.147470680022625E-007  9.739617776388540E-002  6.615536301898445E-002  5.456742333047711E-011
  1.849999999999998E+001  2.275227363864228E-007  1.262456030618076E-001  8.099007835166533E-007  9.498620152590184E-002  6.805269419964086E-002  5.324204585101878E-011
  1.899999999999998E+001  2.222995672218993E-007  1.296569083552689E-001  8.053136320472129E-007  9.269410867825345E-002  6.994876506989377E-002  5.198166072261577E-011
  1.949999999999998E+001  2.173030370110427E-007  1.330682126976558E-001  8.009654567231671E-007  9.051139545677683E-002  7.184355580221698E-002  5.078158022593786E-011
  1.999999999999998E+001  2.125190887330431E-007  1.364795161522792E-001  7.968381314822390E-007  8.843037612708003E-002  7.373704683053249E-002  4.963756685760458E-011
  2.049999999999998E+001  2.079347979684991E-007  1.398908187767319E-001  7.929153121282373E-007  8.644408332167837E-002  7.562921893551028E-002  4.854577862963534E-011
  2.099999999999998E+001  2.035382585858689E-007  1.433021206235179E-001  7.891822231063751E-007  8.454618321617810E-002  7.752005330564177E-002  4.750272248763808E-011
  2.149999999999998E+001  1.993184826714542E-007  1.467134217406001E-001  7.856254741540941E-007  8.273090292809482E-002  7.940953157933865E-002  4.650521441977972E-011
  2.199999999999998E+001  1.952653125469830E-007  1.501247221718782E-001  7.822329020538606E-007  8.099296805244409E-002  8.129763587225519E-002  4.555034511794205E-011
  2.249999999999998E+001  1.913693431040217E-007  1.535360219576083E-001  7.789934335676109E-007  7.932754865818428E-002  8.318434879317531E-002  4.463545027591309E-011
  2.299999999999998E+001  1.876218529913385E-007  1.569473211347708E-001  7.758969663176592E-007  7.773021238901351E-002  8.506965345111712E-002  4.375808478353627E-011
  2.349999999999998E+001  1.840147434374423E-007  1.603586197373952E-001  7.729342649319620E-007  7.619688356293040E-002  8.695353345575565E-002  4.291600021248118E-011
  2.399999999999998E+001  1.805404836891331E-007  1.637699177968472E-001  7.700968702204426E-007  7.472380736357663E-002  8.883597291282253E-002  4.210712509756691E-011
  2.449999999999998E+001  1.771920622081888E-007  1.671812153420823E-001  7.673770195150131E-007  7.330751837473438E-002  9.071695641579104E-002  4.132954760392623E-011
  2.499999999999998E+001  1.739629429001086E-007  1.705925123998721E-001  7.647675766057097E-007  7.194481283647723E-002  9.259646903487495E-002  4.058150023965847E-011
  2.549999999999998E+001  1.708470257571699E-007  1.740038089950043E-001  7.622619699519948E-007  7.063272410419265E-002  9.447449630414577E-002  3.986134632969466E-011
  2.599999999999998E+001  1.678386113876331E-007  1.774151051504622E-001  7.598541380520923E-007  6.936850087520528E-002  9.635102420739827E-002  3.916756801221295E-011
  2.649999999999998E+001  1.649323689774139E-007  1.808264008875853E-001  7.575384810222747E-007  6.814958781601689E-002  9.822603916325122E-002  3.849875555626590E-011
  2.699999999999998E+001  1.621233072928188E-007  1.842376962262118E-001  7.553098175788492E-007  6.697360827933294E-002  1.000995280098605E-001  3.785359782999191E-011
  2.749999999999998E+001  1.594067483852751E-007  1.876489911848080E-001  7.531633467332608E-007  6.583834884645798E-002  1.019714779895319E-001  3.723087377418151E-011
  2.799999999999998E+001  1.567783037031963E-007  1.910602857805840E-001  7.510946136094839E-007  6.474174546920161E-002  1.038418767334518E-001  3.662944475708456E-011
  2.899999999999998E+001  1.517690606360460E-007  1.978828736149863E-001  7.471729482990098E-007  6.266040805545509E-002  1.075764390182005E-001  3.548816398145158E-011
  2.999999999999998E+001  1.470662846399820E-007  2.047054602046726E-001  7.435163387186545E-007  6.070862360776694E-002  1.113046667632733E-001  3.441821709399335E-011
  3.099999999999998E+001  1.426430349374795E-007  2.115280456482344E-001  7.400988376949917E-007  5.887739892074279E-002  1.150264663050958E-001  3.341467854128141E-011
  3.199999999999998E+001  1.384755537748908E-007  2.183506300324901E-001  7.368977670820964E-007  5.715623931095804E-002  1.187417514151504E-001  3.247175553515059E-011
  3.299999999999998E+001  1.345426712958554E-007  2.251732134341809E-001  7.338932245986529E-007  5.553560082771422E-002  1.224504421948101E-001  3.158417957314405E-011
  3.399999999999998E+001  1.308254533912487E-007  2.319957959213803E-001  7.310676727839456E-007  5.400698545663229E-002  1.261524641136498E-001  3.074726097403698E-011
  3.499999999999998E+001  1.273069170431424E-007  2.388183775546744E-001  7.284055983845899E-007  5.256282104196208E-002  1.298477473062584E-001  2.995682207192747E-011
  3.599999999999998E+001  1.239717887634036E-007  2.456409583881556E-001  7.258932288456000E-007  5.119634047952096E-002  1.335362260511286E-001  2.920913008585369E-011
  3.699999999999998E+001  1.208062977603618E-007  2.524635384702615E-001  7.235182950889482E-007  4.990147778096637E-002  1.372178383718533E-001  2.850083947616576E-011
  3.799999999999998E+001  1.177979980953387E-007  2.592861178444888E-001  7.212698320108551E-007  4.867277971044634E-002  1.408925257222534E-001  2.782894300964340E-011
  3.899999999999998E+001  1.149356152260353E-007  2.661086965500011E-001  7.191380098900647E-007  4.750533045681090E-002  1.445602327310559E-001  2.719073008732078E-011
  3.999999999999998E+001  1.122089131544913E-007  2.729312746221498E-001  7.171139912664088E-007  4.639468715576624E-002  1.482209069903039E-001  2.658375110110550E-011
  4.099999999999998E+001  1.096085790506727E-007  2.797538520929220E-001  7.151898089153578E-007  4.533682447752509E-002  1.518744988768935E-001  2.600578681818697E-011
  4.199999999999998E+001  1.071261227513247E-007  2.865764289913264E-001  7.133582613814025E-007  4.432808682402158E-002  1.555209613998711E-001  2.545482198020549E-011
  4.299999999999998E+001  1.047537889640666E-007  2.933990053437281E-001  7.116128231944045E-007  4.336514694204593E-002  1.591602500681855E-001  2.492902245272648E-011
  4.399999999999998E+001  1.024844803587423E-007  3.002215811741390E-001  7.099475674185622E-007  4.244496996866980E-002  1.627923227749511E-001  2.442671537867733E-011
  4.499999999999998E+001  1.003116900173299E-007  3.070441565044707E-001  7.083570986036110E-007  4.156478209444835E-002  1.664171396952102E-001  2.394637188403725E-011
  4.599999999999998E+001  9.822944195243810E-008  3.138667313547563E-001  7.068364945453566E-007  4.072204316682727E-002  1.700346631948395E-001  2.348659196043222E-011
  4.699999999999998E+001  9.623223860220035E-008  3.206893057433439E-001  7.053812555351926E-007  3.991442266765790E-002  1.736448577487239E-001  2.304609121129730E-011
  4.799999999999998E+001  9.431501437386264E-008  3.275118796870672E-001  7.039872599995124E-007  3.913977858991866E-002  1.772476898666858E-001  2.262368919890505E-011
  4.899999999999998E+001  9.247309444564905E-008  3.343344532013955E-001  7.026507256103294E-007  3.839613881368968E-002  1.808431280259301E-001  2.221829917112541E-011
  4.999999999999998E+001  9.070215815146836E-008  3.411570263005678E-001  7.013681750962277E-007  3.768168464330238E-002  1.844311426089867E-001  2.182891898106289E-011
  5.099999999999998E+001  8.899820636963744E-008  3.479795989977081E-001  7.001364061043568E-007  3.699473621887505E-002  1.880117058463021E-001  2.145462304111384E-011
  5.199999999999998E+001  8.735753241823408E-008  3.548021713049324E-001  6.989524645646308E-007  3.633373955813408E-002  1.915847917627767E-001  2.109455517660759E-011
  5.399999999999998E+001  8.425290845464008E-008  3.684473144254738E-001  6.967170630930419E-007  3.508520191986823E-002  1.987010373261836E-001  2.041461878829265E-011
  5.599999999999998E+001  8.136311802170528E-008  3.820924561291094E-001  6.946427984544112E-007  3.392369584384064E-002  2.057871785980387E-001  1.978233762806986E-011
  5.799999999999998E+001  7.866668890442282E-008  3.957375964821848E-001  6.927128714954703E-007  3.284102481035369E-002  2.128430565662437E-001  1.919322723798522E-011
  5.999999999999998E+001  7.614491459800851E-008  4.093827355421330E-001  6.909127386964108E-007  3.182944898456220E-002  2.198685394072221E-001  1.864302434256783E-011
  6.199999999999998E+001  7.378141380888136E-008  4.230278733588789E-001  6.892297463024465E-007  3.088218961572883E-002  2.268635218055806E-001  1.812799382821839E-011
  6.399999999999998E+001  7.156178175337450E-008  4.366730099759877E-001  6.876528330579595E-007  2.999329946160013E-002  2.338279230047975E-001  1.764485972696913E-011
  6.599999999999997E+001  6.947330234177132E-008  4.503181454316083E-001  6.861722873269052E-007  2.915753987941018E-002  2.407616849397258E-001  1.719073755982348E-011
  6.799999999999997E+001  6.750470897327932E-008  4.639632797592550E-001  6.847795473455779E-007  2.837027863513697E-002  2.476647706316065E-001  1.676307779937613E-011
  6.999999999999997E+001  6.564598466664104E-008  4.776084129884605E-001  6.834670359303185E-007  2.762740485680623E-002  2.545371628029892E-001  1.635961879982552E-011
  7.199999999999997E+001  6.388819421888942E-008  4.912535451453193E-001  6.822280229012264E-007  2.692525788691792E-002  2.613788626507266E-001  1.597834744237995E-011
  7.399999999999997E+001  6.222334258887915E-008  5.048986762529486E-001  6.810565099479231E-007  2.626056745790829E-002  2.681898887310086E-001  1.561746606429941E-011
  7.599999999999997E+001  6.064425486796331E-008  5.185438063318761E-001  6.799471337797526E-007  2.563040314462869E-002  2.749702759262991E-001  1.527536452938209E-011
  7.799999999999997E+001  5.914447411013733E-008  5.321889354003704E-001  6.788950842602262E-007  2.503213145934175E-002  2.817200744751131E-001  1.495059652881687E-011
  7.999999999999997E+001  5.771817400878039E-008  5.458340634747232E-001  6.778960348890687E-007  2.446337927559799E-002  2.884393490526428E-001  1.464185938196801E-011
  8.199999999999997E+001  5.636008397199851E-008  5.594791905694885E-001  6.769460835123879E-007  2.392200251908773E-002  2.951281778946409E-001  1.434797674790055E-011
  8.399999999999997E+001  5.506542459751165E-008  5.731243166976930E-001  6.760417015472609E-007  2.340605926230361E-002  3.017866519597058E-001  1.406788376951655E-011
  8.599999999999997E+001  5.382985190676881E-008  5.867694418710132E-001  6.751796903275018E-007  2.291378651771119E-002  3.084148741268140E-001  1.380061426008986E-011
  8.799999999999997E+001  5.264940898614276E-008  6.004145660999313E-001  6.743571434319328E-007  2.244358015024234E-002  3.150129584259913E-001  1.354528961204284E-011
  8.999999999999997E+001  5.152048391568536E-008  6.140596893938695E-001  6.735714140599259E-007  2.199397743123808E-002  3.215810293006660E-001  1.330110916397616E-011
  9.499999999999997E+001  4.890382459699757E-008  6.481724918782831E-001  6.717529650874358E-007  2.095352161718835E-002  3.378167884315003E-001  1.273550852383163E-011
  9.999999999999997E+001  4.654436068903160E-008  6.822852887147177E-001  6.701175270949341E-007  2.001519447142316E-002  3.538701453820866E-001  1.222509370686319E-011
  1.050000000000000E+002  4.440589505421000E-008  7.163980799826164E-001  6.686388085678966E-007  1.916471039940230E-002  3.697435076475005E-001  1.176205454716880E-011
  1.100000000000000E+002  4.245871357553603E-008  7.505108657438899E-001  6.672953187806245E-007  1.839014791841681E-002  3.854396089431380E-001  1.133987095637404E-011
  1.150000000000000E+002  4.067819683118155E-008  7.846236460468923E-001  6.660693205633242E-007  1.768164877541476E-002  4.009614190641972E-001  1.095316972666840E-011
  1.200000000000000E+002  3.904377446547798E-008  8.187364209294113E-001  6.649460455671948E-007  1.703099191639194E-002  4.163120774618826E-001  1.059748391594233E-011
  1.250000000000000E+002  3.753812651308829E-008  8.528491904209501E-001  6.639130984319909E-007  1.643126759210275E-002  4.314948442883836E-001  1.026906934386163E-011
  1.300000000000000E+002  3.614656634476609E-008  8.869619545444801E-001  6.629599988722654E-007  1.587662627422525E-002  4.465130624559231E-001  9.964764263208852E-012
  1.350000000000000E+002  3.485655889015586E-008  9.210747133178043E-001  6.620778258298124E-007  1.536208308220605E-002  4.613701271191129E-001  9.681880640638355E-012
  1.400000000000000E+002  3.365734080282044E-008  9.551874667546196E-001  6.612589381057314E-007  1.488336390720415E-002  4.760694606189855E-001  9.418118924214542E-012
  1.450000000000000E+002  3.253961828553177E-008  9.893002148653507E-001  6.604967529610563E-007  1.443678322020719E-002  4.906144917185462E-001  9.171500536516581E-012
  1.500000000000000E+002  3.149532467791621E-008  1.023412957657813E+000  6.597855691236034E-007  1.401914621100810E-002  5.050086383518795E-001  8.940313922436226E-012
  1.550000000000000E+002  3.051742446754436E-008  1.057525695137738E+000  6.591204241474475E-007  1.362766979310205E-002  5.192552933184248E-001  8.723071078395528E-012
  1.600000000000000E+002  2.959975368007714E-008  1.091638427309190E+000  6.584969785911077E-007  1.325991836852370E-002  5.333578124776780E-001  8.518472265800144E-012
  1.650000000000000E+002  2.873688901152078E-008  1.125751154174905E+000  6.579114213113661E-007  1.291375123661501E-002  5.473195050804183E-001  8.325377170961546E-012
  1.700000000000000E+002  2.792403984336101E-008  1.159863875736558E+000  6.573603915147602E-007  1.258727925995387E-002  5.611436259305922E-001  8.142781183185706E-012
  1.750000000000000E+002  2.715695860701243E-008  1.193976591994979E+000  6.568409142072052E-007  1.227882894339220E-002  5.748333691166981E-001  7.969795766265716E-012
  1.800000000000000E+002  2.643186596174326E-008  1.228089302950336E+000  6.563503464304692E-007  1.198691248991985E-002  5.883918630877893E-001  7.805632126114760E-012
  1.850000000000000E+002  2.574538800768597E-008  1.262202008602269E+000  6.558863322400647E-007  1.171020270617777E-002  6.018221668795707E-001  7.649587549451849E-012
  1.900000000000000E+002  2.509450333529937E-008  1.296314708950007E+000  6.554467648106700E-007  1.144751186672027E-002  6.151272673219854E-001  7.501033919915088E-012
  1.950000000000000E+002  2.447649815982596E-008  1.330427403992466E+000  6.550297543869297E-007  1.119777382814797E-002  6.283100770820575E-001  7.359408019170673E-012
  2.000000000000000E+002  2.388892813672488E-008  1.364540093728318E+000  6.546336010544488E-007  1.096002882549415E-002  6.413734334151853E-001  7.224203299067741E-012
  2.050000000000000E+002  2.332958572586700E-008  1.398652778156056E+000  6.542567715062142E-007  1.073341049363974E-002  6.543200975149993E-001  7.094962872185627E-012
  2.100000000000000E+002  2.279647218630742E-008  1.432765457274041E+000  6.538978791370959E-007  1.051713474336807E-002  6.671527543666518E-001  6.971273516310199E-012
  2.150000000000000E+002  2.228777345302958E-008  1.466878131080546E+000  6.535556669234646E-007  1.031049019040396E-002  6.798740130212796E-001  6.852760526497923E-012
  2.200000000000000E+002  2.180183928220509E-008  1.500990799573785E+000  6.532289926438763E-007  1.011282989050636E-002  6.924864072205943E-001  6.739083278720549E-012
  2.250000000000000E+002  2.133716515982873E-008  1.535103462751936E+000  6.529168160758577E-007  9.923564177500744E-003  7.049923963103418E-001  6.629931393354461E-012
  2.300000000000000E+002  2.089237655585838E-008  1.569216120613167E+000  6.526181878674214E-007  9.742154436407139E-003  7.173943663898800E-001  6.525021406301891E-012
  2.350000000000000E+002  2.046621517666122E-008  1.603328773155649E+000  6.523322398333307E-007  9.568107672353840E-003  7.296946316525387E-001  6.424093871312738E-012
  2.400000000000000E+002  2.005752692607464E-008  1.637441420377571E+000  6.520581764678636E-007  9.400971759164524E-003  7.418954358778597E-001  6.326910829894570E-012
  2.450000000000000E+002  1.966525133240215E-008  1.671554062277146E+000  6.517952674999132E-007  9.240331270451409E-003  7.539989540424147E-001  6.233253595657722E-012
  2.500000000000000E+002  1.928841223726527E-008  1.705666698852621E+000  6.515428413441440E-007  9.085803811588846E-003  7.660072940207541E-001  6.142920808513393E-012
  2.550000000000000E+002  1.892610957406294E-008  1.739779330102283E+000  6.513002793249412E-007  8.937036783744795E-003  7.779224983522470E-001  6.055726721195967E-012
  2.600000000000000E+002  1.857751209014250E-008  1.773891956024464E+000  6.510670105688820E-007  8.793704521737297E-003  7.897465460532238E-001  5.971499686408039E-012
  2.700000000000000E+002  1.791871598962609E-008  1.842117186572292E+000  6.506264242979074E-007  8.522634155721241E-003  8.130440727913141E-001  5.811488626387977E-012
  2.800000000000000E+002  1.730616396814042E-008  1.910342395806208E+000  6.502171388077935E-007  8.269894936188358E-003  8.360043317857995E-001  5.661609901400913E-012
  2.900000000000000E+002  1.673511931421670E-008  1.978567583712377E+000  6.498359110426928E-007  8.033637080169442E-003  8.586403447930009E-001  5.520847037438492E-012
  3.000000000000000E+002  1.620147199521966E-008  2.046792750278784E+000  6.494799315801711E-007  7.812251996162575E-003  8.809645390417011E-001  5.388333163967828E-012
  3.050000000000000E+002  1.594742817058371E-008  2.080905328219167E+000  6.493105812580427E-007  7.706521315400607E-003  8.920502675632325E-001  5.324881749972418E-012
  3.100000000000000E+002  1.570143563047073E-008  2.115017900816563E+000  6.491466561522637E-007  7.604009301697160E-003  9.030612571807075E-001  5.263203759599472E-012
  3.150000000000000E+002  1.546311432352397E-008  2.149130468070362E+000  6.489878974995093E-007  7.504564464364256E-003  9.139990058863594E-001  5.203228038948484E-012
  3.200000000000000E+002  1.523210792536719E-008  2.183243029979736E+000  6.488340628189231E-007  7.408047622275270E-003  9.248649239872195E-001  5.144885504838807E-012
  3.250000000000000E+002  1.500808196499828E-008  2.217355586543770E+000  6.486849246286366E-007  7.314327661831076E-003  9.356603587951078E-001  5.088108594874155E-012
  3.300000000000000E+002  1.479072214961155E-008  2.251468137761529E+000  6.485402692938062E-007  7.223281130453500E-003  9.463866068522788E-001  5.032832509256415E-012
  3.350000000000000E+002  1.457973285301384E-008  2.285580683632078E+000  6.483998959840274E-007  7.134791762681537E-003  9.570449203788061E-001  4.978995627825266E-012
  3.400000000000000E+002  1.437483574302058E-008  2.319693224154495E+000  6.482636157255577E-007  7.048749995978125E-003  9.676365111527568E-001  4.926539548142208E-012
  3.450000000000000E+002  1.417576853051857E-008  2.353805759327881E+000  6.481312505373764E-007  6.965052506729304E-003  9.781625531914345E-001  4.875408976488593E-012
  3.500000000000000E+002  1.398228382669335E-008  2.387918289151361E+000  6.480026326421179E-007  6.883601776642374E-003  9.886241848208039E-001  4.825551567516324E-012
  3.550000000000000E+002  1.379414809717630E-008  2.422030813624082E+000  6.478776037442235E-007  6.804305691513962E-003  9.990225103996342E-001  4.776917750401133E-012
  3.600000000000000E+002  1.361114070342246E-008  2.456143332745218E+000  6.477560143686326E-007  6.727077171320919E-003  1.009358601828670E+000  4.729460556527194E-012
  3.700000000000000E+002  1.325980800617105E-008  2.524368349593126E+000  6.475226567260886E-007  6.578704359330905E-003  1.029789406572515E+000  4.637982846195591E-012
  3.800000000000000E+002  1.292660969812947E-008  2.592593345037059E+000  6.473014487897315E-007  6.437646959882123E-003  1.049986161921855E+000  4.550718090661715E-012
  3.900000000000000E+002  1.261016628068124E-008  2.660818319069790E+000  6.470914577919743E-007  6.303360246078054E-003  1.069956066607766E+000  4.467355102682552E-012
  4.000000000000000E+002  1.230923506215104E-008  2.729043271685133E+000  6.468918443187263E-007  6.175352594249297E-003  1.089706025369770E+000  4.387620183332349E-012
  4.100000000000000E+002  1.202269366531154E-008  2.797268202877495E+000  6.467018509376030E-007  6.053179870729862E-003  1.109242614635116E+000  4.311267820071748E-012
  4.200000000000000E+002  1.174952581274068E-008  2.865493112641711E+000  6.465207924263955E-007  5.936439558227022E-003  1.128572086960335E+000  4.238075585285140E-012
  4.300000000000000E+002  1.148880906655087E-008  2.933718000972970E+000  6.463480473604481E-007  5.824765885086239E-003  1.147700386129621E+000  4.167840978861358E-012
  4.400000000000000E+002  1.123970422585630E-008  3.001942867866770E+000  6.461830508475483E-007  5.717825668615907E-003  1.166633164902442E+000  4.100379046000438E-012
  4.500000000000000E+002  1.100144612917493E-008  3.070167713318882E+000  6.460252882330284E-007  5.615314726108645E-003  1.185375802948007E+000  4.035520416868484E-012
  4.600000000000000E+002  1.077333565026312E-008  3.138392537325337E+000  6.458742896276704E-007  5.516954757079765E-003  1.203933424125395E+000  3.973109637314363E-012
  4.700000000000000E+002  1.055473271091858E-008  3.206617339882405E+000  6.457296251358075E-007  5.422490623309795E-003  1.222310912809592E+000  3.913003725510431E-012
  4.800000000000000E+002  1.034505016327246E-008  3.274842120986577E+000  6.455909006813625E-007  5.331687967545270E-003  1.240512929171572E+000  3.855070913336114E-012
  4.900000000000000E+002  1.014374841794573E-008  3.343066880634556E+000  6.454577543462495E-007  5.244331122081143E-003  1.258543923409117E+000  3.799189542624147E-012
  5.000000000000000E+002  9.950330714091741E-009  3.411291618823248E+000  6.453298531492474E-007  5.160221266533539E-003  1.276408148964954E+000  3.745247093002491E-012
  5.100000000000000E+002  9.764338943568883E-009  3.479516335549754E+000  6.452068902047563E-007  5.079174800614261E-003  1.294109674786577E+000  3.693139322531867E-012
  5.200000000000000E+002  9.585349954927571E-009  3.547741030811358E+000  6.450885822101723E-007  5.001021903030975E-003  1.311652396689188E+000  3.642769505625873E-012
  5.300000000000000E+002  9.412972274067644E-009  3.615965704605522E+000  6.449746672183707E-007  4.925605252018057E-003  1.329040047884763E+000  3.594047755283792E-012
  5.400000000000000E+002  9.246843187743004E-009  3.684190356929878E+000  6.448649026582527E-007  4.852778886640170E-003  1.346276208738994E+000  3.546890418694389E-012
  5.500000000000000E+002  9.086626143892285E-009  3.752414987782230E+000  6.447590635716980E-007  4.782407191045511E-003  1.363364315815129E+000  3.501219536917832E-012
  5.600000000000000E+002  8.932008429327559E-009  3.820639597160541E+000  6.446569410398050E-007  4.714363986389403E-003  1.380307670260267E+000  3.456962360710911E-012
  5.700000000000000E+002  8.782699090835147E-009  3.888864185062932E+000  6.445583407751217E-007  4.648531717289244E-003  1.397109445585991E+000  3.414050915689756E-012
  5.800000000000000E+002  8.638427070410750E-009  3.957088751487675E+000  6.444630818597751E-007  4.584800721479266E-003  1.413772694891399E+000  3.372421610969702E-012
  5.900000000000000E+002  8.498939529309076E-009  4.025313296433193E+000  6.443709956121545E-007  4.523068572864961E-003  1.430300357572958E+000  3.332014886218123E-012
  6.000000000000000E+002  8.364000338954448E-009  4.093537819898054E+000  6.442819245671131E-007  4.463239489478730E-003  1.446695265562056E+000  3.292774892729939E-012
  6.100000000000000E+002  8.233388719629532E-009  4.161762321880965E+000  6.441957215566262E-007  4.405223798948065E-003  1.462960149127864E+000  3.254649204708231E-012
  6.200000000000000E+002  8.106898010314772E-009  4.229986802380775E+000  6.441122488795496E-007  4.348937455036415E-003  1.479097642279981E+000  3.217588557420950E-012
  6.300000000000000E+002  7.984334555156208E-009  4.298211261396464E+000  6.440313775505441E-007  4.294301599630506E-003  1.495110287802524E+000  3.181546609323028E-012
  6.400000000000000E+002  7.865516693849808E-009  4.366435698927152E+000  6.439529866195036E-007  4.241242165247272E-003  1.511000541948646E+000  3.146479725592497E-012
  6.500000000000000E+002  7.750273844790210E-009  4.434660114972075E+000  6.438769625538609E-007  4.189689513736434E-003  1.526770778822049E+000  3.112346780838641E-012
  6.600000000000000E+002  7.638445671179850E-009  4.502884509530605E+000  6.438031986771075E-007  4.139578107375675E-003  1.542423294469841E+000  3.079108979007640E-012
  6.700000000000000E+002  7.529881321461691E-009  4.571108882602231E+000  6.437315946576329E-007  4.090846209006570E-003  1.557960310709002E+000  3.046729688742814E-012
  6.800000000000000E+002  7.424438736451944E-009  4.639333234186569E+000  6.436620560426945E-007  4.043435608251151E-003  1.573383978706897E+000  3.015174292657638E-012
  6.900000000000000E+002  7.321984016430498E-009  4.707557564283342E+000  6.435944938329394E-007  3.997291371189829E-003  1.588696382334537E+000  2.984410049154962E-012
  7.000000000000000E+002  7.222390842215214E-009  4.775781872892397E+000  6.435288240934074E-007  3.952361611178669E-003  1.603899541309728E+000  2.954405965578651E-012
  7.200000000000000E+002  7.031383960181118E-009  4.912230404217710E+000  6.434028827404150E-007  3.866095303519910E-003  1.633882678026186E+000  2.896639712074472E-012
  7.300000000000000E+002  6.939683428125521E-009  4.980454648389921E+000  6.433424306630066E-007  3.824522669659945E-003  1.648770482634799E+000  2.868750571674822E-012
  7.400000000000000E+002  6.850405141679082E-009  5.048678871073570E+000  6.432835793528536E-007  3.783983303833382E-003  1.663556432185556E+000  2.841509466900350E-012
  7.500000000000000E+002  6.763453522903426E-009  5.116903072269553E+000  6.432262653947135E-007  3.744437802062810E-003  1.678242305905482E+000  2.814894827648130E-012
  7.600000000000000E+002  6.678737986727328E-009  5.185127251978575E+000  6.431704286990724E-007  3.705848800940389E-003  1.692829812789872E+000  2.788884675774205E-012
  7.700000000000000E+002  6.596172612422040E-009  5.253351410201335E+000  6.431160122837873E-007  3.668180757869416E-003  1.707320607641286E+000  2.763457693826188E-012
  7.800000000000000E+002  6.515675844907913E-009  5.321575546938584E+000  6.430629620745526E-007  3.631399880024496E-003  1.721716296774584E+000  2.738593478435645E-012
  8.000000000000000E+002  6.360629612856274E-009  5.458023734528295E+000  6.429607815499509E-007  3.560480894613692E-003  1.750138293106238E+000  2.690535551170871E-012
  8.200000000000000E+002  6.212970488105061E-009  5.594471836232779E+000  6.428634780772290E-007  3.492734261235483E-003  1.778202171934266E+000  2.644506577676750E-012
  8.400000000000000E+002  6.072178506210079E-009  5.730919852057181E+000  6.427707071992660E-007  3.427943683441773E-003  1.805918898062848E+000  2.600370266804040E-012
  8.600000000000000E+002  5.937781536335348E-009  5.867367782009091E+000  6.426821562793305E-007  3.365912564863249E-003  1.833298970211984E+000  2.558004833018428E-012
  8.800000000000000E+002  5.809349908353178E-009  6.003815626097831E+000  6.425975409078989E-007  3.306461698430878E-003  1.860352413877227E+000  2.517299460135105E-012
  9.000000000000000E+002  5.686491739889180E-009  6.140263384334140E+000  6.425166017821151E-007  3.249427320881016E-003  1.887088799878259E+000  2.478152771688529E-012
  9.200000000000000E+002  5.568848865363065E-009  6.276711056730011E+000  6.424391019896301E-007  3.194659456345073E-003  1.913517268333759E+000  2.440471749245040E-012
  9.400000000000000E+002  5.456093279813427E-009  6.413158643298563E+000  6.423648246375968E-007  3.142020477579381E-003  1.939646553511011E+000  2.404170842738738E-012
  9.600000000000000E+002  5.347924023591564E-009  6.549606144053945E+000  6.422935707769093E-007  3.091383847594283E-003  1.965485007992287E+000  2.369171209651198E-012
  9.800000000000000E+002  5.244064445629981E-009  6.686053559011264E+000  6.422251575797398E-007  3.042633014250136E-003  1.991040625559071E+000  2.335400053634976E-012
  1.000000000000000E+003  5.144259792744567E-009  6.822500888186510E+000  6.421594167350481E-007  2.995660435838983E-003  2.016321062594161E+000  2.302790044194542E-012
  1.020000000000000E+003  5.048275080554182E-009  6.958948131596494E+000  6.420961930322430E-007  2.950366719527988E-003  2.041333657979277E+000  2.271278804368813E-012
  1.040000000000000E+003  4.955893208363965E-009  7.095395289258802E+000  6.420353431077299E-007  2.906659857498302E-003  2.066085451544788E+000  2.240808456437911E-012
  1.060000000000000E+003  4.866913285995477E-009  7.231842361191722E+000  6.419767343328970E-007  2.864454547970825E-003  2.090583201161107E+000  2.211325217671510E-012
  1.080000000000000E+003  4.781149145256972E-009  7.368289347414223E+000  6.419202438252372E-007  2.823671590232067E-003  2.114833398572352E+000  2.182779039546948E-012
  1.100000000000000E+003  4.698428012694230E-009  7.504736247945883E+000  6.418657575669837E-007  2.784237344361614E-003  2.138842284073369E+000  2.155123284928036E-012
  1.120000000000000E+003  4.618589323580131E-009  7.641183062806863E+000  6.418131696178404E-007  2.746083247687069E-003  2.162615860126691E+000  2.128314438530726E-012
  1.140000000000000E+003  4.541483659898724E-009  7.777629792017855E+000  6.417623814102896E-007  2.709145381104201E-003  2.186159904009450E+000  2.102311846677557E-012
  1.160000000000000E+003  4.466971797445402E-009  7.914076435600056E+000  6.417133011175267E-007  2.673364079337953E-003  2.209479979572887E+000  2.077077482899431E-012
  1.180000000000000E+003  4.394923849171836E-009  8.050522993575120E+000  6.416658430854339E-007  2.638683580014854E-003  2.232581448189799E+000  2.052575736408448E-012
  1.200000000000000E+003  4.325218493611711E-009  8.186969465965124E+000  6.416199273211341E-007  2.605051707093255E-003  2.255469478958289E+000  2.028773220857400E-012
  1.220000000000000E+003  4.257742278680095E-009  8.323415852792541E+000  6.415754790316526E-007  2.572419584774655E-003  2.278149058223752E+000  2.005638601134406E-012
  1.240000000000000E+003  4.192388992385534E-009  8.459862154080207E+000  6.415324282070476E-007  2.540741378513041E-003  2.300624998475110E+000  1.983142436225177E-012
  1.260000000000000E+003  4.129059093062936E-009  8.596308369851283E+000  6.414907092430741E-007  2.509974060162981E-003  2.322901946666032E+000  1.961257036419036E-012
  1.280000000000000E+003  4.067659192654832E-009  8.732754500129243E+000  6.414502605990771E-007  2.480077194672034E-003  2.344984392007046E+000  1.939956333344500E-012
  1.300000000000000E+003  4.008101587361069E-009  8.869200544937828E+000  6.414110244873303E-007  2.451012746037780E-003  2.366876673270194E+000  1.919215761501288E-012
  1.320000000000000E+003  3.950303830662172E-009  9.005646504301035E+000  6.413729465904878E-007  2.422744900522216E-003  2.388582985644010E+000  1.899012150112497E-012
  1.340000000000000E+003  3.894188344314959E-009  9.142092378243087E+000  6.413359758042320E-007  2.395239905352420E-003  2.410107387173138E+000  1.879323624256974E-012
  1.360000000000000E+003  3.839682063434232E-009  9.278538166788406E+000  6.413000640025252E-007  2.368465921341704E-003  2.431453804813868E+000  1.860129514360477E-012
  1.380000000000000E+003  3.786716112222684E-009  9.414983869961601E+000  6.412651658231787E-007  2.342392888044329E-003  2.452626040134037E+000  1.841410273227844E-012
  1.400000000000000E+003  3.735225507302129E-009  9.551429487787425E+000  6.412312384717187E-007  2.316992400213010E-003  2.473627774683294E+000  1.823147399888923E-012
  1.450000000000000E+003  3.612615019151214E-009  9.892542999656577E+000  6.411504344773779E-007  2.256427364450293E-003  2.525112590842405E+000  1.779479322014689E-012
  1.460000000000000E+003  3.589059993419369E-009  9.960765680701318E+000  6.411349125264982E-007  2.244719391089858E-003  2.535369377985068E+000  1.771028060127193E-012
  1.480000000000000E+003  3.542888063212940E-009  1.009721095753594E+001  6.411044846208621E-007  2.221751589768573E-003  2.555725768490432E+000  1.754424782218722E-012
  1.500000000000000E+003  3.497916276221836E-009  1.023365614914359E+001  6.410748463574091E-007  2.199335362089532E-003  2.575928229761006E+000  1.738197845208381E-012
  1.520000000000000E+003  3.454097999443650E-009  1.037010125555121E+001  6.410459670423722E-007  2.177450245304178E-003  2.595979883664979E+000  1.722334140153158E-012
  1.540000000000000E+003  3.411388998882412E-009  1.050654627678512E+001  6.410178175625431E-007  2.156076751864385E-003  2.615883737300887E+000  1.706821051131270E-012
  1.560000000000000E+003  3.369747285613937E-009  1.064299121287132E+001  6.409903702838769E-007  2.135196338176183E-003  2.635642697062503E+000  1.691646474453988E-012
  1.580000000000000E+003  3.329132974114238E-009  1.077943606383559E+001  6.409635989581087E-007  2.114791354574964E-003  2.655259577820345E+000  1.676798828675778E-012
  1.600000000000000E+003  3.289508151494675E-009  1.091588082970355E+001  6.409374786365242E-007  2.094844995368978E-003  2.674737109285229E+000  1.662267046298518E-012
  1.650000000000000E+003  3.194579625572057E-009  1.125699221318330E+001  6.408748903444696E-007  2.046999417726764E-003  2.722594272444559E+000  1.627326620990511E-012
  1.660000000000000E+003  3.176252530332710E-009  1.132521446861509E+001  6.408628077777792E-007  2.037710144278753E-003  2.732132688547330E+000  1.620536364460681E-012
  1.680000000000000E+003  3.140240955742012E-009  1.146165889447718E+001  6.408390645441280E-007  2.019443803544946E-003  2.751080088410058E+000  1.607167488793384E-012
  1.700000000000000E+003  3.105055008401484E-009  1.159810323536539E+001  6.408158645022659E-007  2.001563017294928E-003  2.769900499477721E+000  1.594065421350306E-012
  1.720000000000000E+003  3.070666348634066E-009  1.173454749130629E+001  6.407931890091994E-007  1.984055188388038E-003  2.788596269038974E+000  1.581222019455989E-012
  1.740000000000000E+003  3.037047927180492E-009  1.187099166232580E+001  6.407710202712751E-007  1.966908242690549E-003  2.807169662189793E+000  1.568629382294839E-012
  1.760000000000000E+003  3.004173911590914E-009  1.200743574844940E+001  6.407493412957762E-007  1.950110620387844E-003  2.825622872462612E+000  1.556279875958643E-012
  1.780000000000000E+003  2.972019617954321E-009  1.214387974970226E+001  6.407281358459993E-007  1.933651253865889E-003  2.843958028584197E+000  1.544166149370768E-012
  1.800000000000000E+003  2.940561447369153E-009  1.228032366610931E+001  6.407073883994169E-007  1.917519544345927E-003  2.862177199043652E+000  1.532281135949488E-012
  1.820000000000000E+003  2.909776826688726E-009  1.241676749769531E+001  6.406870841086513E-007  1.901705338554197E-003  2.880282395468148E+000  1.520618047439542E-012
  1.840000000000000E+003  2.879644153166700E-009  1.255321124448482E+001  6.406672087650096E-007  1.886198906141931E-003  2.898275575308713E+000  1.509170364287352E-012
  1.860000000000000E+003  2.850142742684152E-009  1.268965490650224E+001  6.406477487643761E-007  1.870990918140884E-003  2.916158644100570E+000  1.497931824618206E-012
  1.880000000000000E+003  2.821252781278621E-009  1.282609848377183E+001  6.406286910752824E-007  1.856072426547783E-003  2.933933457445483E+000  1.486896412796824E-012
  1.900000000000000E+003  2.792955279725083E-009  1.296254197631765E+001  6.406100232089878E-007  1.841434845045648E-003  2.951601822801897E+000  1.476058348061739E-012
  1.950000000000000E+003  2.724707360022695E-009  1.330365017872134E+001  6.405649913290743E-007  1.806090689609384E-003  2.995130178011468E+000  1.449839739378649E-012
  1.960000000000000E+003  2.711458936902682E-009  1.337187179803180E+001  6.405562500602727E-007  1.799195755241923E-003  3.003810449358807E+000  1.444721139756173E-012
  1.980000000000000E+003  2.685355955557601E-009  1.350831495201804E+001  6.405390261268027E-007  1.785601704498437E-003  3.021071164009880E+000  1.434619397477024E-012
  2.000000000000000E+003  2.659761479004944E-009  1.364475802139490E+001  6.405221368050543E-007  1.772250384736013E-003  3.038233698636699E+000  1.424688803671013E-012
  2.020000000000000E+003  2.634660653819625E-009  1.378120100618666E+001  6.405055723277563E-007  1.759135077615599E-003  3.055299638418833E+000  1.414924963017784E-012
  2.040000000000000E+003  2.610039203427438E-009  1.391764390641691E+001  6.404893233069626E-007  1.746249296358129E-003  3.072270515833657E+000  1.405323568853788E-012
  2.060000000000000E+003  2.585883399858898E-009  1.405408672210877E+001  6.404733807155202E-007  1.733586787124065E-003  3.089147817993707E+000  1.395880425429326E-012
  2.080000000000000E+003  2.562180037339168E-009  1.419052945328499E+001  6.404577358697181E-007  1.721141522052647E-003  3.105932991185999E+000  1.386591462626154E-012
  2.100000000000000E+003  2.538916407493936E-009  1.432697209996803E+001  6.404423804129855E-007  1.708907690917621E-003  3.122627443852076E+000  1.377452741076267E-012
  2.150000000000000E+003  2.482617623321558E-009  1.466807818909493E+001  6.404052126597028E-007  1.679268606829007E-003  3.163814243756931E+000  1.355276889908467E-012
  2.200000000000000E+003  2.428810746435622E-009  1.500918375093415E+001  6.403696850729267E-007  1.650829262801464E-003  3.204470770708872E+000  1.333959441298858E-012
  2.250000000000000E+003  2.377332569386966E-009  1.535028878579500E+001  6.403356903340791E-007  1.623514655570963E-003  3.244615555083601E+000  1.313447368085305E-012
  2.300000000000000E+003  2.328033887967417E-009  1.569139329398643E+001  6.403031303345184E-007  1.597256220105976E-003  3.284266243911320E+000  1.293693063868703E-012
  2.350000000000000E+003  2.280778033803619E-009  1.603249727581225E+001  6.402719152088891E-007  1.571991037083799E-003  3.323439549755207E+000  1.274653010995343E-012
  2.400000000000000E+003  2.235439583753873E-009  1.637360073156934E+001  6.402419624856707E-007  1.547661223205431E-003  3.362151274172117E+000  1.256287171138467E-012
  2.450000000000000E+003  2.191903224399020E-009  1.671470366154698E+001  6.402131963401005E-007  1.524213419896735E-003  3.400416353069974E+000  1.238558580019432E-012
  2.500000000000000E+003  2.150062751119467E-009  1.705580606602657E+001  6.401855469357762E-007  1.501598350154369E-003  3.438248907333106E+000  1.221433030912381E-012
  2.550000000000000E+003  2.109820183774982E-009  1.739690794528158E+001  6.401589498430501E-007  1.479770429162448E-003  3.475662293077144E+000  1.204878808629046E-012
  2.600000000000000E+003  2.071084983529631E-009  1.773800929957744E+001  6.401333455239959E-007  1.458687419804198E-003  3.512669149639930E+000  1.188866458422929E-012
  2.650000000000000E+003  2.033773357604426E-009  1.807911012917175E+001  6.401086788752445E-007  1.438310126618570E-003  3.549281444750594E+000  1.173368582132660E-012
  2.700000000000000E+003  1.997807640657487E-009  1.842021043431422E+001  6.400848988212389E-007  1.418602123081437E-003  3.585510516804761E+000  1.158359656947307E-012
  2.750000000000000E+003  1.963115743113958E-009  1.876131021524688E+001  6.400619579515299E-007  1.399529507965301E-003  3.621367114349057E+000  1.143815873540626E-012
  2.800000000000000E+003  1.929630658137558E-009  1.910240947220419E+001  6.400398121966522E-007  1.381060687181199E-003  3.656861432936690E+000  1.129714991041115E-012
  2.850000000000000E+003  1.897290020092623E-009  1.944350820541319E+001  6.400184205378624E-007  1.363166178023247E-003  3.692003149529808E+000  1.116036206755335E-012
  2.900000000000000E+003  1.866035708325050E-009  1.978460641509368E+001  6.399977447466861E-007  1.345818433161967E-003  3.726801454621029E+000  1.102760038884351E-012
  2.950000000000000E+003  1.835813490921873E-009  2.012570410145842E+001  6.399777491507487E-007  1.328991682089434E-003  3.761265082236835E+000  1.089868220723437E-012
  3.000000000000000E+003  1.806572703816763E-009  2.046680126471330E+001  6.399584004228566E-007  1.312661788021521E-003  3.795402337973970E+000  1.077343605039233E-012
  3.050000000000000E+003  1.778265961212588E-009  2.080789790505757E+001  6.399396673906635E-007  1.296806118520057E-003  3.829221125208152E+000  1.065170077488797E-012
  3.100000000000000E+003  1.750848893808866E-009  2.114899402268404E+001  6.399215208646195E-007  1.281403428318126E-003  3.862728969603262E+000  1.053332478089388E-012
  3.150000000000000E+003  1.724279911765270E-009  2.149008961777929E+001  6.399039334821820E-007  1.266433753020946E-003  3.895933042038867E+000  1.041816529871086E-012
  3.200000000000000E+003  1.698519989713688E-009  2.183118469052392E+001  6.398868795665208E-007  1.251878312517820E-003  3.928840180064441E+000  1.030608773950414E-012
  3.250000000000000E+003  1.673532471460134E-009  2.217227924109277E+001  6.398703349981707E-007  1.237719423081358E-003  3.961456907980162E+000  1.019696510354509E-012
  3.300000000000000E+003  1.649282892302057E-009  2.251337326965510E+001  6.398542770982542E-007  1.223940417252039E-003  3.993789455636380E+000  1.009067744004672E-012
  3.350000000000000E+003  1.625738817132807E-009  2.285446677637489E+001  6.398386845220905E-007  1.210525570711893E-003  4.025843776036846E+000  9.987111353368031E-013
  3.400000000000000E+003  1.602869692718854E-009  2.319555976141102E+001  6.398235371621127E-007  1.197460035443017E-003  4.057625561824442E+000  9.886159550960984E-013
  3.450000000000000E+003  1.580646712721436E-009  2.353665222491749E+001  6.398088160591668E-007  1.184729778546777E-003  4.089140260722404E+000  9.787720428956222E-013
  3.500000000000000E+003  1.559042694196569E-009  2.387774416704368E+001  6.397945033213497E-007  1.172321526169540E-003  4.120393089998738E+000  9.691697691739610E-013
  3.550000000000000E+003  1.538031964449190E-009  2.421883558793454E+001  6.397805820496559E-007  1.160222712042040E-003  4.151389050016790E+000  9.598000002272275E-013
  3.600000000000000E+003  1.517590257241375E-009  2.455992648773080E+001  6.397670362697685E-007  1.148421430193216E-003  4.182132936930532E+000  9.506540660257741E-013
  3.650000000000000E+003  1.497694617463535E-009  2.490101686656920E+001  6.397538508694149E-007  1.136906391446582E-003  4.212629354579108E+000  9.417237305568882E-013
  3.700000000000000E+003  1.478323313473251E-009  2.524210672458271E+001  6.397410115407567E-007  1.125666883348768E-003  4.242882725631565E+000  9.330011644619945E-013
  3.750000000000000E+003  1.459455756390782E-009  2.558319606190067E+001  6.397285047273561E-007  1.114692733216554E-003  4.272897302029205E+000  9.244789197609222E-013
  3.800000000000000E+003  1.441072425714663E-009  2.592428487864907E+001  6.397163175752928E-007  1.103974274021112E-003  4.302677174769974E+000  9.161499064770912E-013
  3.900000000000000E+003  1.405693244522274E-009  2.660646043123312E+001  6.396928570594263E-007  1.083306938006682E-003  4.361323837289930E+000  9.000746553760201E-013
  4.000000000000000E+003  1.372039513529552E-009  2.728863390379778E+001  6.396705360223361E-007  1.063553757034104E-003  4.419086201123581E+000  8.846926153836206E-013
  4.050000000000000E+003  1.355816955249796E-009  2.762972012008574E+001  6.396597756480516E-007  1.053982983946159E-003  4.447750858797500E+000  8.772336884942757E-013
  4.100000000000000E+003  1.339980449882085E-009  2.797080581650333E+001  6.396492702749352E-007  1.044618892680066E-003  4.476202493553052E+000  8.699315346031062E-013
  4.150000000000000E+003  1.324516296341299E-009  2.831189099315846E+001  6.396390108763217E-007  1.035454648886139E-003  4.504444308854124E+000  8.627813874437630E-013
  4.200000000000000E+003  1.309411437239549E-009  2.865297565015442E+001  6.396289888488634E-007  1.026483677805179E-003  4.532479371957603E+000  8.557784179385791E-013
  4.250000000000000E+003  1.294653420792559E-009  2.899405978759261E+001  6.396191959875824E-007  1.017699685214536E-003  4.560310654682589E+000  8.489179435562901E-013
  4.300000000000000E+003  1.280230365914378E-009  2.933514340557320E+001  6.396096244629462E-007  1.009096651340143E-003  4.587941044340409E+000  8.421954712193870E-013
  4.400000000000000E+003  1.252349832810012E-009  3.001730856485080E+001  6.395911179109018E-007  9.924391643595493E-004  4.642416765277153E+000  8.291694990310350E-013
  4.500000000000000E+003  1.225678833070449E-009  3.069947164819384E+001  6.395734108791729E-007  9.764370079783840E-004  4.696128402020937E+000  8.166443987158745E-013
  4.600000000000000E+003  1.200139897044878E-009  3.138163265635416E+001  6.395564522950805E-007  9.610507722622859E-004  4.749096067764990E+000  8.045904587619268E-013
  4.650000000000000E+003  1.187770186460010E-009  3.172271264164154E+001  6.395482380132587E-007  9.535648930464641E-004  4.775397046645293E+000  7.987221697896922E-013
  4.700000000000000E+003  1.175657477132469E-009  3.206379210823594E+001  6.395401936768541E-007  9.462201455450602E-004  4.801517596825708E+000  7.929619062610815E-013
  4.750000000000000E+003  1.163793796157611E-009  3.240487105622630E+001  6.395323140280585E-007  9.390124474561899E-004  4.827459967371320E+000  7.873067668122134E-013
  4.800000000000000E+003  1.152171498207708E-009  3.274594948569973E+001  6.395245940246494E-007  9.319378482128495E-004  4.853226340026599E+000  7.817537936800171E-013
  4.900000000000000E+003  1.129626058035639E-009  3.342810427160629E+001  6.395096152864082E-007  9.181945560352974E-004  4.904069391203302E+000  7.709596977651162E-013
  5.000000000000000E+003  1.107961461922384E-009  3.411025698515427E+001  6.394952193103307E-007  9.049381744925247E-004  4.954239021115110E+000  7.605398700105107E-013
  5.100000000000000E+003  1.087126796891983E-009  3.479240762703369E+001  6.394813725047217E-007  8.921422806768857E-004  5.003750969947406E+000  7.504742154318734E-013
  5.200000000000000E+003  1.067075010611731E-009  3.547455619792427E+001  6.394680438201973E-007  8.797823855609887E-004  5.052620276395056E+000  7.407442277611704E-013
  5.300000000000000E+003  1.047762551323002E-009  3.615670269849790E+001  6.394552045128666E-007  8.678357326103574E-004  5.100861341951551E+000  7.313326772585896E-013
  5.400000000000000E+003  1.029149047368441E-009  3.683884712942145E+001  6.394428279335573E-007  8.562811459264813E-004  5.148487995596450E+000  7.222234974955940E-013
  5.500000000000000E+003  1.011197021485801E-009  3.752098949135849E+001  6.394308893398881E-007  8.450988956636780E-004  5.195513542550930E+000  7.134016953767640E-013
  5.600000000000000E+003  9.938716354805476E-010  3.820312978497058E+001  6.394193657282973E-007  8.342705762520656E-004  5.241950802721421E+000  7.048532664265989E-013
  5.700000000000000E+003  9.771404615295425E-010  3.888526801091770E+001  6.394082356835758E-007  8.237789963212248E-004  5.287812142989074E+000  6.965651158079465E-013
  5.800000000000000E+003  9.609732769096594E-010  3.956740416985899E+001  6.393974792437962E-007  8.136080793118999E-004  5.333109505349793E+000  6.885249858938652E-013
  5.900000000000000E+003  9.453418793890947E-010  4.024953826245302E+001  6.393870777788273E-007  8.037427737005999E-004  5.377854431878462E+000  6.807213903341209E-013
  6.000000000000000E+003  9.302199208892037E-010  4.093167028935802E+001  6.393770138808574E-007  7.941689718070215E-004  5.422058087073210E+000  6.731435541527523E-013
  6.100000000000000E+003  9.155827573376705E-010  4.161380025123208E+001  6.393672712655652E-007  7.848734362502232E-004  5.465731277962798E+000  6.657813593109070E-013
  6.200000000000000E+003  9.014073129006372E-010  4.229592814873319E+001  6.393578346827437E-007  7.758437332245883E-004  5.508884472277662E+000  6.586252951825872E-013
  6.300000000000000E+003  8.876719570100582E-010  4.297805398251936E+001  6.393486898353390E-007  7.670681718650810E-004  5.551527814935776E+000  6.516664134389723E-013
  6.400000000000000E+003  8.743563927990999E-010  4.366017775324850E+001  6.393398233059926E-007  7.585357490588595E-004  5.593671143059214E+000  6.448962868907918E-013
  6.500000000000000E+003  8.614415557278943E-010  4.434229946157837E+001  6.393312224902805E-007  7.502360991369431E-004  5.635323999708097E+000  6.383069718890237E-013
  6.600000000000000E+003  8.489095213284711E-010  4.502441910816651E+001  6.393228755359573E-007  7.421594479462788E-004  5.676495646494311E+000  6.318909739296021E-013
  6.700000000000000E+003  8.367434211246554E-010  4.570653669367005E+001  6.393147712875727E-007  7.342965708605956E-004  5.717195075215624E+000  6.256412161478164E-013
  6.800000000000000E+003  8.249273658929713E-010  4.638865221874563E+001  6.393068992359183E-007  7.266387543389544E-004  5.757431018632262E+000  6.195510104231018E-013
  6.900000000000000E+003  8.134463755265731E-010  4.707076568404914E+001  6.392992494718224E-007  7.191777606850248E-004  5.797211960491352E+000  6.136140308456054E-013
  7.000000000000000E+003  8.022863148479337E-010  4.775287709023557E+001  6.392918126438516E-007  7.119057956986592E-004  5.836546144890346E+000  6.078242893227814E-013
  7.100000000000000E+003  7.914338347891791E-010  4.843498643795886E+001  6.392845799195523E-007  7.048154789451102E-004  5.875441585057960E+000  6.021761131278926E-013
  7.200000000000000E+003  7.808763184230321E-010  4.911709372787166E+001  6.392775429498793E-007  6.978998163968660E-004  5.913906071620158E+000  5.966641242130752E-013
  7.300000000000000E+003  7.706018313835591E-010  4.979919896062518E+001  6.392706938365161E-007  6.911521752291210E-004  5.951947180409306E+000  5.912832201279417E-013
  7.400000000000000E+003  7.605990762653199E-010  5.048130213686889E+001  6.392640251018132E-007  6.845662605728411E-004  5.989572279866387E+000  5.860285564008851E-013
  7.500000000000000E+003  7.508573506330729E-010  5.116340325725049E+001  6.392575296611033E-007  6.781360940496323E-004  6.026788538078975E+000  5.808955302545931E-013
  7.600000000000000E+003  7.413665083125798E-010  5.184550232241560E+001  6.392512007971776E-007  6.718559939305172E-004  6.063602929491683E+000  5.758797655399875E-013
  7.700000000000000E+003  7.321169236670123E-010  5.252759933300769E+001  6.392450321367258E-007  6.657205567765855E-004  6.100022241320413E+000  5.709770987841182E-013
  7.800000000000000E+003  7.230994585935167E-010  5.320969428966780E+001  6.392390176285706E-007  6.597246404335633E-004  6.136053079697261E+000  5.661835662576163E-013
  7.900000000000000E+003  7.143054320011570E-010  5.389178719303455E+001  6.392331515235344E-007  6.538633482648587E-004  6.171701875569062E+000  5.614953919762969E-013
  8.000000000000000E+003  7.057265915551248E-010  5.457387804374380E+001  6.392274283557976E-007  6.481320145187886E-004  6.206974890369204E+000  5.569089765595312E-013
  8.100000000000000E+003  6.973550874931811E-010  5.525596684242868E+001  6.392218429256266E-007  6.425261907356432E-004  6.241878221479602E+000  5.524208868752163E-013
  8.200000000000000E+003  6.891834483390686E-010  5.593805358971942E+001  6.392163902833447E-007  6.370416331091239E-004  6.276417807497218E+000  5.480278464076036E-013
  8.300000000000000E+003  6.812045583543753E-010  5.662013828624320E+001  6.392110657144554E-007  6.316742907246561E-004  6.310599433317534E+000  5.437267262900625E-013
  8.400000000000000E+003  6.734116365853080E-010  5.730222093262412E+001  6.392058647258116E-007  6.264202946041917E-004  6.344428735045732E+000  5.395145369500387E-013
  8.500000000000000E+003  6.657982173742282E-010  5.798430152948305E+001  6.392007830327534E-007  6.212759474935267E-004  6.377911204744705E+000  5.353884203181891E-013
  8.600000000000000E+003  6.583581322178092E-010  5.866638007743763E+001  6.391958165471313E-007  6.162377143339042E-004  6.411052195028015E+000  5.313456425578689E-013
  8.700000000000000E+003  6.510854928644445E-010  5.934845657710216E+001  6.391909613661474E-007  6.113022133648358E-004  6.443856923504748E+000  5.273835872749963E-013
  8.800000000000000E+003  6.439746755532161E-010  6.003053102908751E+001  6.391862137619487E-007  6.064662078097567E-004  6.476330477082424E+000  5.234997491717494E-013
  8.900000000000000E+003  6.370203063054419E-010  6.071260343400117E+001  6.391815701719148E-007  6.017265981003068E-004  6.508477816133423E+000  5.196917281106670E-013
  9.000000000000000E+003  6.302172471876640E-010  6.139467379244714E+001  6.391770271895858E-007  5.970804145988520E-004  6.540303778529763E+000  5.159572235585751E-013
  9.100000000000000E+003  6.235605834720060E-010  6.207674210502595E+001  6.391725815561819E-007  5.925248107822712E-004  6.571813083550621E+000  5.122940293822865E-013
  9.200000000000000E+003  6.170456116262302E-010  6.275880837233459E+001  6.391682301526710E-007  5.880570568531570E-004  6.603010335666614E+000  5.087000289703758E-013
  9.400000000000000E+003  6.044252743244474E-010  6.412293273170199E+001  6.391597990327473E-007  5.793919855790550E-004  6.664187908358966E+000  5.017250223793438E-013
  9.600000000000000E+003  5.923198067614715E-010  6.548704892035111E+001  6.391517104407200E-007  5.710469056695607E-004  6.724181927358339E+000  4.950025651989094E-013
  9.800000000000000E+003  5.806981533936344E-010  6.685115694280813E+001  6.391439437729812E-007  5.630037087576978E-004  6.783024522606240E+000  4.885185108655118E-013
  1.000000000000000E+004  5.695317133071027E-010  6.821525680357121E+001  6.391364800511605E-007  5.552456601379897E-004  6.840746515567524E+000  4.822598058736789E-013
  1.020000000000000E+004  5.587941022966702E-010  6.957934850710060E+001  6.391293017648408E-007  5.477572671495185E-004  6.897377436120453E+000  4.762143692876682E-013
  1.040000000000000E+004  5.484609420033354E-010  7.094343205781301E+001  6.391223927321315E-007  5.405241628290456E-004  6.952945563133308E+000  4.703709965307811E-013
  1.060000000000000E+004  5.385096726124035E-010  7.230750746007952E+001  6.391157379758013E-007  5.335330029858568E-004  7.007477982853589E+000  4.647192752736176E-013
  1.080000000000000E+004  5.289193861360459E-010  7.367157471822571E+001  6.391093236130147E-007  5.267713750967332E-004  7.061000653505129E+000  4.592495131736036E-013
  1.100000000000000E+004  5.196706777081741E-010  7.503563383653233E+001  6.391031367569599E-007  5.202277171697908E-004  7.113538469901178E+000  4.539526747160154E-013
  1.120000000000000E+004  5.107455126688929E-010  7.639968481923664E+001  6.390971654289169E-007  5.138912451453340E-004  7.165115325611404E+000  4.488203251948996E-013
  1.140000000000000E+004  5.021271075190763E-010  7.776372767053378E+001  6.390913984794845E-007  5.077518877259256E-004  7.215754171817031E+000  4.438445806207646E-013
  1.160000000000000E+004  4.937998230858751E-010  7.912776239457835E+001  6.390858255178813E-007  5.018002277304209E-004  7.265477072608221E+000  4.390180627200831E-013
  1.180000000000000E+004  4.857490684622456E-010  8.049178899548602E+001  6.390804368483650E-007  4.960274492060002E-004  7.314305256726267E+000  4.343338583825022E-013
  1.200000000000000E+004  4.779612144733489E-010  8.185580747733515E+001  6.390752234129499E-007  4.904252896392590E-004  7.362259165860448E+000  4.297854830256846E-013
  1.210000000000000E+004  4.741613066025694E-010  8.253781468880473E+001  6.390726795497332E-007  4.876811115878167E-004  7.386020525523128E+000  4.275566807788930E-013
  1.220000000000000E+004  4.704224338026335E-010  8.321981987134551E+001  6.390701763745986E-007  4.849768504262349E-004  7.409568810727155E+000  4.253596504499815E-013
  1.230000000000000E+004  4.667431281665651E-010  8.390182302547365E+001  6.390677129117249E-007  4.823116093409963E-004  7.432906460669720E+000  4.231937014680102E-013
  1.240000000000000E+004  4.631219686659331E-010  8.458382415169994E+001  6.390652882163894E-007  4.796845174568110E-004  7.456035855482939E+000  4.210581553995529E-013
  1.260000000000000E+004  4.560496091385030E-010  8.594781829725684E+001  6.390605518274947E-007  4.745498875750557E-004  7.501478028766226E+000  4.168823251874588E-013
  1.280000000000000E+004  4.491937920009675E-010  8.731180433980381E+001  6.390559598520480E-007  4.695575583779142E-004  7.546121020722141E+000  4.128201079512635E-013
  1.300000000000000E+004  4.425446640877640E-010  8.867578228322924E+001  6.390515057370541E-007  4.647014514785653E-004  7.589981830868166E+000  4.088666849351563E-013
  1.320000000000000E+004  4.360929625748516E-010  9.003975213140603E+001  6.390471833213188E-007  4.599758399142336E-004  7.633076961492889E+000  4.050175286046133E-013
  1.340000000000000E+004  4.298299714218074E-010  9.140371388818517E+001  6.390429868065912E-007  4.553753206979368E-004  7.675422411137439E+000  4.012683705800108E-013
  1.360000000000000E+004  4.237474815748508E-010  9.276766755739379E+001  6.390389107311884E-007  4.508947909211025E-004  7.717033686636026E+000  3.976151793062438E-013
  1.380000000000000E+004  4.178377545806185E-010  9.413161314283494E+001  6.390349499458793E-007  4.465294265325792E-004  7.757925822890044E+000  3.940541419009688E-013
  1.400000000000000E+004  4.120934892868073E-010  9.549555064828820E+001  6.390310995918109E-007  4.422746631949987E-004  7.798113404165401E+000  3.905816487826010E-013
  1.420000000000000E+004  4.065077913323384E-010  9.685948007751030E+001  6.390273550802831E-007  4.381261788008478E-004  7.837610584836890E+000  3.871942799754509E-013
  1.440000000000000E+004  4.010741451590772E-010  9.822340143423578E+001  6.390237120741917E-007  4.340798774174669E-004  7.876431109078768E+000  3.838887926226500E-013
  1.460000000000000E+004  3.957863883054129E-010  9.958731472217778E+001  6.390201664709818E-007  4.301318745090899E-004  7.914588329430533E+000  3.806621095106730E-013
  1.480000000000000E+004  3.906386877675375E-010  1.009512199450285E+002  6.390167143869724E-007  4.262784833145745E-004  7.952095224267245E+000  3.775113084930518E-013
  1.500000000000000E+004  3.856255182368909E-010  1.023151171064600E+002  6.390133521429213E-007  4.225162022753332E-004  7.988964414226826E+000  3.744336127271203E-013
  1.520000000000000E+004  3.807416420422305E-010  1.036790062101247E+002  6.390100762507217E-007  4.188417034194051E-004  8.025208177653115E+000  3.714263816495436E-013
  1.540000000000000E+004  3.759820906424661E-010  1.050428872596556E+002  6.390068834011231E-007  4.152518216172233E-004  8.060838465115241E+000  3.684871026246783E-013
  1.560000000000000E+004  3.713421475320449E-010  1.064067602586673E+002  6.390037704523917E-007  4.117435446330404E-004  8.095866913063700E+000  3.656133832067031E-013
  1.580000000000000E+004  3.668173324345704E-010  1.077706252107562E+002  6.390007344198198E-007  4.083140039034503E-004  8.130304856681651E+000  3.628029439624938E-013
  1.600000000000000E+004  3.624033866726763E-010  1.091344821195007E+002  6.389977724660188E-007  4.049604659811079E-004  8.164163341987553E+000  3.600536118075222E-013
  1.620000000000000E+004  3.580962596131691E-010  1.104983309884622E+002  6.389948818919232E-007  4.016803245877321E-004  8.197453137242043E+000  3.573633138117780E-013
  1.640000000000000E+004  3.538920960962494E-010  1.118621718211846E+002  6.389920601284451E-007  3.984710932258329E-004  8.230184743708646E+000  3.547300714369023E-013
  1.660000000000000E+004  3.497872247663628E-010  1.132260046211954E+002  6.389893047287302E-007  3.953303983034117E-004  8.262368405814405E+000  3.521519951694505E-013
  1.680000000000000E+004  3.457781472300446E-010  1.145898293920056E+002  6.389866133609566E-007  3.922559727301969E-004  8.294014120753170E+000  3.496272795185350E-013
  1.700000000000000E+004  3.418615279731123E-010  1.159536461371102E+002  6.389839838016447E-007  3.892456499478262E-004  8.325131647570952E+000  3.471541983490489E-013
  1.720000000000000E+004  3.380341849758173E-010  1.173174548599882E+002  6.389814139294204E-007  3.862973583598365E-004  8.355730515769698E+000  3.447311005243269E-013
  1.740000000000000E+004  3.342930809701865E-010  1.186812555641032E+002  6.389789017192126E-007  3.834091161304099E-004  8.385820033462828E+000  3.423564058344432E-013
  1.760000000000000E+004  3.306353152888213E-010  1.200450482529030E+002  6.389764452368385E-007  3.805790263235797E-004  8.415409295113392E+000  3.400286011884584E-013
  1.780000000000000E+004  3.270581162589568E-010  1.214088329298209E+002  6.389740426339505E-007  3.778052723570774E-004  8.444507188882890E+000  3.377462370508071E-013
  1.800000000000000E+004  3.235588340996647E-010  1.227726095982747E+002  6.389716921433192E-007  3.750861137472338E-004  8.473122403616824E+000  3.355079241037212E-013
  1.820000000000000E+004  3.201349342837641E-010  1.241363782616675E+002  6.389693920744225E-007  3.724198821233484E-004  8.501263435490682E+000  3.333123301190998E-013
  1.840000000000000E+004  3.167839913293239E-010  1.255001389233881E+002  6.389671408093208E-007  3.698049774917545E-004  8.528938594338237E+000  3.311581770246222E-013
  1.860000000000000E+004  3.135036829886425E-010  1.268638915868103E+002  6.389649367987949E-007  3.672398647314504E-004  8.556156009682329E+000  3.290442381501444E-013
  1.880000000000000E+004  3.102917848053073E-010  1.282276362552941E+002  6.389627785587296E-007  3.647230703046569E-004  8.582923636486514E+000  3.269693356415601E-013
  1.900000000000000E+004  3.071461650123963E-010  1.295913729321851E+002  6.389606646667236E-007  3.622531791670098E-004  8.609249260644695E+000  3.249323380303298E-013
  1.920000000000000E+004  3.040647797471131E-010  1.309551016208147E+002  6.389585937589069E-007  3.598288318633305E-004  8.635140504224362E+000  3.229321579478214E-013
  1.940000000000000E+004  3.010456685591760E-010  1.323188223245008E+002  6.389565645269558E-007  3.574487217960385E-004  8.660604830477929E+000  3.209677499744706E-013
  1.960000000000000E+004  2.980869501921166E-010  1.336825350465471E+002  6.389545757152899E-007  3.551115926542912E-004  8.685649548635519E+000  3.190381086145354E-013
  1.980000000000000E+004  2.951868186183232E-010  1.350462397902438E+002  6.389526261184332E-007  3.528162359928674E-004  8.710281818491566E+000  3.171422663879472E-013
  2.000000000000000E+004  2.923435393101847E-010  1.364099365588675E+002  6.389507145785368E-007  3.505614889506651E-004  8.734508654796675E+000  3.152792920313990E-013
