 time    0.0000000000000000     
           4   4  0.000000000000000E+000
           3   4  0.000000000000000E+000
           2   4  0.000000000000000E+000
           1   4  0.000000000000000E+000
 time    1.0000000000000001E-009
           4   4  1.360877179259606E-011
           3   4  2.211672093050700E-011
           2   4  4.440933100387716E-011
           1   4  1.468871151370526E-010
 time    2.0000000000000001E-009
           4   4  2.721754358519212E-011
           3   4  4.423344186101399E-011
           2   4  8.881866200775431E-011
           1   4  2.937742302741051E-010
 time    4.0000000000000002E-009
           4   4  5.443508717038425E-011
           3   4  8.846688372202799E-011
           2   4  1.776373240155086E-010
           1   4  5.875484605482103E-010
 time    6.0000000000000008E-009
           4   4  8.165263075557636E-011
           3   4  1.327003255830420E-010
           2   4  2.664559860232629E-010
           1   4  8.813226908223156E-010
 time    8.0000000000000005E-009
           4   4  1.088701743407685E-010
           3   4  1.769337674440560E-010
           2   4  3.552746480310173E-010
           1   4  1.175096921096421E-009
 time    1.0000000000000000E-008
           4   4  1.360877179259606E-010
           3   4  2.211672093050700E-010
           2   4  4.440933100387716E-010
           1   4  1.468871151370526E-009
 time    1.5000000000000002E-008
           4   4  2.041315768889409E-010
           3   4  3.317508139576050E-010
           2   4  6.661399650581573E-010
           1   4  2.203306727055788E-009
 time    2.0000000000000000E-008
           4   4  2.721754358519212E-010
           3   4  4.423344186101400E-010
           2   4  8.881866200775432E-010
           1   4  2.937742302741051E-009
 time    3.0000000000000004E-008
           4   4  4.082631537778817E-010
           3   4  6.635016279152099E-010
           2   4  1.332279930116314E-009
           1   4  4.406613454111577E-009
 time    4.0000000000000001E-008
           4   4  5.443508717038424E-010
           3   4  8.846688372202799E-010
           2   4  1.776373240155086E-009
           1   4  5.875484605482102E-009
 time    6.0000000000000008E-008
           4   4  8.165263075557635E-010
           3   4  1.327003255830420E-009
           2   4  2.664559860232629E-009
           1   4  8.813226908223153E-009
 time    8.0000000000000002E-008
           4   4  1.088701743407685E-009
           3   4  1.769337674440560E-009
           2   4  3.552746480310173E-009
           1   4  1.175096921096420E-008
 time    9.9999999999999995E-008
           4   4  1.360877179259606E-009
           3   4  2.211672093050700E-009
           2   4  4.440933100387714E-009
           1   4  1.468871151370526E-008
 time    1.4999999999999999E-007
           4   4  2.041315768889409E-009
           3   4  3.317508139576049E-009
           2   4  6.661399650581573E-009
           1   4  2.203306727055789E-008
 time    1.9999999999999999E-007
           4   4  2.721754358519211E-009
           3   4  4.423344186101399E-009
           2   4  8.881866200775429E-009
           1   4  2.937742302741051E-008
 time    2.9999999999999999E-007
           4   4  4.082631537778818E-009
           3   4  6.635016279152099E-009
           2   4  1.332279930116315E-008
           1   4  4.406613454111577E-008
 time    3.9999999999999998E-007
           4   4  5.443508717038423E-009
           3   4  8.846688372202799E-009
           2   4  1.776373240155086E-008
           1   4  5.875484605482102E-008
 time    5.9999999999999997E-007
           4   4  8.165263075557635E-009
           3   4  1.327003255830420E-008
           2   4  2.664559860232629E-008
           1   4  8.813226908223154E-008
 time    7.9999999999999996E-007
           4   4  1.088701743407685E-008
           3   4  1.769337674440560E-008
           2   4  3.552746480310172E-008
           1   4  1.175096921096420E-007
 time    9.9999999999999995E-007
           4   4  1.360877179259606E-008
           3   4  2.211672093050700E-008
           2   4  4.440933100387715E-008
           1   4  1.468871151370526E-007
 time    1.5000000000000000E-006
           4   4  2.041315768889409E-008
           3   4  3.317508139576049E-008
           2   4  6.661399650581573E-008
           1   4  2.203306727055789E-007
 time    1.9999999999999999E-006
           4   4  2.721754358519212E-008
           3   4  4.423344186101400E-008
           2   4  8.881866200775431E-008
           1   4  2.937742302741051E-007
 time    3.0000000000000001E-006
           4   4  4.082631537778818E-008
           3   4  6.635016279152099E-008
           2   4  1.332279930116315E-007
           1   4  4.406613454111577E-007
 time    3.9999999999999998E-006
           4   4  5.443508717038424E-008
           3   4  8.846688372202799E-008
           2   4  1.776373240155086E-007
           1   4  5.875484605482101E-007
 time    6.0000000000000002E-006
           4   4  8.165263075557636E-008
           3   4  1.327003255830420E-007
           2   4  2.664559860232629E-007
           1   4  8.813226908223154E-007
 time    7.9999999999999996E-006
           4   4  1.088701743407685E-007
           3   4  1.769337674440560E-007
           2   4  3.552746480310172E-007
           1   4  1.175096921096420E-006
 time    9.9999999999999991E-006
           4   4  1.360877179259606E-007
           3   4  2.211672093050700E-007
           2   4  4.440933100387715E-007
           1   4  1.468871151370526E-006
 time    1.4999999999999999E-005
           4   4  2.041315768889409E-007
           3   4  3.317508139576050E-007
           2   4  6.661399650581573E-007
           1   4  2.203306727055788E-006
 time    1.9999999999999998E-005
           4   4  2.721754358519212E-007
           3   4  4.423344186101399E-007
           2   4  8.881866200775430E-007
           1   4  2.937742302741051E-006
 time    2.9999999999999997E-005
           4   4  4.082631537778816E-007
           3   4  6.635016279152096E-007
           2   4  1.332279930116314E-006
           1   4  4.406613454111575E-006
 time    3.9999999999999996E-005
           4   4  5.443508717038422E-007
           3   4  8.846688372202798E-007
           2   4  1.776373240155086E-006
           1   4  5.875484605482101E-006
 time    5.9999999999999995E-005
           4   4  8.165263075557630E-007
           3   4  1.327003255830419E-006
           2   4  2.664559860232628E-006
           1   4  8.813226908223148E-006
 time    7.9999999999999993E-005
           4   4  1.088701743407684E-006
           3   4  1.769337674440558E-006
           2   4  3.552746480310170E-006
           1   4  1.175096921096419E-005
 time    9.9999999999999991E-005
           4   4  1.360877179259605E-006
           3   4  2.211672093050698E-006
           2   4  4.440933100387713E-006
           1   4  1.468871151370525E-005
 time    1.4999999999999999E-004
           4   4  2.041315768889407E-006
           3   4  3.317508139576047E-006
           2   4  6.661399650581567E-006
           1   4  2.203306727055787E-005
 time    1.9999999999999998E-004
           4   4  2.721754358519209E-006
           3   4  4.423344186101395E-006
           2   4  8.881866200775422E-006
           1   4  2.937742302741048E-005
 time    2.9999999999999997E-004
           4   4  4.082631537778813E-006
           3   4  6.635016279152092E-006
           2   4  1.332279930116313E-005
           1   4  4.406613454111572E-005
 time    3.9999999999999996E-004
           4   4  5.443508717038418E-006
           3   4  8.846688372202789E-006
           2   4  1.776373240155084E-005
           1   4  5.875484605482096E-005
 time    5.9999999999999995E-004
           4   4  8.165263075557626E-006
           3   4  1.327003255830418E-005
           2   4  2.664559860232626E-005
           1   4  8.813226908223143E-005
 time    7.9999999999999993E-004
           4   4  1.088701743407684E-005
           3   4  1.769337674440558E-005
           2   4  3.552746480310169E-005
           1   4  1.175096921096419E-004
 time    1.0000000000000000E-003
           4   4  1.360877179259604E-005
           3   4  2.211672093050697E-005
           2   4  4.440933100387709E-005
           1   4  1.468871151370524E-004
 time    1.5000000000000000E-003
           4   4  2.041315768889406E-005
           3   4  3.317508139576046E-005
           2   4  6.661399650581566E-005
           1   4  2.203306727055786E-004
 time    2.0000000000000000E-003
           4   4  2.721754358519209E-005
           3   4  4.423344186101395E-005
           2   4  8.881866200775419E-005
           1   4  2.937742302741048E-004
 time    3.0000000000000001E-003
           4   4  4.082631537778813E-005
           3   4  6.635016279152092E-005
           2   4  1.332279930116313E-004
           1   4  4.406613454111572E-004
 time    4.0000000000000001E-003
           4   4  5.443508717038417E-005
           3   4  8.846688372202789E-005
           2   4  1.776373240155084E-004
           1   4  5.875484605482095E-004
 time    6.0000000000000001E-003
           4   4  8.165263075557625E-005
           3   4  1.327003255830418E-004
           2   4  2.664559860232626E-004
           1   4  8.813226908223143E-004
 time    8.0000000000000002E-003
           4   4  1.088701743407683E-004
           3   4  1.769337674440558E-004
           2   4  3.552746480310167E-004
           1   4  1.175096921096419E-003
 time    1.0000000000000000E-002
           4   4  1.360877179259604E-004
           3   4  2.211672093050697E-004
           2   4  4.440933100387710E-004
           1   4  1.468871151370524E-003
 time    1.4999999999999999E-002
           4   4  2.041315768889406E-004
           3   4  3.317508139576045E-004
           2   4  6.661399650581565E-004
           1   4  2.203306727055785E-003
 time    2.0000000000000000E-002
           4   4  2.721754358519209E-004
           3   4  4.423344186101393E-004
           2   4  8.881866200775419E-004
           1   4  2.937742302741047E-003
 time    2.9999999999999999E-002
           4   4  4.082631537778813E-004
           3   4  6.635016279152090E-004
           2   4  1.332279930116313E-003
           1   4  4.406613454111571E-003
 time    4.0000000000000001E-002
           4   4  5.443508717038418E-004
           3   4  8.846688372202787E-004
           2   4  1.776373240155084E-003
           1   4  5.875484605482094E-003
 time    5.9999999999999998E-002
           4   4  8.165263075557626E-004
           3   4  1.327003255830418E-003
           2   4  2.664559860232626E-003
           1   4  8.813226908223141E-003
 time    8.0000000000000002E-002
           4   4  1.088701743407684E-003
           3   4  1.769337674440557E-003
           2   4  3.552746480310168E-003
           1   4  1.175096921096419E-002
 time   0.10000000000000001     
           4   4  1.360877179259604E-003
           3   4  2.211672093050697E-003
           2   4  4.440933100387711E-003
           1   4  1.468871151370524E-002
 time   0.15000000000000002     
           4   4  2.041315768889406E-003
           3   4  3.317508139576046E-003
           2   4  6.661399650581565E-003
           1   4  2.203306727055786E-002
 time   0.20000000000000001     
           4   4  2.721754358519209E-003
           3   4  4.423344186101394E-003
           2   4  8.881866200775421E-003
           1   4  2.937742302741047E-002
 time   0.30000000000000004     
           4   4  4.082631537778813E-003
           3   4  6.635016279152092E-003
           2   4  1.332279930116313E-002
           1   4  4.406613454111571E-002
 time   0.40000000000000002     
           4   4  5.443508717038417E-003
           3   4  8.846688372202788E-003
           2   4  1.776373240155084E-002
           1   4  5.875484605482095E-002
 time   0.60000000000000009     
           4   4  8.165263075557625E-003
           3   4  1.327003255830418E-002
           2   4  2.664559860232626E-002
           1   4  8.813226908223143E-002
 time   0.80000000000000004     
           4   4  1.088701743407683E-002
           3   4  1.769337674440558E-002
           2   4  3.552746480310168E-002
           1   4  1.175096921096419E-001
 time    1.0000000000000000     
           4   4  1.360877179259604E-002
           3   4  2.211672093050697E-002
           2   4  4.440933100387710E-002
           1   4  1.468871151370524E-001
 time    1.5000000000000000     
           4   4  2.041315768889406E-002
           3   4  3.317508139576045E-002
           2   4  6.661399650581565E-002
           1   4  2.203306727055785E-001
 time    2.0000000000000000     
           4   4  2.721754358519209E-002
           3   4  4.423344186101394E-002
           2   4  8.881866200775421E-002
           1   4  2.937742302741047E-001
 time    3.0000000000000000     
           4   4  4.082631537778812E-002
           3   4  6.635016279152091E-002
           2   4  1.332279930116313E-001
           1   4  4.406613454111571E-001
 time    4.0000000000000000     
           4   4  5.443508717038417E-002
           3   4  8.846688372202788E-002
           2   4  1.776373240155084E-001
           1   4  5.875484605482094E-001
 time    6.0000000000000000     
           4   4  8.165263075557624E-002
           3   4  1.327003255830418E-001
           2   4  2.664559860232625E-001
           1   4  8.813226908223142E-001
 time    8.0000000000000000     
           4   4  1.088701743407683E-001
           3   4  1.769337674440558E-001
           2   4  3.552746480310168E-001
           1   4  1.175096921096419E+000
 time    10.000000000000000     
           4   4  1.360877179259604E-001
           3   4  2.211672093050697E-001
           2   4  4.440933100387710E-001
           1   4  1.468871151370523E+000
 time    15.000000000000000     
           4   4  2.041315768889406E-001
           3   4  3.317508139576045E-001
           2   4  6.661399650581565E-001
           1   4  2.203306727055785E+000
 time    20.000000000000000     
           4   4  2.721754358519208E-001
           3   4  4.423344186101394E-001
           2   4  8.881866200775420E-001
           1   4  2.937742302741047E+000
 time    30.000000000000000     
           4   4  4.082631537778812E-001
           3   4  6.635016279152091E-001
           2   4  1.332279930116313E+000
           1   4  4.406613454111571E+000
 time    40.000000000000000     
           4   4  5.443508717038417E-001
           3   4  8.846688372202788E-001
           2   4  1.776373240155084E+000
           1   4  5.875484605482094E+000
 time    60.000000000000000     
           4   4  8.165263075557625E-001
           3   4  1.327003255830418E+000
           2   4  2.664559860232626E+000
           1   4  8.813226908223141E+000
 time    80.000000000000000     
           4   4  1.088701743407683E+000
           3   4  1.769337674440558E+000
           2   4  3.552746480310168E+000
           1   4  1.175096921096419E+001
 time    100.00000000000000     
           4   4  1.360877179259604E+000
           3   4  2.211672093050697E+000
           2   4  4.440933100387710E+000
           1   4  1.468871151370524E+001
 time    150.00000000000000     
           4   4  2.041315768889406E+000
           3   4  3.317508139576045E+000
           2   4  6.661399650581566E+000
           1   4  2.203306727055785E+001
 time    200.00000000000000     
           4   4  2.721754358519208E+000
           3   4  4.423344186101393E+000
           2   4  8.881866200775420E+000
           1   4  2.937742302741047E+001
 time    300.00000000000000     
           4   4  4.082631537778813E+000
           3   4  6.635016279152090E+000
           2   4  1.332279930116313E+001
           1   4  4.406613454111571E+001
 time    400.00000000000000     
           4   4  5.443508717038417E+000
           3   4  8.846688372202786E+000
           2   4  1.776373240155084E+001
           1   4  5.875484605482094E+001
 time    600.00000000000000     
           4   4  8.165263075557625E+000
           3   4  1.327003255830418E+001
           2   4  2.664559860232626E+001
           1   4  8.813226908223142E+001
 time    800.00000000000000     
           4   4  1.088701743407683E+001
           3   4  1.769337674440557E+001
           2   4  3.552746480310168E+001
           1   4  1.175096921096419E+002
 time    1000.0000000000000     
           4   4  1.360877179259604E+001
           3   4  2.211672093050697E+001
           2   4  4.440933100387711E+001
           1   4  1.468871151370523E+002
 time    1200.0000000000000     
           4   4  1.633052615111525E+001
           3   4  2.654006511660836E+001
           2   4  5.329119720465253E+001
           1   4  1.762645381644628E+002
 time    1400.0000000000000     
           4   4  1.905228050963446E+001
           3   4  3.096340930270976E+001
           2   4  6.217306340542792E+001
           1   4  2.056419611918733E+002
 time    1600.0000000000000     
           4   4  2.177403486815367E+001
           3   4  3.538675348881115E+001
           2   4  7.105492960620336E+001
           1   4  2.350193842192838E+002
 time    1800.0000000000000     
           4   4  2.449578922667288E+001
           3   4  3.981009767491254E+001
           2   4  7.993679580697878E+001
           1   4  2.643968072466943E+002
 time    2000.0000000000000     
           4   4  2.721754358519209E+001
           3   4  4.423344186101394E+001
           2   4  8.881866200775418E+001
           1   4  2.937742302741048E+002
 time    2200.0000000000000     
           4   4  2.993929794371130E+001
           3   4  4.865678604711533E+001
           2   4  9.770052820852960E+001
           1   4  3.231516533015152E+002
 time    2400.0000000000000     
           4   4  3.266105230223051E+001
           3   4  5.308013023321672E+001
           2   4  1.065823944093051E+002
           1   4  3.525290763289257E+002
 time    2600.0000000000000     
           4   4  3.538280666074971E+001
           3   4  5.750347441931811E+001
           2   4  1.154642606100804E+002
           1   4  3.819064993563362E+002
 time    2800.0000000000000     
           4   4  3.810456101926891E+001
           3   4  6.192681860541951E+001
           2   4  1.243461268108558E+002
           1   4  4.112839223837466E+002
 time    3000.0000000000000     
           4   4  4.082631537778813E+001
           3   4  6.635016279152090E+001
           2   4  1.332279930116313E+002
           1   4  4.406613454111571E+002
 time    3200.0000000000000     
           4   4  4.354806973630733E+001
           3   4  7.077350697762230E+001
           2   4  1.421098592124067E+002
           1   4  4.700387684385676E+002
 time    3400.0000000000000     
           4   4  4.626982409482654E+001
           3   4  7.519685116372369E+001
           2   4  1.509917254131821E+002
           1   4  4.994161914659781E+002
 time    3600.0000000000000     
           4   4  4.899157845334575E+001
           3   4  7.962019534982510E+001
           2   4  1.598735916139575E+002
           1   4  5.287936144933885E+002
 time    3800.0000000000000     
           4   4  5.171333281186497E+001
           3   4  8.404353953592648E+001
           2   4  1.687554578147330E+002
           1   4  5.581710375207990E+002
 time    4000.0000000000000     
           4   4  5.443508717038417E+001
           3   4  8.846688372202789E+001
           2   4  1.776373240155084E+002
           1   4  5.875484605482095E+002
 time    4200.0000000000000     
           4   4  5.715684152890338E+001
           3   4  9.289022790812928E+001
           2   4  1.865191902162838E+002
           1   4  6.169258835756200E+002
 time    4400.0000000000000     
           4   4  5.987859588742260E+001
           3   4  9.731357209423066E+001
           2   4  1.954010564170592E+002
           1   4  6.463033066030304E+002
 time    4600.0000000000000     
           4   4  6.260035024594179E+001
           3   4  1.017369162803321E+002
           2   4  2.042829226178347E+002
           1   4  6.756807296304410E+002
 time    4800.0000000000000     
           4   4  6.532210460446102E+001
           3   4  1.061602604664335E+002
           2   4  2.131647888186101E+002
           1   4  7.050581526578515E+002
 time    5000.0000000000000     
           4   4  6.804385896298021E+001
           3   4  1.105836046525348E+002
           2   4  2.220466550193855E+002
           1   4  7.344355756852617E+002
 time    5200.0000000000000     
           4   4  7.076561332149943E+001
           3   4  1.150069488386362E+002
           2   4  2.309285212201609E+002
           1   4  7.638129987126724E+002
 time    5400.0000000000000     
           4   4  7.348736768001864E+001
           3   4  1.194302930247377E+002
           2   4  2.398103874209363E+002
           1   4  7.931904217400828E+002
 time    5600.0000000000000     
           4   4  7.620912203853784E+001
           3   4  1.238536372108390E+002
           2   4  2.486922536217118E+002
           1   4  8.225678447674933E+002
 time    5800.0000000000000     
           4   4  7.893087639705706E+001
           3   4  1.282769813969404E+002
           2   4  2.575741198224872E+002
           1   4  8.519452677949039E+002
 time    6000.0000000000000     
           4   4  8.165263075557627E+001
           3   4  1.327003255830418E+002
           2   4  2.664559860232627E+002
           1   4  8.813226908223141E+002
 time    6200.0000000000000     
           4   4  8.437438511409549E+001
           3   4  1.371236697691432E+002
           2   4  2.753378522240380E+002
           1   4  9.107001138497246E+002
 time    6400.0000000000000     
           4   4  8.709613947261468E+001
           3   4  1.415470139552446E+002
           2   4  2.842197184248135E+002
           1   4  9.400775368771352E+002
 time    6600.0000000000000     
           4   4  8.981789383113389E+001
           3   4  1.459703581413460E+002
           2   4  2.931015846255889E+002
           1   4  9.694549599045457E+002
 time    6800.0000000000000     
           4   4  9.253964818965311E+001
           3   4  1.503937023274474E+002
           2   4  3.019834508263643E+002
           1   4  9.988323829319562E+002
 time    7000.0000000000000     
           4   4  9.526140254817230E+001
           3   4  1.548170465135487E+002
           2   4  3.108653170271397E+002
           1   4  1.028209805959367E+003
 time    7200.0000000000000     
           4   4  9.798315690669152E+001
           3   4  1.592403906996502E+002
           2   4  3.197471832279151E+002
           1   4  1.057587228986777E+003
 time    7400.0000000000000     
           4   4  1.007049112652107E+002
           3   4  1.636637348857516E+002
           2   4  3.286290494286906E+002
           1   4  1.086964652014188E+003
 time    7600.0000000000000     
           4   4  1.034266656237299E+002
           3   4  1.680870790718529E+002
           2   4  3.375109156294660E+002
           1   4  1.116342075041598E+003
 time    7800.0000000000000     
           4   4  1.061484199822491E+002
           3   4  1.725104232579544E+002
           2   4  3.463927818302414E+002
           1   4  1.145719498069009E+003
 time    8000.0000000000000     
           4   4  1.088701743407684E+002
           3   4  1.769337674440557E+002
           2   4  3.552746480310169E+002
           1   4  1.175096921096419E+003
 time    8200.0000000000000     
           4   4  1.115919286992875E+002
           3   4  1.813571116301571E+002
           2   4  3.641565142317922E+002
           1   4  1.204474344123829E+003
 time    8400.0000000000000     
           4   4  1.143136830578068E+002
           3   4  1.857804558162586E+002
           2   4  3.730383804325677E+002
           1   4  1.233851767151240E+003
 time    8600.0000000000000     
           4   4  1.170354374163260E+002
           3   4  1.902038000023599E+002
           2   4  3.819202466333431E+002
           1   4  1.263229190178650E+003
 time    8800.0000000000000     
           4   4  1.197571917748452E+002
           3   4  1.946271441884613E+002
           2   4  3.908021128341185E+002
           1   4  1.292606613206061E+003
 time    9000.0000000000000     
           4   4  1.224789461333644E+002
           3   4  1.990504883745627E+002
           2   4  3.996839790348940E+002
           1   4  1.321984036233472E+003
 time    9200.0000000000000     
           4   4  1.252007004918836E+002
           3   4  2.034738325606641E+002
           2   4  4.085658452356694E+002
           1   4  1.351361459260882E+003
 time    9400.0000000000000     
           4   4  1.279224548504028E+002
           3   4  2.078971767467655E+002
           2   4  4.174477114364448E+002
           1   4  1.380738882288292E+003
 time    9600.0000000000000     
           4   4  1.306442092089220E+002
           3   4  2.123205209328669E+002
           2   4  4.263295776372202E+002
           1   4  1.410116305315703E+003
 time    9800.0000000000000     
           4   4  1.333659635674412E+002
           3   4  2.167438651189683E+002
           2   4  4.352114438379957E+002
           1   4  1.439493728343113E+003
 time    10000.000000000000     
           4   4  1.360877179259604E+002
           3   4  2.211672093050697E+002
           2   4  4.440933100387711E+002
           1   4  1.468871151370524E+003
 time    10200.000000000000     
           4   4  1.388094722844796E+002
           3   4  2.255905534911710E+002
           2   4  4.529751762395465E+002
           1   4  1.498248574397934E+003
 time    10400.000000000000     
           4   4  1.415312266429988E+002
           3   4  2.300138976772724E+002
           2   4  4.618570424403219E+002
           1   4  1.527625997425345E+003
 time    10600.000000000000     
           4   4  1.442529810015180E+002
           3   4  2.344372418633738E+002
           2   4  4.707389086410973E+002
           1   4  1.557003420452755E+003
 time    10800.000000000000     
           4   4  1.469747353600372E+002
           3   4  2.388605860494752E+002
           2   4  4.796207748418727E+002
           1   4  1.586380843480166E+003
 time    11000.000000000000     
           4   4  1.496964897185564E+002
           3   4  2.432839302355765E+002
           2   4  4.885026410426481E+002
           1   4  1.615758266507577E+003
 time    11200.000000000000     
           4   4  1.524182440770756E+002
           3   4  2.477072744216780E+002
           2   4  4.973845072434235E+002
           1   4  1.645135689534987E+003
 time    11400.000000000000     
           4   4  1.551399984355948E+002
           3   4  2.521306186077793E+002
           2   4  5.062663734441990E+002
           1   4  1.674513112562397E+003
 time    11600.000000000000     
           4   4  1.578617527941140E+002
           3   4  2.565539627938807E+002
           2   4  5.151482396449744E+002
           1   4  1.703890535589808E+003
 time    11800.000000000000     
           4   4  1.605835071526333E+002
           3   4  2.609773069799821E+002
           2   4  5.240301058457499E+002
           1   4  1.733267958617218E+003
 time    12000.000000000000     
           4   4  1.633052615111525E+002
           3   4  2.654006511660835E+002
           2   4  5.329119720465253E+002
           1   4  1.762645381644629E+003
 time    12200.000000000000     
           4   4  1.660270158696717E+002
           3   4  2.698239953521849E+002
           2   4  5.417938382473006E+002
           1   4  1.792022804672039E+003
 time    12400.000000000000     
           4   4  1.687487702281909E+002
           3   4  2.742473395382862E+002
           2   4  5.506757044480761E+002
           1   4  1.821400227699450E+003
 time    12600.000000000000     
           4   4  1.714705245867101E+002
           3   4  2.786706837243876E+002
           2   4  5.595575706488515E+002
           1   4  1.850777650726860E+003
 time    12800.000000000000     
           4   4  1.741922789452293E+002
           3   4  2.830940279104890E+002
           2   4  5.684394368496269E+002
           1   4  1.880155073754271E+003
 time    13000.000000000000     
           4   4  1.769140333037485E+002
           3   4  2.875173720965905E+002
           2   4  5.773213030504023E+002
           1   4  1.909532496781682E+003
 time    13200.000000000000     
           4   4  1.796357876622677E+002
           3   4  2.919407162826918E+002
           2   4  5.862031692511778E+002
           1   4  1.938909919809092E+003
 time    13400.000000000000     
           4   4  1.823575420207869E+002
           3   4  2.963640604687932E+002
           2   4  5.950850354519532E+002
           1   4  1.968287342836503E+003
 time    13600.000000000000     
           4   4  1.850792963793062E+002
           3   4  3.007874046548945E+002
           2   4  6.039669016527287E+002
           1   4  1.997664765863913E+003
 time    13800.000000000000     
           4   4  1.878010507378254E+002
           3   4  3.052107488409959E+002
           2   4  6.128487678535040E+002
           1   4  2.027042188891323E+003
 time    14000.000000000000     
           4   4  1.905228050963445E+002
           3   4  3.096340930270973E+002
           2   4  6.217306340542794E+002
           1   4  2.056419611918734E+003
 time    14200.000000000000     
           4   4  1.932445594548638E+002
           3   4  3.140574372131987E+002
           2   4  6.306125002550548E+002
           1   4  2.085797034946144E+003
 time    14400.000000000000     
           4   4  1.959663138133830E+002
           3   4  3.184807813993001E+002
           2   4  6.394943664558302E+002
           1   4  2.115174457973555E+003
 time    14600.000000000000     
           4   4  1.986880681719022E+002
           3   4  3.229041255854016E+002
           2   4  6.483762326566056E+002
           1   4  2.144551881000965E+003
 time    14800.000000000000     
           4   4  2.014098225304214E+002
           3   4  3.273274697715029E+002
           2   4  6.572580988573810E+002
           1   4  2.173929304028376E+003
 time    15000.000000000000     
           4   4  2.041315768889406E+002
           3   4  3.317508139576043E+002
           2   4  6.661399650581565E+002
           1   4  2.203306727055786E+003
 time    15200.000000000000     
           4   4  2.068533312474598E+002
           3   4  3.361741581437057E+002
           2   4  6.750218312589319E+002
           1   4  2.232684150083197E+003
 time    15400.000000000000     
           4   4  2.095750856059790E+002
           3   4  3.405975023298070E+002
           2   4  6.839036974597075E+002
           1   4  2.262061573110607E+003
 time    15600.000000000000     
           4   4  2.122968399644982E+002
           3   4  3.450208465159084E+002
           2   4  6.927855636604827E+002
           1   4  2.291438996138018E+003
 time    15800.000000000000     
           4   4  2.150185943230174E+002
           3   4  3.494441907020098E+002
           2   4  7.016674298612581E+002
           1   4  2.320816419165428E+003
 time    16000.000000000000     
           4   4  2.177403486815366E+002
           3   4  3.538675348881112E+002
           2   4  7.105492960620335E+002
           1   4  2.350193842192838E+003
 time    16200.000000000000     
           4   4  2.204621030400558E+002
           3   4  3.582908790742126E+002
           2   4  7.194311622628089E+002
           1   4  2.379571265220249E+003
 time    16400.000000000000     
           4   4  2.231838573985750E+002
           3   4  3.627142232603140E+002
           2   4  7.283130284635844E+002
           1   4  2.408948688247660E+003
 time    16600.000000000000     
           4   4  2.259056117570942E+002
           3   4  3.671375674464154E+002
           2   4  7.371948946643598E+002
           1   4  2.438326111275071E+003
 time    16800.000000000000     
           4   4  2.286273661156135E+002
           3   4  3.715609116325168E+002
           2   4  7.460767608651352E+002
           1   4  2.467703534302480E+003
 time    17000.000000000000     
           4   4  2.313491204741327E+002
           3   4  3.759842558186181E+002
           2   4  7.549586270659105E+002
           1   4  2.497080957329892E+003
 time    17200.000000000000     
           4   4  2.340708748326518E+002
           3   4  3.804076000047195E+002
           2   4  7.638404932666859E+002
           1   4  2.526458380357301E+003
 time    17400.000000000000     
           4   4  2.367926291911710E+002
           3   4  3.848309441908209E+002
           2   4  7.727223594674614E+002
           1   4  2.555835803384713E+003
 time    17600.000000000000     
           4   4  2.395143835496903E+002
           3   4  3.892542883769222E+002
           2   4  7.816042256682367E+002
           1   4  2.585213226412122E+003
 time    17800.000000000000     
           4   4  2.422361379082095E+002
           3   4  3.936776325630236E+002
           2   4  7.904860918690122E+002
           1   4  2.614590649439533E+003
 time    18000.000000000000     
           4   4  2.449578922667287E+002
           3   4  3.981009767491250E+002
           2   4  7.993679580697875E+002
           1   4  2.643968072466944E+003
 time    18200.000000000000     
           4   4  2.476796466252478E+002
           3   4  4.025243209352264E+002
           2   4  8.082498242705628E+002
           1   4  2.673345495494354E+003
 time    18400.000000000000     
           4   4  2.504014009837671E+002
           3   4  4.069476651213278E+002
           2   4  8.171316904713384E+002
           1   4  2.702722918521764E+003
 time    18600.000000000000     
           4   4  2.531231553422863E+002
           3   4  4.113710093074292E+002
           2   4  8.260135566721137E+002
           1   4  2.732100341549175E+003
 time    18800.000000000000     
           4   4  2.558449097008055E+002
           3   4  4.157943534935305E+002
           2   4  8.348954228728891E+002
           1   4  2.761477764576586E+003
 time    19000.000000000000     
           4   4  2.585666640593247E+002
           3   4  4.202176976796320E+002
           2   4  8.437772890736646E+002
           1   4  2.790855187603996E+003
 time    19200.000000000000     
           4   4  2.612884184178439E+002
           3   4  4.246410418657334E+002
           2   4  8.526591552744399E+002
           1   4  2.820232610631406E+003
 time    19400.000000000000     
           4   4  2.640101727763631E+002
           3   4  4.290643860518348E+002
           2   4  8.615410214752153E+002
           1   4  2.849610033658817E+003
 time    19600.000000000000     
           4   4  2.667319271348823E+002
           3   4  4.334877302379362E+002
           2   4  8.704228876759906E+002
           1   4  2.878987456686227E+003
 time    19800.000000000000     
           4   4  2.694536814934015E+002
           3   4  4.379110744240376E+002
           2   4  8.793047538767662E+002
           1   4  2.908364879713638E+003
 time    20000.000000000000     
           4   4  2.721754358519207E+002
           3   4  4.423344186101390E+002
           2   4  8.881866200775416E+002
           1   4  2.937742302741048E+003
