! time                    visible_loop_density    visible_loop_diameter   
  0.000000000000000E+000  0.000000000000000E+000  0.000000000000000E+000
  1.000000000000000E-001  1.497854026399338E-005  1.114033854828022E+000
  2.000000000000001E-001  7.162258564297585E-005  1.146398057722894E+000
  3.000000000000002E-001  1.674024864160508E-004  1.170596696525395E+000
  4.000000000000003E-001  2.947795075062860E-004  1.191416286701751E+000
  5.000000000000003E-001  4.437712108635957E-004  1.208821130674591E+000
  6.000000000000004E-001  6.084473068880991E-004  1.223827541867228E+000
  7.000000000000005E-001  7.859746611177916E-004  1.237723830711233E+000
  8.000000000000006E-001  9.715482614119074E-004  1.249829817483989E+000
  9.000000000000007E-001  1.163190719884520E-003  1.260518974200022E+000
  1.000000000000001E+000  1.359446901259130E-003  1.270049654629014E+000
  1.100000000000001E+000  1.559217334060485E-003  1.278611593542268E+000
  1.200000000000001E+000  1.761651802511371E-003  1.286349914531628E+000
  1.300000000000001E+000  1.966081875429564E-003  1.293378625131743E+000
  1.400000000000001E+000  2.171981390627548E-003  1.299788410338500E+000
  1.500000000000001E+000  2.378825551862656E-003  1.305565168093237E+000
  1.600000000000001E+000  2.586543213970455E-003  1.310881170182780E+000
  1.700000000000001E+000  2.794963131686315E-003  1.315764260578937E+000
  1.800000000000001E+000  3.004127372274173E-003  1.320231395059352E+000
  1.900000000000001E+000  3.214361170437708E-003  1.324278959662410E+000
  2.000000000000001E+000  3.426382111975396E-003  1.327879104679422E+000
  2.100000000000001E+000  3.641426764713962E-003  1.330977196088665E+000
  2.200000000000002E+000  3.861365717000160E-003  1.333492941607855E+000
  2.300000000000002E+000  4.088754397265325E-003  1.335328627071896E+000
  2.400000000000002E+000  4.326756684826701E-003  1.336386912607151E+000
  2.500000000000002E+000  4.578900735971108E-003  1.336596882742446E+000
  2.600000000000002E+000  4.848682544879909E-003  1.335941829368089E+000
  2.700000000000002E+000  5.139097135995897E-003  1.334478924308511E+000
  2.800000000000002E+000  5.452214141520657E-003  1.332342475390784E+000
  2.900000000000002E+000  5.788903495007533E-003  1.329728684112866E+000
  3.000000000000002E+000  6.148765939798581E-003  1.326867157508453E+000
  3.100000000000002E+000  6.530259451305463E-003  1.323988654781919E+000
  3.200000000000002E+000  6.930964226621195E-003  1.321297970900754E+000
  3.300000000000002E+000  7.347909428936224E-003  1.318956951502906E+000
  3.400000000000002E+000  7.779274477330468E-003  1.317136070498642E+000
  3.500000000000002E+000  8.219684382899632E-003  1.315869035277584E+000
  3.600000000000001E+000  8.666343457608389E-003  1.315166950291294E+000
  3.700000000000001E+000  9.116807315391016E-003  1.315012747687037E+000
  3.800000000000001E+000  9.569010423925831E-003  1.315369985462409E+000
  3.900000000000000E+000  1.002125885279791E-002  1.316190130929189E+000
  4.000000000000000E+000  1.047220171622558E-002  1.317418238439438E+000
  4.100000000000000E+000  1.092079173103448E-002  1.318997176551974E+000
  4.199999999999999E+000  1.136624215319506E-002  1.320870645034337E+000
  4.299999999999999E+000  1.180798467386790E-002  1.322985225656773E+000
  4.399999999999999E+000  1.224563083014236E-002  1.325291682011363E+000
  4.499999999999998E+000  1.267893808890808E-002  1.327745687660354E+000
  4.599999999999998E+000  1.310778087732744E-002  1.330308128748714E+000
  4.699999999999998E+000  1.353212632411924E-002  1.332945099204863E+000
  4.799999999999997E+000  1.395097358190390E-002  1.335673830050153E+000
  4.899999999999997E+000  1.436556080238590E-002  1.338414061998276E+000
  4.999999999999996E+000  1.477603908843995E-002  1.341147249551120E+000
  5.099999999999996E+000  1.518258584425286E-002  1.343858440816152E+000
  5.199999999999996E+000  1.558539743884444E-002  1.346535778470001E+000
  5.299999999999995E+000  1.598468322159497E-002  1.349170037787908E+000
  5.399999999999995E+000  1.638066064327540E-002  1.351754208992052E+000
  5.499999999999995E+000  1.677355128376508E-002  1.354283126661394E+000
  5.599999999999994E+000  1.716357762684621E-002  1.356753145877759E+000
  5.699999999999994E+000  1.755096045414330E-002  1.359161862812922E+000
  5.799999999999994E+000  1.793591675548214E-002  1.361507876300302E+000
  5.899999999999993E+000  1.831865807270768E-002  1.363790586350876E+000
  5.999999999999993E+000  1.869938920930561E-002  1.366010025386664E+000
  6.099999999999993E+000  1.907830724992547E-002  1.368166718040407E+000
  6.199999999999992E+000  1.945560084291225E-002  1.370261565606841E+000
  6.299999999999992E+000  1.983144970590522E-002  1.372295751557820E+000
  6.399999999999991E+000  2.020602432001243E-002  1.374270664901079E+000
  6.499999999999991E+000  2.057948578244928E-002  1.376187838538134E+000
  6.599999999999991E+000  2.095198579115801E-002  1.378048900140192E+000
  6.799999999999991E+000  2.169436159254394E-002  1.381618878971927E+000
  6.999999999999991E+000  2.243498816448258E-002  1.384982237444494E+000
  7.199999999999991E+000  2.317463640570796E-002  1.388152804283591E+000
  7.399999999999991E+000  2.391397859281080E-002  1.391143798288239E+000
  7.599999999999992E+000  2.465359552965886E-002  1.393967676547831E+000
  7.799999999999992E+000  2.539398458945668E-002  1.396636076896378E+000
  7.999999999999992E+000  2.613556806130353E-002  1.399159817479948E+000
  8.199999999999992E+000  2.687870138042173E-002  1.401548928646874E+000
  8.399999999999991E+000  2.762368096109747E-002  1.403812701110864E+000
  8.599999999999991E+000  2.837075146259045E-002  1.405959740397698E+000
  8.799999999999990E+000  2.912011240214870E-002  1.407998021687947E+000
  8.999999999999989E+000  2.987192408906566E-002  1.409934941865715E+000
  9.199999999999989E+000  3.062631289371684E-002  1.411777367294563E+000
  9.399999999999988E+000  3.138337589018571E-002  1.413531676875280E+000
  9.599999999999987E+000  3.214318492452134E-002  1.415203800520622E+000
  9.799999999999986E+000  3.290579016628360E-002  1.416799253470489E+000
  9.999999999999986E+000  3.367122320150438E-002  1.418323166979192E+000
  1.019999999999999E+001  3.443949972251234E-002  1.419780315910983E+000
  1.039999999999998E+001  3.521062186564626E-002  1.421175143730837E+000
  1.059999999999998E+001  3.598458024267580E-002  1.422511785305853E+000
  1.079999999999998E+001  3.676135570637740E-002  1.423794087857060E+000
  1.099999999999998E+001  3.754092088555255E-002  1.425025630331630E+000
  1.149999999999998E+001  3.950740005042883E-002  1.427914564164394E+000
  1.199999999999998E+001  4.149023780440362E-002  1.430556516973430E+000
  1.249999999999998E+001  4.348839649584680E-002  1.432988758845985E+000
  1.299999999999998E+001  4.550090172226218E-002  1.435242369263231E+000
  1.349999999999998E+001  4.752681259637712E-002  1.437343140192004E+000
  1.399999999999998E+001  4.956521956214033E-002  1.439312458333440E+000
  1.449999999999998E+001  5.161524978661095E-002  1.441168077980385E+000
  1.499999999999998E+001  5.367607289352829E-002  1.442924770072327E+000
  1.549999999999998E+001  5.574690493591936E-002  1.444594857698327E+000
  1.599999999999998E+001  5.782701037998844E-002  1.446188654599997E+000
  1.649999999999998E+001  5.991570244482079E-002  1.447714823164564E+000
  1.699999999999998E+001  6.201234223810093E-002  1.449180666419035E+000
  1.749999999999998E+001  6.411633707386304E-002  1.450592366214214E+000
  1.799999999999998E+001  6.622713827306305E-002  1.451955177636853E+000
  1.849999999999998E+001  6.834423866922992E-002  1.453273587845334E+000
  1.899999999999998E+001  7.046716997830538E-002  1.454551445993941E+000
  1.949999999999998E+001  7.259550014354318E-002  1.455792069657370E+000
  1.999999999999998E+001  7.472883073034983E-002  1.456998332146540E+000
  2.049999999999998E+001  7.686679441951574E-002  1.458172734277694E+000
  2.099999999999998E+001  7.900905262816377E-002  1.459317463483794E+000
  2.149999999999998E+001  8.115529327416041E-002  1.460434442611030E+000
  2.199999999999998E+001  8.330522869030793E-002  1.461525370300240E+000
  2.249999999999998E+001  8.545859368828643E-002  1.462591754493680E+000
  2.299999999999998E+001  8.761514376820149E-002  1.463634940316533E+000
  2.349999999999998E+001  8.977465346708376E-002  1.464656133346753E+000
  2.399999999999998E+001  9.193691483828717E-002  1.465656419096226E+000
  2.449999999999998E+001  9.410173605309848E-002  1.466636779372004E+000
  2.499999999999998E+001  9.626894011573307E-002  1.467598106061813E+000
  2.549999999999998E+001  9.843836368307270E-002  1.468541212787364E+000
  2.599999999999998E+001  1.006098559808731E-001  1.469466844787580E+000
  2.649999999999998E+001  1.027832778086428E-001  1.470375687328124E+000
  2.699999999999998E+001  1.049585006259193E-001  1.471268372880220E+000
  2.799999999999998E+001  1.093155108883205E-001  1.473028373070625E+000
  2.899999999999998E+001  1.136781022883047E-001  1.474728464093293E+000
  2.999999999999998E+001  1.180455823080667E-001  1.476372433651297E+000
  3.099999999999998E+001  1.224173747956924E-001  1.477963671428609E+000
  3.199999999999998E+001  1.267929883459102E-001  1.479505219129956E+000
  3.299999999999999E+001  1.311720023685793E-001  1.480999825135699E+000
  3.399999999999999E+001  1.355540566748768E-001  1.482449989214206E+000
  3.499999999999999E+001  1.399388427878865E-001  1.483857998329844E+000
  3.599999999999999E+001  1.443260965655895E-001  1.485225955527064E+000
  3.699999999999999E+001  1.487155919097105E-001  1.486555803471640E+000
  3.799999999999999E+001  1.531071353860210E-001  1.487849343834077E+000
  3.899999999999999E+001  1.575005616137084E-001  1.489108253403997E+000
  3.999999999999999E+001  1.618957293062450E-001  1.490334097608209E+000
  4.099999999999999E+001  1.662925178662014E-001  1.491528341946656E+000
  4.199999999999999E+001  1.706908244526923E-001  1.492692361743222E+000
  4.299999999999999E+001  1.750905614533487E-001  1.493827450520945E+000
  4.399999999999999E+001  1.794916543034585E-001  1.494934827245467E+000
  4.499999999999999E+001  1.838940396036937E-001  1.496015642630599E+000
  4.599999999999999E+001  1.882976634950475E-001  1.497070984661647E+000
  4.699999999999999E+001  1.927024802555771E-001  1.498101883462374E+000
  4.799999999999999E+001  1.971084510885460E-001  1.499109315608183E+000
  4.899999999999999E+001  2.015155430757795E-001  1.500094207969528E+000
  4.999999999999999E+001  2.059237282736560E-001  1.501057441154785E+000
  5.099999999999999E+001  2.103329829322502E-001  1.501999852609715E+000
  5.199999999999999E+001  2.147432868208172E-001  1.502922239420981E+000
  5.399999999999999E+001  2.235680018328545E-001  1.504727615324574E+000
  5.599999999999999E+001  2.323965851657713E-001  1.506459948609393E+000
  5.799999999999999E+001  2.412289498606847E-001  1.508124646739166E+000
  5.999999999999999E+001  2.500650263100784E-001  1.509726629439291E+000
  6.199999999999999E+001  2.589047525389424E-001  1.511270380148774E+000
  6.399999999999999E+001  2.677480698997132E-001  1.512759992836517E+000
  6.599999999999999E+001  2.765949200287189E-001  1.514199212809730E+000
  6.799999999999999E+001  2.854452426345296E-001  1.515591472438905E+000
  6.999999999999999E+001  2.942989738905327E-001  1.516939922581558E+000
  7.199999999999999E+001  3.031560452753461E-001  1.518247460322229E+000
  7.399999999999999E+001  3.120163827541521E-001  1.519516753523270E+000
  7.599999999999999E+001  3.208799062284029E-001  1.520750262591987E+000
  7.799999999999999E+001  3.297465292038934E-001  1.521950259805521E+000
  7.999999999999999E+001  3.386161586410379E-001  1.523118846487586E+000
  8.199999999999999E+001  3.474886949590783E-001  1.524257968294717E+000
  8.399999999999999E+001  3.563640321701856E-001  1.525369428840050E+000
  8.599999999999999E+001  3.652420581217206E-001  1.526454901856909E+000
  8.799999999999999E+001  3.741226548263768E-001  1.527515942081525E+000
  8.999999999999999E+001  3.830056988612511E-001  1.528553995012993E+000
  9.499999999999999E+001  4.052258480096256E-001  1.531106715656212E+000
  9.999999999999999E+001  4.274560521971332E-001  1.533540243877471E+000
  1.050000000000000E+002  4.496939828150975E-001  1.535870524401465E+000
  1.100000000000000E+002  4.719373133410268E-001  1.538110884499818E+000
  1.150000000000000E+002  4.941837546088530E-001  1.540272502828274E+000
  1.200000000000000E+002  5.164310816941416E-001  1.542364787125616E+000
  1.250000000000000E+002  5.386771520408596E-001  1.544395680595741E+000
  1.300000000000000E+002  5.609199166963158E-001  1.546371911686746E+000
  1.350000000000000E+002  5.831574265911031E-001  1.548299198295512E+000
  1.400000000000000E+002  6.053878355118245E-001  1.550182415016977E+000
  1.450000000000000E+002  6.276094009916608E-001  1.552025730372932E+000
  1.500000000000000E+002  6.498204839306523E-001  1.553832719675381E+000
  1.550000000000000E+002  6.720195474276337E-001  1.555606458142343E+000
  1.600000000000000E+002  6.942051550789533E-001  1.557349598017748E+000
  1.610000000000000E+002  6.986417390690561E-001  1.557688164763017E+000
  1.620000000000000E+002  7.030777827439414E-001  1.558025660361090E+000
  1.640000000000000E+002  7.119476079627689E-001  1.558700707026288E+000
  1.660000000000000E+002  7.208150837372358E-001  1.559371620671134E+000
  1.680000000000000E+002  7.296801292339395E-001  1.560038520336223E+000
  1.700000000000000E+002  7.385426661295150E-001  1.560701518539990E+000
  1.750000000000000E+002  7.606818497283528E-001  1.562365256304646E+000
  1.800000000000000E+002  7.828027896308666E-001  1.564005973546819E+000
  1.850000000000000E+002  8.049045100933494E-001  1.565624983036510E+000
  1.900000000000000E+002  8.269861159912946E-001  1.567223434944637E+000
  1.950000000000000E+002  8.490467896915257E-001  1.568802340177238E+000
  2.000000000000000E+002  8.710857876113587E-001  1.570362590119464E+000
  2.050000000000000E+002  8.931024366246786E-001  1.571904973367420E+000
  2.100000000000000E+002  9.150961304692611E-001  1.573430189946105E+000
  2.150000000000000E+002  9.370663262153550E-001  1.574938863426755E+000
  2.200000000000000E+002  9.590125408044735E-001  1.576431551290255E+000
  2.250000000000000E+002  9.809343476461966E-001  1.577908753825410E+000
  2.300000000000000E+002  1.002831373258235E+000  1.579370921799135E+000
  2.350000000000000E+002  1.024703293942459E+000  1.580818463090183E+000
  2.400000000000000E+002  1.046549832500623E+000  1.582251748440002E+000
  2.450000000000000E+002  1.068370755003677E+000  1.583671116443905E+000
  2.500000000000000E+002  1.090165867635461E+000  1.585076877882557E+000
  2.550000000000000E+002  1.111935013634524E+000  1.586469319476564E+000
  2.600000000000000E+002  1.133678070357051E+000  1.587848707134559E+000
  2.650000000000000E+002  1.155394946480564E+000  1.589215288755930E+000
  2.700000000000000E+002  1.177085579363099E+000  1.590569296642522E+000
  2.800000000000000E+002  1.220360328990834E+000  1.593276696917234E+000
  2.900000000000000E+002  1.263528835413815E+000  1.595933486547034E+000
  3.000000000000000E+002  1.306591658362135E+000  1.598541330383129E+000
  3.100000000000000E+002  1.349549585524524E+000  1.601101770184146E+000
  3.150000000000000E+002  1.371002732626711E+000  1.602350350128301E+000
  3.200000000000000E+002  1.392430180222038E+000  1.603588147745604E+000
  3.250000000000000E+002  1.413832051669470E+000  1.604815310688928E+000
  3.300000000000000E+002  1.435208480714743E+000  1.606031983225932E+000
  3.350000000000000E+002  1.456559609909211E+000  1.607238306338747E+000
  3.400000000000000E+002  1.477885589436494E+000  1.608434417896185E+000
  3.500000000000000E+002  1.520437259762236E+000  1.610820097140414E+000
  3.550000000000000E+002  1.541688440211667E+000  1.611986194266579E+000
  3.600000000000000E+002  1.562915139655528E+000  1.613142605024688E+000
  3.650000000000000E+002  1.584117532689227E+000  1.614289454108245E+000
  3.700000000000000E+002  1.605295797716582E+000  1.615426864295957E+000
  3.800000000000000E+002  1.647556431138867E+000  1.617693797563900E+000
  3.900000000000000E+002  1.689722714767592E+000  1.619923067241684E+000
  3.950000000000000E+002  1.710782663338333E+000  1.621014769058319E+000
  4.000000000000000E+002  1.731819606836186E+000  1.622097733258478E+000
  4.050000000000000E+002  1.752833732175092E+000  1.623172070024787E+000
  4.100000000000000E+002  1.773825226947017E+000  1.624237888166939E+000
  4.200000000000000E+002  1.815718489293926E+000  1.626360622790360E+000
  4.300000000000000E+002  1.857523563362134E+000  1.628449535005624E+000
  4.400000000000000E+002  1.899241971903580E+000  1.630505510921075E+000
  4.500000000000000E+002  1.940875217602121E+000  1.632529406979019E+000
  4.600000000000000E+002  1.982424781959466E+000  1.634522051169398E+000
  4.700000000000000E+002  2.023892123816130E+000  1.636484244018558E+000
  4.800000000000000E+002  2.065278677968440E+000  1.638416759522310E+000
  4.900000000000000E+002  2.106585853976994E+000  1.640320346065572E+000
  5.000000000000000E+002  2.147815035174930E+000  1.642195727335309E+000
  5.100000000000000E+002  2.188967577863298E+000  1.644043603224174E+000
  5.200000000000000E+002  2.230044810675915E+000  1.645864650720222E+000
  5.300000000000000E+002  2.271048034096934E+000  1.647659524777974E+000
  5.400000000000000E+002  2.311978520117613E+000  1.649428859166269E+000
  5.500000000000000E+002  2.352837512022542E+000  1.651173267288727E+000
  5.600000000000000E+002  2.393626224298397E+000  1.652893342973315E+000
  5.700000000000000E+002  2.434345842659740E+000  1.654589661228357E+000
  5.800000000000000E+002  2.474997524186213E+000  1.656262778963473E+000
  5.900000000000000E+002  2.515582397564334E+000  1.657913235675053E+000
  6.000000000000000E+002  2.556101563425378E+000  1.659541554096912E+000
  6.100000000000000E+002  2.596556094769236E+000  1.661148240817594E+000
  6.200000000000000E+002  2.636947037462771E+000  1.662733786866406E+000
  6.300000000000000E+002  2.677275410800563E+000  1.664298668270525E+000
  6.400000000000000E+002  2.717542208115769E+000  1.665843346585670E+000
  6.500000000000000E+002  2.757748397429304E+000  1.667368269402734E+000
  6.600000000000000E+002  2.797894922126435E+000  1.668873870832563E+000
  6.700000000000000E+002  2.837982701650969E+000  1.670360571970861E+000
  6.800000000000000E+002  2.878012632208579E+000  1.671828781344879E+000
  6.900000000000000E+002  2.917985587472085E+000  1.673278895343307E+000
  7.000000000000000E+002  2.957902419282842E+000  1.674711298630519E+000
  7.100000000000000E+002  2.997763958343507E+000  1.676126364546129E+000
  7.200000000000000E+002  3.037571014898554E+000  1.677524455490627E+000
  7.400000000000000E+002  3.116971688163129E+000  1.680290079547136E+000
  7.600000000000000E+002  3.196164996400016E+000  1.682990362964667E+000
  7.700000000000000E+002  3.235710946034767E+000  1.684308261505526E+000
  7.800000000000000E+002  3.275206891131671E+000  1.685611156575715E+000
  7.900000000000000E+002  3.314653516103475E+000  1.686899343021849E+000
  8.000000000000000E+002  3.354051490324274E+000  1.688173107557017E+000
  8.200000000000000E+002  3.432656618243203E+000  1.690693480691580E+000
  8.400000000000000E+002  3.511075970133562E+000  1.693158294224190E+000
  8.600000000000000E+002  3.589314370928373E+000  1.695569661670309E+000
  8.800000000000000E+002  3.667376441595702E+000  1.697929579158487E+000
  9.000000000000000E+002  3.745266612124167E+000  1.700239933986482E+000
  9.200000000000000E+002  3.822989132759790E+000  1.702502512359643E+000
  9.400000000000000E+002  3.900548084179466E+000  1.704719006448929E+000
  9.600000000000000E+002  3.977947386897015E+000  1.706891020837513E+000
  9.800000000000000E+002  4.055190810047498E+000  1.709020078417054E+000
  1.000000000000000E+003  4.132281979614267E+000  1.711107625791874E+000
  1.020000000000000E+003  4.209224386128857E+000  1.713155038243843E+000
  1.040000000000000E+003  4.286021391868488E+000  1.715163624303273E+000
  1.060000000000000E+003  4.362676237582373E+000  1.717134629963800E+000
  1.080000000000000E+003  4.439192048785007E+000  1.719069242573225E+000
  1.100000000000000E+003  4.515571841656680E+000  1.720968594428177E+000
  1.120000000000000E+003  4.591818528588717E+000  1.722833766097566E+000
  1.140000000000000E+003  4.667934923404808E+000  1.724665789497991E+000
  1.160000000000000E+003  4.743923746282865E+000  1.726465650742603E+000
  1.180000000000000E+003  4.819787628395684E+000  1.728234292783483E+000
  1.200000000000000E+003  4.895529116284044E+000  1.729972617866040E+000
  1.220000000000000E+003  4.971150675973274E+000  1.731681489812228E+000
  1.240000000000000E+003  5.046654696843119E+000  1.733361736147753E+000
  1.260000000000000E+003  5.122043495260714E+000  1.735014150086786E+000
  1.280000000000000E+003  5.197319317986991E+000  1.736639492386194E+000
  1.300000000000000E+003  5.272484345367682E+000  1.738238493079904E+000
  1.320000000000000E+003  5.347540694320789E+000  1.739811853102836E+000
  1.340000000000000E+003  5.422490421132831E+000  1.741360245812809E+000
  1.360000000000000E+003  5.497335524076540E+000  1.742884318417913E+000
  1.380000000000000E+003  5.572077945862480E+000  1.744384693316127E+000
  1.400000000000000E+003  5.646719575936841E+000  1.745861969353311E+000
  1.450000000000000E+003  5.832715018210354E+000  1.749486083202306E+000
  1.500000000000000E+003  6.018128889897270E+000  1.752974314775572E+000
  1.510000000000000E+003  6.055188945363445E+000  1.753649722430935E+000
  1.520000000000000E+003  6.092226479400096E+000  1.754320250121827E+000
  1.540000000000000E+003  6.166212701791813E+000  1.755650096527533E+000
  1.560000000000000E+003  6.240111611108621E+000  1.756960927164833E+000
  1.580000000000000E+003  6.313924702064269E+000  1.758253173677170E+000
  1.600000000000000E+003  6.387653432324023E+000  1.759527253519417E+000
  1.620000000000000E+003  6.461299223519809E+000  1.760783570571643E+000
  1.640000000000000E+003  6.534863462365480E+000  1.762022515716375E+000
  1.660000000000000E+003  6.608347501837366E+000  1.763244467381965E+000
  1.680000000000000E+003  6.681752662370863E+000  1.764449792055957E+000
  1.700000000000000E+003  6.755080233030053E+000  1.765638844772970E+000
  1.710000000000000E+003  6.791724840059334E+000  1.766226173596797E+000
  1.720000000000000E+003  6.828350423908406E+000  1.766809590653849E+000
  1.740000000000000E+003  6.901526487673790E+000  1.767967155883243E+000
  1.760000000000000E+003  6.974628649399324E+000  1.769109449336903E+000
  1.780000000000000E+003  7.047658083232525E+000  1.770236784827651E+000
  1.800000000000000E+003  7.120615936585369E+000  1.771349466823992E+000
  1.820000000000000E+003  7.193503331010548E+000  1.772447790841890E+000
  1.840000000000000E+003  7.266321362992095E+000  1.773532043808322E+000
  1.860000000000000E+003  7.339071104686579E+000  1.774602504403261E+000
  1.880000000000000E+003  7.411753604627931E+000  1.775659443382934E+000
  1.900000000000000E+003  7.484369888402360E+000  1.776703123886202E+000
  1.950000000000000E+003  7.665508945942543E+000  1.779268487683327E+000
  2.000000000000000E+003  7.846261223717843E+000  1.781755051290015E+000
  2.010000000000000E+003  7.882396484133698E+000  1.782240218790062E+000
  2.020000000000000E+003  7.918516660292899E+000  1.782722475478226E+000
  2.040000000000000E+003  7.990697398403226E+000  1.783679826768804E+000
  2.060000000000000E+003  8.062819386587995E+000  1.784625786993221E+000
  2.080000000000000E+003  8.134883471429665E+000  1.785560561933294E+000
  2.100000000000000E+003  8.206890482028760E+000  1.786484352186541E+000
  2.150000000000000E+003  8.386561286813913E+000  1.788756418270175E+000
  2.200000000000000E+003  8.565897398898185E+000  1.790963023571876E+000
  2.250000000000000E+003  8.744910238219592E+000  1.793107006212609E+000
  2.300000000000000E+003  8.923610659033102E+000  1.795191033451283E+000
  2.350000000000000E+003  9.102008983893754E+000  1.797217615829069E+000
  2.400000000000000E+003  9.280115032788068E+000  1.799189119736639E+000
  2.450000000000000E+003  9.457938149799496E+000  1.801107778633280E+000
  2.500000000000000E+003  9.635487228483141E+000  1.802975703072812E+000
  2.550000000000000E+003  9.812770736359287E+000  1.804794889685762E+000
  2.600000000000000E+003  9.989796738524941E+000  1.806567229261943E+000
  2.650000000000000E+003  1.016657292023132E+001  1.808294514062304E+000
  2.700000000000000E+003  1.034310660827374E+001  1.809978444468084E+000
  2.750000000000000E+003  1.051940479110169E+001  1.811620635054524E+000
  2.800000000000000E+003  1.069547413762904E+001  1.813222620158555E+000
  2.850000000000000E+003  1.087132101478134E+001  1.814785858996252E+000
  2.900000000000000E+003  1.104695150385422E+001  1.816311740375798E+000
  2.950000000000000E+003  1.122237141577408E+001  1.817801587044567E+000
  3.000000000000000E+003  1.139758630535640E+001  1.819256659703845E+000
  3.050000000000000E+003  1.157260148465307E+001  1.820678160720784E+000
  3.100000000000000E+003  1.174742203547157E+001  1.822067237564206E+000
  3.150000000000000E+003  1.192205282113985E+001  1.823424985988223E+000
  3.200000000000000E+003  1.209649849758122E+001  1.824752452985420E+000
  3.250000000000000E+003  1.227076352375539E+001  1.826050639529330E+000
  3.300000000000000E+003  1.244485217151457E+001  1.827320503124069E+000
  3.350000000000000E+003  1.261876853491790E+001  1.828562960177344E+000
  3.400000000000000E+003  1.279251653904190E+001  1.829778888211520E+000
  3.450000000000000E+003  1.296609994832111E+001  1.830969127926080E+000
  3.500000000000000E+003  1.313952237444910E+001  1.832134485123543E+000
  3.550000000000000E+003  1.331278728386745E+001  1.833275732509826E+000
  3.600000000000000E+003  1.348589800486748E+001  1.834393611379008E+000
  3.650000000000000E+003  1.365885773432756E+001  1.835488833191556E+000
  3.700000000000000E+003  1.383166954410700E+001  1.836562081054256E+000
  3.750000000000000E+003  1.400433638711550E+001  1.837614011109360E+000
  3.800000000000000E+003  1.417686110307623E+001  1.838645253839795E+000
  3.850000000000000E+003  1.434924642399891E+001  1.839656415296678E+000
  3.900000000000000E+003  1.452149497937834E+001  1.840648078254819E+000
  4.000000000000000E+003  1.486546175799753E+001  1.842579155791499E+000
  4.100000000000000E+003  1.520891686068913E+001  1.844438191492443E+000
  4.150000000000000E+003  1.538051941790917E+001  1.845340199288250E+000
  4.200000000000000E+003  1.555199910331601E+001  1.846225775166600E+000
  4.250000000000000E+003  1.572335796758500E+001  1.847095365536506E+000
  4.300000000000000E+003  1.589459799048043E+001  1.847949400921688E+000
  4.350000000000000E+003  1.606572108291283E+001  1.848788296638199E+000
  4.400000000000000E+003  1.623672908959919E+001  1.849612453454683E+000
  4.500000000000000E+003  1.657829642944447E+001  1.851220742999298E+000
  4.600000000000000E+003  1.691942832403692E+001  1.852774246635806E+000
  4.700000000000000E+003  1.726013722595254E+001  1.854275731761390E+000
  4.750000000000000E+003  1.743038792673086E+001  1.855006697440791E+000
  4.800000000000000E+003  1.760053631529820E+001  1.855725672633002E+000
  4.850000000000000E+003  1.777058378879720E+001  1.856432950300329E+000
  4.900000000000000E+003  1.794053170376995E+001  1.857128813831475E+000
  5.000000000000000E+003  1.828003787288376E+001  1.858489198287474E+000
  5.100000000000000E+003  1.861916426884729E+001  1.859806910330462E+000
  5.200000000000000E+003  1.895792028304458E+001  1.861083923657625E+000
  5.300000000000000E+003  1.929631485824750E+001  1.862322087679730E+000
  5.400000000000000E+003  1.963435652458418E+001  1.863523137022824E+000
  5.500000000000000E+003  1.997205342919244E+001  1.864688700304123E+000
  5.600000000000000E+003  2.030941336251322E+001  1.865820308162943E+000
  5.700000000000000E+003  2.064644378271927E+001  1.866919400563970E+000
  5.800000000000000E+003  2.098315183880022E+001  1.867987333431495E+000
  5.900000000000000E+003  2.131954439234385E+001  1.869025384687817E+000
  6.000000000000000E+003  2.165562803790571E+001  1.870034759766500E+000
  6.100000000000000E+003  2.199140912187128E+001  1.871016596661799E+000
  6.200000000000000E+003  2.232689375977511E+001  1.871971970565671E+000
  6.300000000000000E+003  2.266208785210086E+001  1.872901898135134E+000
  6.400000000000000E+003  2.299699709862912E+001  1.873807341426106E+000
  6.500000000000000E+003  2.333162701142682E+001  1.874689211524634E+000
  6.600000000000000E+003  2.366598292658672E+001  1.875548371902381E+000
  6.700000000000000E+003  2.400007001482953E+001  1.876385641520128E+000
  6.800000000000000E+003  2.433389329108087E+001  1.877201797700372E+000
  6.900000000000000E+003  2.466745762312992E+001  1.877997578787989E+000
  7.000000000000000E+003  2.500076773946898E+001  1.878773686616121E+000
  7.100000000000000E+003  2.533382823640506E+001  1.879530788792788E+000
  7.200000000000000E+003  2.566664358452552E+001  1.880269520822429E+000
  7.300000000000000E+003  2.599921813459121E+001  1.880990488075260E+000
  7.400000000000000E+003  2.633155612292246E+001  1.881694267616306E+000
  7.500000000000000E+003  2.666366167633564E+001  1.882381409904967E+000
  7.600000000000000E+003  2.699553881668140E+001  1.883052440375050E+000
  7.700000000000000E+003  2.732719146502955E+001  1.883707860904474E+000
  7.800000000000000E+003  2.765862344554032E+001  1.884348151183032E+000
  7.900000000000000E+003  2.798983848905677E+001  1.884973769985991E+000
  8.000000000000000E+003  2.832084023644907E+001  1.885585156360691E+000
  8.100000000000000E+003  2.865163224173789E+001  1.886182730732662E+000
  8.200000000000000E+003  2.898221797502039E+001  1.886766895937392E+000
  8.300000000000000E+003  2.931260082521992E+001  1.887338038183269E+000
  8.400000000000000E+003  2.964278410267787E+001  1.887896527950859E+000
  8.500000000000000E+003  2.997277104160372E+001  1.888442720833253E+000
  8.600000000000000E+003  3.030256480239775E+001  1.888976958321835E+000
  8.700000000000000E+003  3.063216847385863E+001  1.889499568541475E+000
  8.800000000000000E+003  3.096158507528722E+001  1.890010866938875E+000
  8.900000000000000E+003  3.129081755849606E+001  1.890511156927440E+000
  9.000000000000000E+003  3.161986880973305E+001  1.891000730491822E+000
  9.100000000000000E+003  3.194874165152678E+001  1.891479868755054E+000
  9.200000000000000E+003  3.227743884446011E+001  1.891948842510899E+000
  9.300000000000000E+003  3.260596308887769E+001  1.892407912723914E+000
  9.400000000000000E+003  3.293431702653255E+001  1.892857330999463E+000
  9.600000000000000E+003  3.359036112360382E+001  1.893727524559316E+000
  9.800000000000000E+003  3.424576125492014E+001  1.894561786043498E+000
  9.900000000000000E+003  3.457330342906577E+001  1.894966367021335E+000
  1.000000000000000E+004  3.490069005538567E+001  1.895362631627909E+000
  1.010000000000000E+004  3.522792342888416E+001  1.895750776452718E+000
  1.020000000000000E+004  3.555500579449688E+001  1.896130991747526E+000
  1.040000000000000E+004  3.620858137191652E+001  1.896867465459310E+000
  1.060000000000000E+004  3.686158449499828E+001  1.897574272738241E+000
  1.080000000000000E+004  3.751403120419157E+001  1.898252742208236E+000
  1.100000000000000E+004  3.816593692406347E+001  1.898904121098187E+000
  1.120000000000000E+004  3.881731648812264E+001  1.899529581877374E+000
  1.140000000000000E+004  3.946818415688765E+001  1.900130228311824E+000
  1.160000000000000E+004  4.011855363697560E+001  1.900707100853776E+000
  1.180000000000000E+004  4.076843810381467E+001  1.901261181401960E+000
  1.200000000000000E+004  4.141785022740294E+001  1.901793397527058E+000
  1.220000000000000E+004  4.206680219948125E+001  1.902304626261836E+000
  1.240000000000000E+004  4.271530576061033E+001  1.902795697537279E+000
  1.260000000000000E+004  4.336337222615044E+001  1.903267397323942E+000
  1.280000000000000E+004  4.401101251063008E+001  1.903720470520046E+000
  1.300000000000000E+004  4.465823715033288E+001  1.904155623615844E+000
  1.320000000000000E+004  4.530505632412920E+001  1.904573527156594E+000
  1.340000000000000E+004  4.595147987267340E+001  1.904974818022170E+000
  1.360000000000000E+004  4.659751731612098E+001  1.905360101538704E+000
  1.380000000000000E+004  4.724317787051953E+001  1.905729953435972E+000
  1.400000000000000E+004  4.788847046301450E+001  1.906084921662865E+000
  1.420000000000000E+004  4.853340374599262E+001  1.906425528072243E+000
  1.440000000000000E+004  4.917798611026726E+001  1.906752269985529E+000
  1.460000000000000E+004  4.982222569739635E+001  1.907065621646485E+000
  1.480000000000000E+004  5.046613041120811E+001  1.907366035572962E+000
  1.500000000000000E+004  5.110970792860154E+001  1.907653943814591E+000
  1.520000000000000E+004  5.175296570967895E+001  1.907929759123822E+000
  1.540000000000000E+004  5.239591100726183E+001  1.908193876047079E+000
  1.560000000000000E+004  5.303855087583521E+001  1.908446671942276E+000
  1.580000000000000E+004  5.368089217996187E+001  1.908688507928391E+000
  1.600000000000000E+004  5.432294160220363E+001  1.908919729772348E+000
  1.620000000000000E+004  5.496470565058362E+001  1.909140668718006E+000
  1.640000000000000E+004  5.560619066562153E+001  1.909351642261630E+000
  1.660000000000000E+004  5.624740282696965E+001  1.909552954877874E+000
  1.680000000000000E+004  5.688834815967780E+001  1.909744898699942E+000
  1.700000000000000E+004  5.752903254011062E+001  1.909927754157287E+000
  1.720000000000000E+004  5.816946170154149E+001  1.910101790573929E+000
  1.740000000000000E+004  5.880964123944324E+001  1.910267266730212E+000
  1.760000000000000E+004  5.944957661649639E+001  1.910424431390580E+000
  1.780000000000000E+004  6.008927316733281E+001  1.910573523799781E+000
  1.800000000000000E+004  6.072873610303250E+001  1.910714774149623E+000
  1.820000000000000E+004  6.136797051538892E+001  1.910848404018366E+000
  1.840000000000000E+004  6.200698138095782E+001  1.910974626784555E+000
  1.860000000000000E+004  6.264577356490367E+001  1.911093648017022E+000
  1.880000000000000E+004  6.328435182465606E+001  1.911205665842651E+000
  1.900000000000000E+004  6.392272081338835E+001  1.911310871293333E+000
  1.920000000000000E+004  6.456088508332935E+001  1.911409448633512E+000
  1.940000000000000E+004  6.519884908891855E+001  1.911501575669533E+000
  1.960000000000000E+004  6.583661718981422E+001  1.911587424041982E+000
  1.980000000000000E+004  6.647419365376351E+001  1.911667159502080E+000
  2.000000000000000E+004  6.711158265934274E+001  1.911740942173147E+000
