! time                    int_density             frank_density           perfect_density         vac_density             faulted_density         void_density            
  0.000000000000000E+000  0.000000000000000E+000  0.000000000000000E+000  0.000000000000000E+000  2.140585232712488E+018  0.000000000000000E+000  0.000000000000000E+000
  1.000000000000000E-001  5.646109568594083E+019  6.864882276281130E+021  1.772174821561943E+020  4.746361435625302E+023  3.306511998561325E+021  2.729565420904883E+014
  2.000000000000001E-001  4.837274395090175E+019  1.371696201761542E+022  1.296580071961231E+020  8.801499259114423E+023  5.548384099710775E+021  5.201847628568216E+014
  3.000000000000002E-001  4.303659019953389E+019  2.056283538833920E+022  1.025698919160375E+020  1.254088356956668E+024  7.455145336473891E+021  7.514325753211444E+014
  4.000000000000003E-001  3.890363530074759E+019  2.740418482948883E+022  8.504827934241173E+019  1.603153179342625E+024  9.242637062445707E+021  9.676976659093162E+014
  5.000000000000003E-001  3.552223850893620E+019  3.424235271643243E+022  7.281689162269532E+019  1.932442450268669E+024  1.100695051239697E+022  1.171076049846825E+015
  6.000000000000004E-001  3.267749971352048E+019  4.107805940275653E+022  6.380041689090562E+019  2.244008200375354E+024  1.279286702399690E+022  1.362132267196066E+015
  7.000000000000005E-001  3.023632964645886E+019  4.791155862516136E+022  5.685922747366586E+019  2.536881250134137E+024  1.464028216294835E+022  1.539695250914954E+015
  8.000000000000006E-001  2.811809745831634E+019  5.474354113259093E+022  5.136522310004948E+019  2.814388326234390E+024  1.656164495329381E+022  1.705740348593772E+015
  9.000000000000007E-001  2.626054736124540E+019  6.157428543391625E+022  4.690657507943454E+019  3.077005229232692E+024  1.857095281243937E+022  1.860299677679460E+015
  1.000000000000001E+000  2.461708439262531E+019  6.840400658317918E+022  4.321316848605763E+019  3.325024157761770E+024  2.067952366852652E+022  2.003447635144504E+015
  1.100000000000001E+000  2.315198639811823E+019  7.523287325538121E+022  4.010123874222710E+019  3.558601305598601E+024  2.289606320790111E+022  2.135316714394508E+015
  1.200000000000001E+000  2.183735002838814E+019  8.206101960919949E+022  3.744157357853541E+019  3.777791112526850E+024  2.522671768930703E+022  2.256109926127182E+015
  1.300000000000001E+000  2.065104555515165E+019  8.888855369900434E+022  3.514077379027893E+019  3.982573100251283E+024  2.767512983246816E+022  2.366104448938360E+015
  1.400000000000001E+000  1.957529091490312E+019  9.571556354925949E+022  3.312972034875433E+019  4.172874447979084E+024  3.024253720409899E+022  2.465644161557464E+015
  1.500000000000001E+000  1.859778384821487E+019  1.025421910793434E+023  3.136201238912810E+019  4.350898402616138E+024  3.290814839269364E+022  2.556683738521834E+015
  1.600000000000001E+000  1.770389847307899E+019  1.093684148158770E+023  2.979003013301051E+019  4.514045105899137E+024  3.568961268864192E+022  2.637843301951391E+015
  1.700000000000001E+000  1.688393355311557E+019  1.161942908005243E+023  2.838304335949597E+019  4.662343895321822E+024  3.858199999245773E+022  2.709672279941665E+015
  1.800000000000001E+000  1.612964120329396E+019  1.230198624408846E+023  2.711640843781279E+019  4.795691057126332E+024  4.157992800146748E+022  2.772589546007162E+015
  1.900000000000001E+000  1.543403721855313E+019  1.298451665885660E+023  2.597032984719309E+019  4.914011311631479E+024  4.467686355531343E+022  2.826968140380122E+015
  2.000000000000001E+000  1.479114837276725E+019  1.366702347197420E+023  2.492872610379396E+019  5.017271498756245E+024  4.786555208302306E+022  2.873129153215202E+015
  2.100000000000001E+000  1.419581947568549E+019  1.434950938644138E+023  2.397840392778159E+019  5.105492663907153E+024  5.113839502921859E+022  2.911343990277275E+015
  2.200000000000002E+000  1.364356489955810E+019  1.503197673462388E+023  2.310844399872581E+019  5.178760367496879E+024  5.448776328814747E+022  2.941843254082489E+015
  2.300000000000002E+000  1.313045346400118E+019  1.571442753778283E+023  2.230973228521862E+019  5.237233055892674E+024  5.790624004936620E+022  2.964830174283362E+015
  2.400000000000002E+000  1.265301844659574E+019  1.639686355444748E+023  2.157459280785904E+019  5.281148367932996E+024  6.138679243180981E+022  2.980496226455098E+015
  2.500000000000002E+000  1.220818650902891E+019  1.707928632007478E+023  2.089649428112237E+019  5.310827295230229E+024  6.492287723658857E+022  2.989036695393952E+015
  2.600000000000002E+000  1.179322080120640E+019  1.776169717982451E+023  2.026981495728078E+019  5.326676157587550E+024  6.850849101963033E+022  2.990664377636306E+015
  2.700000000000002E+000  1.140567463489986E+019  1.844409731583183E+023  1.968965692370874E+019  5.329186392762371E+024  7.213817762972691E+022  2.985620228093848E+015
  2.800000000000002E+000  1.104335303326996E+019  1.912648777003245E+023  1.915170360083731E+019  5.318932193701309E+024  7.580700698533457E+022  2.974180398840669E+015
  2.900000000000002E+000  1.070428022564188E+019  1.980886946335734E+023  1.865211391287338E+019  5.296566061846006E+024  7.951053739594297E+022  2.956659675789126E+015
  3.000000000000002E+000  1.038667178173356E+019  2.049124321193954E+023  1.818744561299312E+019  5.262812389069163E+024  8.324477092359859E+022  2.933411710606085E+015
  3.100000000000002E+000  1.008891055642027E+019  2.117360974084698E+023  1.775459997973429E+019  5.218459237668645E+024  8.700610807887396E+022  2.904826647820645E+015
  3.200000000000002E+000  9.809525936270725E+018  2.185596969575966E+023  1.735078095619295E+019  5.164348556580496E+024  9.079130532841000E+022  2.871326793293940E+015
  3.300000000000002E+000  9.547176049217591E+018  2.253832365293498E+023  1.697346339995153E+019  5.101365144907833E+024  9.459743685420771E+022  2.833360921171448E+015
  3.400000000000002E+000  9.300593343822864E+018  2.322067134048084E+023  1.662012111298653E+019  5.029358653438370E+024  9.842428442687688E+022  2.790831297931760E+015
  3.500000000000002E+000  9.068715068649728E+018  2.390301407111963E+023  1.628901582654467E+019  4.950537259787212E+024  1.022665512611713E+023  2.744896112706349E+015
  3.600000000000001E+000  8.850495079726754E+018  2.458535225360478E+023  1.597827130530658E+019  4.865831950768120E+024  1.061221341363290E+023  2.696039191486644E+015
  3.700000000000001E+000  8.644970032823314E+018  2.526768625555633E+023  1.568619679069920E+019  4.776164959484382E+024  1.099891277392188E+023  2.644740816700450E+015
  3.800000000000001E+000  8.451251145203500E+018  2.595001640820766E+023  1.541127010130904E+019  4.682438908816893E+024  1.138658067979944E+023  2.591472169687596E+015
  3.900000000000000E+000  8.268516467996872E+018  2.663234301053352E+023  1.515211957068400E+019  4.585526898853400E+024  1.177506091756799E+023  2.536689878493054E+015
  4.000000000000000E+000  8.096003873596270E+018  2.731466633284452E+023  1.490750748600461E+019  4.486263666464086E+024  1.216421205188810E+023  2.480831050254454E+015
  4.100000000000000E+000  7.933004736983399E+018  2.799698661992050E+023  1.467631504318603E+019  4.385437906927119E+024  1.255390605900304E+023  2.424308920113726E+015
  4.199999999999999E+000  7.778858341294564E+018  2.867930409374655E+023  1.445752883090745E+019  4.283785820749619E+024  1.294402712321601E+023  2.367509181687786E+015
  4.299999999999999E+000  7.632947044267648E+018  2.936161895590745E+023  1.425022882767720E+019  4.181985929271812E+024  1.333447058388353E+023  2.310787034291412E+015
  4.399999999999999E+000  7.494692218121402E+018  3.004393138968953E+023  1.405357785535530E+019  4.080655184231009E+024  1.372514201685725E+023  2.254464963532464E+015
  4.499999999999998E+000  7.363550937518662E+018  3.072624156193250E+023  1.386681239219786E+019  3.980346374865740E+024  1.411595643307094E+023  2.198831255830521E+015
  4.599999999999998E+000  7.239013352236948E+018  3.140854962466798E+023  1.368923461736172E+019  3.881546809855324E+024  1.450683757691347E+023  2.144139230850850E+015
  4.699999999999998E+000  7.120600651577594E+018  3.209085571657531E+023  1.352020554104735E+019  3.784678221474249E+024  1.489771730771441E+023  2.090607158503700E+015
  4.799999999999997E+000  7.007768953259704E+018  3.277315951772747E+023  1.335914947801716E+019  3.690638355757292E+024  1.528850494024110E+023  2.038727010499554E+015
  4.899999999999997E+000  6.900186787030209E+018  3.345546161760162E+023  1.320551080524911E+019  3.599172663474323E+024  1.567916138241570E+023  1.988330075206350E+015
  4.999999999999996E+000  6.797462715452363E+018  3.413776211974123E+023  1.305879520508976E+019  3.510501041591043E+024  1.606964453815698E+023  1.939528491051274E+015
  5.099999999999996E+000  6.699231878690830E+018  3.482006111901817E+023  1.291854712100157E+019  3.424790670768083E+024  1.645991754861462E+023  1.892405665990906E+015
  5.199999999999996E+000  6.605155290880845E+018  3.550235870246404E+023  1.278434706559844E+019  3.342160132474885E+024  1.684994862293158E+023  1.847018811226047E+015
  5.299999999999995E+000  6.514919008057275E+018  3.618465495002086E+023  1.265580847581559E+019  3.262683896256150E+024  1.723971079721064E+023  1.803401521119450E+015
  5.399999999999995E+000  6.428233257930518E+018  3.686694993521894E+023  1.253257488886366E+019  3.186397019334783E+024  1.762918165470763E+023  1.761566401205043E+015
  5.499999999999995E+000  6.344831503464732E+018  3.754924372578914E+023  1.241431739223329E+019  3.113299920476069E+024  1.801834302451336E+023  1.721507699551340E+015
  5.599999999999994E+000  6.264469425678688E+018  3.823153638421566E+023  1.230073231092417E+019  3.043363109088759E+024  1.840718066844495E+023  1.683203891554844E+015
  5.699999999999994E+000  6.186923822378875E+018  3.891382796823481E+023  1.219153910262917E+019  2.976531769935489E+024  1.879568396221090E+023  1.646620171942390E+015
  5.799999999999994E+000  6.111991428652827E+018  3.959611853128450E+023  1.208647843721532E+019  2.912730123202305E+024  1.918384557515352E+023  1.611710815000944E+015
  5.899999999999993E+000  6.039487671906749E+018  4.027840812290911E+023  1.198531044105432E+019  2.851865498427514E+024  1.957166115203166E+023  1.578421372544310E+015
  5.999999999999993E+000  5.969245379080639E+018  4.096069678912339E+023  1.188781308993870E+019  2.793832078353518E+024  1.995912899989013E+023  1.546690687737030E+015
  6.099999999999993E+000  5.901113456537873E+018  4.164298457273975E+023  1.179378073674920E+019  2.738514284708524E+024  2.034624978281168E+023  1.516452711012895E+015
  6.199999999999992E+000  5.834955564204491E+018  4.232527151366167E+023  1.170302276191539E+019  2.685789791959309E+024  2.073302622713403E+023  1.487638111607626E+015
  6.299999999999992E+000  5.770648805088173E+018  4.300755764914684E+023  1.161536233618195E+019  2.635532167046668E+024  2.111946283947570E+023  1.460175684496706E+015
  6.399999999999991E+000  5.708082449650927E+018  4.368984301404319E+023  1.153063528636485E+019  2.587613142984377E+024  2.150556563962914E+023  1.433993557721941E+015
  6.499999999999991E+000  5.647156711971194E+018  4.437212764099984E+023  1.144868905573197E+019  2.541904542025399E+024  2.189134191004508E+023  1.409020209209414E+015
  6.599999999999991E+000  5.587781591536972E+018  4.505441156065638E+023  1.136938175142672E+019  2.498279870002174E+024  2.227679996326155E+023  1.385185305282312E+015
  6.799999999999991E+000  5.472983029157515E+018  4.641897673689254E+023  1.121812032989620E+019  2.418092918458514E+024  2.304653225057711E+023  1.341364695679304E+015
  6.999999999999991E+000  5.363642377585368E+018  4.778353945586769E+023  1.107592251492282E+019  2.344250384790533E+024  2.381516755477772E+023  1.300995233567276E+015
  7.199999999999991E+000  5.259259206868178E+018  4.914809990107211E+023  1.094196875099871E+019  2.276072692494431E+024  2.458278802511224E+023  1.263707515878766E+015
  7.399999999999991E+000  5.159411463964752E+018  5.051265823688353E+023  1.081553811174750E+019  2.212932953816121E+024  2.534947215826438E+023  1.229159977556309E+015
  7.599999999999992E+000  5.063739104724729E+018  5.187721461120257E+023  1.069599426999920E+019  2.154264468340098E+024  2.611529460298455E+023  1.197043802474198E+015
  7.799999999999992E+000  4.971931080800969E+018  5.324176915762832E+023  1.058277339162602E+019  2.099562850644470E+024  2.688032563895888E+023  1.167084338350200E+015
  7.999999999999992E+000  4.883715258756006E+018  5.460632199726776E+023  1.047537395103959E+019  2.048384419698709E+024  2.764463069524111E+023  1.139040252945538E+015
  8.199999999999992E+000  4.798850738095970E+018  5.597087324025311E+023  1.037334815861794E+019  2.000342216053401E+024  2.840827003926749E+023  1.112701315541900E+015
  8.399999999999991E+000  4.717122058869604E+018  5.733542298702493E+023  1.027629473740091E+019  1.955100705766245E+024  2.917129866113887E+023  1.087885440621872E+015
  8.599999999999991E+000  4.638334851474893E+018  5.869997132942548E+023  1.018385282666914E+019  1.912369942319308E+024  2.993376633148272E+023  1.064435439508598E+015
  8.799999999999990E+000  4.562312558925457E+018  6.006451835163749E+023  1.009569682498837E+019  1.871899713430047E+024  3.069571779433093E+023  1.042215776681066E+015
  8.999999999999989E+000  4.488893940203946E+018  6.142906413099560E+023  1.001153201561777E+019  1.833474005534922E+024  3.145719305410347E+023  1.021109514231423E+015
  9.199999999999989E+000  4.417931133956321E+018  6.279360873869181E+023  9.931090843278836E+018  1.796905972918265E+024  3.221822772016863E+023  1.001015545116862E+015
  9.399999999999988E+000  4.349288120808995E+018  6.415815224039198E+023  9.854129733541794E+018  1.762033494752586E+024  3.297885337939733E+023  9.818461580575776E+014
  9.599999999999987E+000  4.282839469226471E+018  6.552269469677728E+023  9.780426364895820E+018  1.728715333861614E+024  3.373909797444866E+023  9.635249388354812E+014
  9.799999999999986E+000  4.218469285035428E+018  6.688723616402142E+023  9.709777319319218E+018  1.696827867912109E+024  3.449898617214629E+023  9.459849895012354E+014
  9.999999999999986E+000  4.156070310306926E+018  6.825177669421246E+023  9.641996050248987E+018  1.666262339887249E+024  3.525853971179071E+023  9.291674344366302E+014
  1.019999999999999E+001  4.095543135216335E+018  6.961631633572766E+023  9.576911117643514E+018  1.636922564182289E+024  3.601777772751839E+023  9.130201769673120E+014
  1.039999999999998E+001  4.036795498673632E+018  7.098085513356641E+023  9.514364648689613E+018  1.608723022852062E+024  3.677671704195908E+023  8.974968696714409E+014
  1.059999999999998E+001  3.979741661534137E+018  7.234539312964762E+023  9.454210989944816E+018  1.581587289970642E+024  3.753537243063653E+023  8.825560637654590E+014
  1.079999999999998E+001  3.924301841330567E+018  7.370993036307557E+023  9.396315522607481E+018  1.555446728284477E+024  3.829375685799802E+023  8.681605066254162E+014
  1.099999999999998E+001  3.870401700665950E+018  7.507446687037795E+023  9.340553617413556E+018  1.530239409703485E+024  3.905188168683256E+023  8.542765607287586E+014
  1.149999999999998E+001  3.741716937839716E+018  7.848580395814159E+023  9.209614112910078E+018  1.471457766095137E+024  4.094579220780766E+023  8.218825626446948E+014
  1.199999999999998E+001  3.621409612415271E+018  8.189713732275295E+023  9.089737284917631E+018  1.416976057755835E+024  4.283837633532269E+023  7.918513744919972E+014
  1.249999999999998E+001  3.508567032359706E+018  8.530846735492081E+023  8.979586058359515E+018  1.366497542303533E+024  4.472967576914205E+023  7.640241773988200E+014
  1.299999999999998E+001  3.402451376977433E+018  8.871979439106168E+023  8.878028298611967E+018  1.319635918368380E+024  4.661971832969195E+023  7.381893883454122E+014
  1.349999999999998E+001  3.302441783409862E+018  9.213111872272344E+023  8.784100322800600E+018  1.276014096003984E+024  4.850852277346860E+023  7.141397715846576E+014
  1.399999999999998E+001  3.208003596956751E+018  9.554244060399115E+023  8.696977081731032E+018  1.235294018336913E+024  5.039610030143283E+023  6.916894542449879E+014
  1.449999999999998E+001  3.118669990320776E+018  9.895376025741647E+023  8.615948194279982E+018  1.197181037322823E+024  5.228245556735820E+023  6.706764224472558E+014
  1.499999999999998E+001  3.034029603445114E+018  1.023650778788259E+024  8.540398705541699E+018  1.161420088632740E+024  5.416758769351232E+023  6.509604085568678E+014
  1.549999999999998E+001  2.953717460980615E+018  1.057763936412586E+024  8.469793574321081E+018  1.127790025426400E+024  5.605149128174296E+023  6.324197630506061E+014
  1.599999999999998E+001  2.877407918754348E+018  1.091877076982161E+024  8.403665090756520E+018  1.096098211570231E+024  5.793415734762209E+023  6.149484792228648E+014
  1.649999999999998E+001  2.804809009736614E+018  1.125990201863645E+024  8.341602602389701E+018  1.066175915195170E+024  5.981557413549543E+023  5.984536647630584E+014
  1.699999999999998E+001  2.735657826980892E+018  1.160103312277944E+024  8.283244069489926E+018  1.037874524964169E+024  6.169572780339753E+023  5.828534683222766E+014
  1.749999999999998E+001  2.669716707259005E+018  1.194216409319220E+024  8.228269079885019E+018  1.011062469982248E+024  6.357460298481179E+023  5.680753931380695E+014
  1.799999999999998E+001  2.606770047377179E+018  1.228329493970982E+024  8.176393036474584E+018  9.856227078235985E+023  6.545218324204180E+023  5.540549221162149E+014
  1.849999999999998E+001  2.546621627456579E+018  1.262442567119757E+024  8.127362293384248E+018  9.614506635968635E+023  6.732845142793072E+023  5.407343896764783E+014
  1.899999999999998E+001  2.489092344476509E+018  1.296555629566770E+024  8.080950064479571E+018  9.384525267376886E+023  6.920338997185935E+023  5.280620490911687E+014
  1.949999999999998E+001  2.434018280526449E+018  1.330668682037968E+024  8.036952964541288E+018  9.165438330002186E+023  7.107698110405023E+023  5.159912956053798E+014
  1.999999999999998E+001  2.381249046133659E+018  1.364781725192649E+024  7.995188071635980E+018  8.956482755052860E+023  7.294920703004316E+023  5.044800146669505E+014
  2.049999999999998E+001  2.330646351226873E+018  1.398894759630936E+024  7.955490421167155E+018  8.756967012063322E+023  7.482005006515497E+023  4.934900314552839E+014
  2.099999999999998E+001  2.282082765733217E+018  1.433007785900246E+024  7.917710859281340E+018  8.566262586076616E+023  7.668949273693334E+023  4.829866430790123E+014
  2.149999999999998E+001  2.235440639163366E+018  1.467120804500946E+024  7.881714196856470E+018  8.383796697700650E+023  7.855751786209462E+023  4.729382187416072E+014
  2.199999999999998E+001  2.190611154313707E+018  1.501233815891279E+024  7.847377616053548E+018  8.209046051499110E+023  8.042410860317781E+023  4.633158561772905E+014
  2.249999999999998E+001  2.147493494772291E+018  1.535346820491693E+024  7.814589289997375E+018  8.041531440703733E+023  8.228924850912221E+023  4.540930849753269E+014
  2.299999999999998E+001  2.105994109534925E+018  1.569459818688636E+024  7.783247183044407E+018  7.880813069320711E+023  8.415292154314656E+023  4.452456092118792E+014
  2.349999999999998E+001  2.066026060928676E+018  1.603572810837916E+024  7.753258004659462E+018  7.726486478652473E+023  8.601511210063811E+023  4.367510832211654E+014
  2.399999999999998E+001  2.027508444362840E+018  1.637685797267660E+024  7.724536294437153E+018  7.578178985760341E+023  8.787580501922128E+023  4.285889154540201E+014
  2.449999999999998E+001  1.990365870304143E+018  1.671798778280936E+024  7.697003619484558E+018  7.435546557712271E+023  8.973498558274388E+023  4.207400962607802E+014
  2.499999999999998E+001  1.954528000398287E+018  1.705911754158095E+024  7.670587868396382E+018  7.298271058535777E+023  9.159263952057072E+023  4.131870461479030E+014
  2.549999999999998E+001  1.919929130906611E+018  1.740024725158842E+024  7.645222628534564E+018  7.166057816339862E+023  9.344875300329465E+023  4.059134816325688E+014
  2.599999999999998E+001  1.886507817651112E+018  1.774137691524090E+024  7.620846635373738E+018  7.038633466624468E+023  9.530331263575321E+023  3.989042962861719E+014
  2.649999999999998E+001  1.854206537507890E+018  1.808250653477623E+024  7.597403284374363E+018  6.915744034776284E+023  9.715630544805505E+023  3.921454549386205E+014
  2.699999999999998E+001  1.822971382192407E+018  1.842363611227575E+024  7.574840197261309E+018  6.797153226477003E+023  9.900771888517949E+023  3.856238993281914E+014
  2.799999999999998E+001  1.763492793968583E+018  1.910589511048377E+024  7.532150320658470E+018  6.572399177294041E+023  1.027042058564841E+024  3.732660800096714E+014
  2.899999999999998E+001  1.707715965096419E+018  1.978815396542439E+024  7.492444899368511E+018  6.361975731044222E+023  1.063942492507102E+024  3.616990290369602E+014
  2.999999999999998E+001  1.655310426231011E+018  2.047041268891455E+024  7.455422204461069E+018  6.164869013152756E+023  1.100777528646727E+024  3.508670882238664E+014
  3.099999999999998E+001  1.605985786643893E+018  2.115267129132619E+024  7.420819705867319E+018  5.979894378327061E+023  1.137546295477394E+024  3.407047155982636E+014
  3.199999999999998E+001  1.559483719286261E+018  2.183492978179932E+024  7.388407983431236E+018  5.805975996977464E+023  1.174247996083623E+024  3.311523932168824E+014
  3.299999999999999E+001  1.515573487810711E+018  2.251718816841828E+024  7.357985681578981E+018  5.642158421882964E+023  1.210881895575123E+024  3.221572842365311E+014
  3.399999999999999E+001  1.474048387436339E+018  2.319944645835873E+024  7.329375352537559E+018  5.487592577460670E+023  1.247447312305726E+024  3.136724485620904E+014
  3.499999999999999E+001  1.434722737669510E+018  2.388170465801080E+024  7.302420015475748E+018  5.341521582958939E+023  1.283943611510405E+024  3.056560521594292E+014
  3.599999999999999E+001  1.397429313450922E+018  2.456396277308273E+024  7.276980292383250E+018  5.203268589050581E+023  1.320370200472700E+024  2.980706906074484E+014
  3.699999999999999E+001  1.362017140522746E+018  2.524622080868875E+024  7.252932011165358E+018  5.072226478115151E+023  1.356726524704433E+024  2.908828173783589E+014
  3.799999999999999E+001  1.328349596240164E+018  2.592847876942361E+024  7.230164189503449E+018  4.947849118188959E+023  1.393012064829258E+024  2.840622589584993E+014
  3.899999999999999E+001  1.296302767805890E+018  2.661073665942627E+024  7.208577330817485E+018  4.829643903759348E+023  1.429226333978753E+024  2.775818016515212E+014
  3.999999999999999E+001  1.265764028365934E+018  2.729299448243445E+024  7.188081977446809E+018  4.717165366781345E+023  1.465368875576878E+024  2.714168378654946E+014
  4.099999999999999E+001  1.236630798201582E+018  2.797525224183160E+024  7.168597476914294E+018  4.610009682211101E+023  1.501439261428356E+024  2.655450620452324E+014
  4.199999999999999E+001  1.208809463754857E+018  2.865750994068739E+024  7.150050925577826E+018  4.507809924786328E+023  1.537437090050935E+024  2.599462082569405E+014
  4.299999999999999E+001  1.182214431704950E+018  2.933976758179285E+024  7.132376260640939E+018  4.410231959577402E+023  1.573361985207171E+024  2.546018228873453E+014
  4.399999999999999E+001  1.156767298979867E+018  3.002202516769082E+024  7.115513476794054E+018  4.316970869472687E+023  1.609213594601857E+024  2.494950670770542E+014
  4.499999999999999E+001  1.132396122603089E+018  3.070428270070265E+024  7.099407947994030E+018  4.227747839379562E+023  1.644991588718482E+024  2.446105444363169E+014
  4.599999999999999E+001  1.109034775766138E+018  3.138654018295134E+024  7.084009838294617E+018  4.142307430379400E+023  1.680695659773386E+024  2.399341503412052E+014
  4.699999999999999E+001  1.086622378584440E+018  3.206879761638209E+024  7.069273588390761E+018  4.060415188030423E+023  1.716325520770225E+024  2.354529397175756E+014
  4.799999999999999E+001  1.065102793714894E+018  3.275105500278011E+024  7.055157466772892E+018  3.981855537976941E+023  1.751880904640318E+024  2.311550107181440E+014
  4.899999999999999E+001  1.044424178452247E+018  3.343331234378654E+024  7.041623176208538E+018  3.906429929393437E+023  1.787361563456894E+024  2.270294021070170E+014
  4.999999999999999E+001  1.024538586128215E+018  3.411556964091238E+024  7.028635507760911E+018  3.833955192878403E+023  1.822767267713090E+024  2.230660025035522E+014
  5.099999999999999E+001  1.005401610653058E+018  3.479782689555093E+024  7.016162035782040E+018  3.764262084460414E+023  1.858097805655170E+024  2.192554699172094E+014
  5.199999999999999E+001  9.869720688970040E+017  3.548008410898875E+024  7.004172848332638E+018  3.697193991581913E+023  1.893352982663654E+024  2.155891602379189E+014
  5.399999999999999E+001  9.520903056610488E+017  3.684459837805147E+024  6.981535812344816E+018  3.570491444197991E+023  1.963562241642712E+024  2.086641128432736E+014
  5.599999999999999E+001  9.196124677077609E+017  3.820911249748560E+024  6.960530396947729E+018  3.452595760842098E+023  2.033469070926343E+024  2.022224060728028E+014
  5.799999999999999E+001  8.892994229146048E+017  3.957362647434781E+024  6.940986494648836E+018  3.342681154875630E+023  2.103072334170863E+024  1.962187621524368E+014
  5.999999999999999E+001  8.609426880100495E+017  4.093814031475102E+024  6.922756837724094E+018  3.239966298684296E+023  2.172371159546629E+024  1.906100553226075E+014
  6.199999999999999E+001  8.343595516103282E+017  4.230265402401288E+024  6.905713294346198E+018  3.143766521979544E+023  2.241364926010009E+024  1.853584883245706E+014
  6.399999999999999E+001  8.093892335098355E+017  4.366716760677702E+024  6.889743858772625E+018  3.053480892487877E+023  2.310053240624581E+024  1.804308991447111E+014
  6.599999999999999E+001  7.858897105557665E+017  4.503168106711299E+024  6.874750192051215E+018  2.968579879452100E+023  2.378435918310967E+024  1.757980789141801E+014
  6.799999999999999E+001  7.637350749448684E+017  4.639619440859885E+024  6.860645599381208E+018  2.888595087517618E+023  2.446512965019012E+024  1.714342021089789E+014
  6.999999999999999E+001  7.428133241002868E+017  4.776070763439020E+024  6.847353356311618E+018  2.813110707493625E+023  2.514284563555081E+024  1.673163521420154E+014
  7.199999999999999E+001  7.230245025286488E+017  4.912522074727796E+024  6.834805315567114E+018  2.741756360048049E+023  2.581751061283510E+024  1.634241246028344E+014
  7.399999999999999E+001  7.042791323141160E+017  5.048973374973692E+024  6.822940741114035E+018  2.674201074945104E+023  2.648912959153031E+024  1.597392937212309E+014
  7.599999999999999E+001  6.864968815359452E+017  5.185424664396696E+024  6.811705327375856E+018  2.610148201257484E+023  2.715770901691699E+024  1.562455305719236E+014
  7.799999999999999E+001  6.696054297769178E+017  5.321875943192803E+024  6.801050370185437E+018  2.549331085013440E+023  2.782325667742065E+024  1.529281638668012E+014
  7.999999999999999E+001  6.535394976677842E+017  5.458327211536992E+024  6.790932062777842E+018  2.491509382749140E+023  2.848578161788911E+024  1.497739759962701E+014
  8.199999999999999E+001  6.382400135709206E+017  5.594778469585788E+024  6.781310895362558E+018  2.436465904568106E+023  2.914529405782399E+024  1.467710283986403E+014
  8.399999999999999E+001  6.236533954091254E+017  5.731229717479468E+024  6.772151140922264E+018  2.384003900165499E+023  2.980180531391109E+024  1.439085114506643E+014
  8.599999999999999E+001  6.097309295695990E+017  5.867680955343950E+024  6.763420413129410E+018  2.333944717058115E+023  3.045532772639812E+024  1.411766149544425E+014
  8.799999999999999E+001  5.964282319700668E+017  6.004132183292441E+024  6.755089284849753E+018  2.286125772879242E+023  3.110587458899724E+024  1.385664159990152E+014
  8.999999999999999E+001  5.837047789261137E+017  6.140583401426867E+024  6.747130957761562E+018  2.240398793740766E+023  3.175346008207574E+024  1.360697815389300E+014
  9.499999999999999E+001  5.542108570400280E+017  6.481711386437972E+024  6.728711863341313E+018  2.134565871540147E+023  3.335425413369331E+024  1.302852528357389E+014
  9.999999999999999E+001  5.276095124213569E+017  6.822839312238924E+024  6.712145955914460E+018  2.039105201245263E+023  3.493709675581195E+024  1.250635259389105E+014
  1.050000000000000E+002  5.034943485551395E+017  7.163967179699262E+024  6.697167045674388E+018  1.952568304625798E+023  3.650224230573316E+024  1.203251722492586E+014
  1.100000000000000E+002  4.815316288443526E+017  7.505094989501207E+024  6.683557547484427E+018  1.873745652001814E+023  3.804997428691832E+024  1.160038494881005E+014
  1.150000000000000E+002  4.614447458465891E+017  7.846222742181850E+024  6.671137878069142E+018  1.801636784367968E+023  3.958059661927588E+024  1.120448645224924E+014
  1.200000000000000E+002  4.430025178232935E+017  8.187350438164939E+024  6.659758510901938E+018  1.735407200257947E+023  4.109442740281389E+024  1.084027295990411E+014
  1.250000000000000E+002  4.260102432694847E+017  8.528478077785117E+024  6.649293943741937E+018  1.674355359325926E+023  4.259179442572408E+024  1.050393003920624E+014
  1.300000000000000E+002  4.103027857392572E+017  8.869605661306614E+024  6.639638062600735E+018  1.617887251490120E+023  4.407303174208783E+024  1.019223522797429E+014
  1.350000000000000E+002  3.957391720892001E+017  9.210733188937744E+024  6.630700539114864E+018  1.565496582096055E+023  4.553847695319547E+024  9.902447713052366E+013
  1.400000000000000E+002  3.821983319561997E+017  9.551860660842240E+024  6.622404002247084E+018  1.516749177199424E+023  4.698846899594114E+024  9.632221820032286E+013
  1.450000000000000E+002  3.695757071213744E+017  9.892988077148200E+024  6.614681796885272E+018  1.471270596690755E+023  4.842334632327816E+024  9.379538474880080E+013
  1.500000000000000E+002  3.577805306046188E+017  1.023411543795513E+025  6.607476192018258E+018  1.428736211552408E+023  4.984344540189204E+024  9.142650410969383E+013
  1.550000000000000E+002  3.467336262238394E+017  1.057524274333961E+025  6.600736936697046E+018  1.388863192318668E+023  5.124909947354351E+024  8.920038007169305E+013
  1.600000000000000E+002  3.363656161579492E+017  1.091636999335976E+025  6.594420087503199E+018  1.351403993166001E+023  5.264063753892491E+024  8.710373428844261E+013
  1.610000000000000E+002  3.343666897497868E+017  1.098459544114686E+025  6.593203572369274E+018  1.344165311548534E+023  5.291838082557474E+024  8.669846381353409E+013
  1.620000000000000E+002  3.323920441326132E+017  1.105282088671745E+025  6.592002123083891E+018  1.337016665570238E+023  5.319556281604564E+024  8.629802068939388E+013
  1.640000000000000E+002  3.285144553836998E+017  1.118927176899897E+025  6.589643481018582E+018  1.322979689684198E+023  5.374770855786024E+024  8.551067013325369E+013
  1.660000000000000E+002  3.247287749574585E+017  1.132572264242382E+025  6.587341828591817E+018  1.309268906716195E+023  5.429765943635175E+024  8.474067925372708E+013
  1.680000000000000E+002  3.210317513432098E+017  1.146217350699444E+025  6.585095118942524E+018  1.295873634993298E+023  5.484543783664268E+024  8.398752714978073E+013
  1.700000000000000E+002  3.174202856174771E+017  1.159862436271289E+025  6.582901402135716E+018  1.282782875858176E+023  5.539106544359453E+024  8.325065265355111E+013
  1.750000000000000E+002  3.087507362316157E+017  1.193975144675607E+025  6.577638071422581E+018  1.251364029065350E+023  5.674202305030365E+024  8.147731086053316E+013
  1.800000000000000E+002  3.005546333308335E+017  1.228087847555441E+025  6.572667593625840E+018  1.221625970680832E+023  5.808015395977383E+024  7.979461539413933E+013
  1.850000000000000E+002  2.927939980457820E+017  1.262200544911239E+025  6.567966114014026E+018  1.193435694635366E+023  5.940574467873311E+024  7.819533974733770E+013
  1.900000000000000E+002  2.854348106030340E+017  1.296313236743129E+025  6.563512297827528E+018  1.166672291421537E+023  6.071907994374050E+024  7.667294903491506E+013
  1.950000000000000E+002  2.784465088627786E+017  1.330425923050946E+025  6.559287007066728E+018  1.141227276491198E+023  6.202043993201830E+024  7.522162431816252E+013
  2.000000000000000E+002  2.718015607493735E+017  1.364538603834270E+025  6.555273025383477E+018  1.117003014142527E+023  6.331009882561794E+024  7.383615237644744E+013
  2.050000000000000E+002  2.654750981208259E+017  1.398651279092475E+025  6.551454823128436E+018  1.093911378647085E+023  6.458832411988812E+024  7.251184024292072E+013
  2.100000000000000E+002  2.594446022574340E+017  1.432763948824773E+025  6.547818355960055E+018  1.071872614895921E+023  6.585537630163227E+024  7.124444760088611E+013
  2.150000000000000E+002  2.536896327824876E+017  1.466876613030253E+025  6.544350891587255E+018  1.050814361806092E+023  6.711150871867565E+024  7.003013125175430E+013
  2.200000000000000E+002  2.481915932229398E+017  1.500989271707919E+025  6.541040860180937E+018  1.030670810601626E+023  6.835696755690156E+024  6.886539836703742E+013
  2.250000000000000E+002  2.429335275815338E+017  1.535101924856712E+025  6.537877724773769E+018  1.011381976134105E+023  6.959199188284361E+024  6.774706656304533E+013
  2.300000000000000E+002  2.378999432484679E+017  1.569214572475534E+025  6.534851868604343E+018  9.928930636679594E+022  7.081681372910688E+024  6.667222949578581E+013
  2.350000000000000E+002  2.330766563633888E+017  1.603327214563269E+025  6.531954496878945E+018  9.751539167403821E+022  7.203165820918344E+024  6.563822702965720E+013
  2.400000000000000E+002  2.284506563789466E+017  1.637439851118798E+025  6.529177550844951E+018  9.581185341876128E+022  7.323674365305959E+024  6.464261925021398E+013
  2.450000000000000E+002  2.240099871023675E+017  1.671552482141005E+025  6.526513632413957E+018  9.417446464112352E+022  7.443228175771872E+024  6.368316373771553E+013
  2.500000000000000E+002  2.197436419235723E+017  1.705665107628794E+025  6.523955937854910E+018  9.259933425642984E+022  7.561847774827697E+024  6.275779562489189E+013
  2.550000000000000E+002  2.156414712950890E+017  1.739777727581091E+025  6.521498199309841E+018  9.108287416512095E+022  7.679553054653878E+024  6.186461004410597E+013
  2.600000000000000E+002  2.116941008245765E+017  1.773890341996850E+025  6.519134633077035E+018  8.962177016180306E+022  7.796363294448281E+024  6.100184663370235E+013
  2.650000000000000E+002  2.078928585865757E+017  1.808002950875061E+025  6.516859893765907E+018  8.821295614066595E+022  7.912297178070737E+024  6.016787582545302E+013
  2.700000000000000E+002  2.042297104652513E+017  1.842115554214746E+025  6.514669033560825E+018  8.685359116927899E+022  8.027372811825484E+024  5.936118667763348E+013
  2.800000000000000E+002  1.972919130939491E+017  1.910340738758669E+025  6.510522167553165E+018  8.427718123295998E+022  8.254220205698189E+024  5.782566692765602E+013
  2.900000000000000E+002  1.908230253222038E+017  1.978565901155088E+025  6.506659625227984E+018  8.186865237549525E+022  8.477885475605007E+024  5.638390939084170E+013
  3.000000000000000E+002  1.847766970325616E+017  2.046791041395333E+025  6.503052942973471E+018  7.961165857866408E+022  8.698487936865216E+024  5.502683948834299E+013
  3.100000000000000E+002  1.791125045504561E+017  2.115016159472384E+025  6.499677338827294E+018  7.749191202931122E+022  8.916141582830239E+024  5.374667953634636E+013
  3.150000000000000E+002  1.764112220615130E+017  2.149128712962879E+025  6.498068855673147E+018  7.647795829745714E+022  9.024245654550261E+024  5.313282972681944E+013
  3.200000000000000E+002  1.737926472763558E+017  2.183241260905769E+025  6.496510274283470E+018  7.549385541144895E+022  9.131641960525692E+024  5.253559879681231E+013
  3.250000000000000E+002  1.712530020525353E+017  2.217353803301030E+025  6.494999288720258E+018  7.453824333608480E+022  9.238344283319405E+024  5.195434179635248E+013
  3.300000000000000E+002  1.687887369017165E+017  2.251466340148413E+025  6.493533733707174E+018  7.360987052856963E+022  9.344365606581616E+024  5.138843137261586E+013
  3.350000000000000E+002  1.663965133794221E+017  2.285578871447577E+025  6.492111573862551E+018  7.270755555841591E+022  9.449718342097294E+024  5.083725257721163E+013
  3.400000000000000E+002  1.640731883453299E+017  2.319691397198152E+025  6.490730894014043E+018  7.183018382858159E+022  9.554414441954001E+024  5.030021440104762E+013
  3.500000000000000E+002  1.596233902726618E+017  2.387916426522126E+025  6.488087534720754E+018  7.014853408356210E+022  9.761264370655894E+024  4.926726496798036E+013
  3.550000000000000E+002  1.574895853674310E+017  2.422028935633158E+025  6.486820844503250E+018  6.933986327179824E+022  9.864064420884945E+024  4.876953766498200E+013
  3.600000000000000E+002  1.554137984648985E+017  2.456141439193482E+025  6.485589013195466E+018  6.855227624298043E+022  9.966250924399492E+024  4.828378723880509E+013
  3.650000000000000E+002  1.533936717990142E+017  2.490253937203070E+025  6.484390608711277E+018  6.778491847096240E+022  1.006783452009358E+025  4.780958944272498E+013
  3.700000000000000E+002  1.514269746576765E+017  2.524366429661760E+025  6.483224276762108E+018  6.703699893313747E+022  1.016882533949253E+025  4.734653532403131E+013
  3.800000000000000E+002  1.476469727089090E+017  2.592591392392025E+025  6.480983303335245E+018  6.559844958327913E+022  1.036850684835941E+025  4.645304830013607E+013
  3.900000000000000E+002  1.440565394750020E+017  2.660816332929770E+025  6.478856005332171E+018  6.422892281333323E+022  1.056595646526652E+025  4.559965050275750E+013
  3.950000000000000E+002  1.423273273954431E+017  2.694928797645146E+025  6.477832052855194E+018  6.356759098158439E+022  1.066413234164476E+025  4.518677264274646E+013
  4.000000000000000E+002  1.406403976185984E+017  2.729041256807532E+025  6.476833415885526E+018  6.292172239363417E+022  1.076176859215960E+025  4.478279551230223E+013
  4.050000000000000E+002  1.389942023017162E+017  2.763153710417089E+025  6.475859158300668E+018  6.229075591527563E+022  1.085887383907834E+025  4.438745085517020E+013
  4.100000000000000E+002  1.373872689763717E+017  2.797266158473820E+025  6.474908389875478E+018  6.167416804267490E+022  1.095545626685832E+025  4.400047017551100E+013
  4.200000000000000E+002  1.342867212781668E+017  2.865491032391463E+025  6.473074371370846E+018  6.048364036583498E+022  1.114658708302103E+025  4.325115923480720E+013
  4.300000000000000E+002  1.313271063142629E+017  2.933715884109430E+025  6.471324595263517E+018  5.934477391060563E+022  1.133573924789284E+025  4.253228117806590E+013
  4.400000000000000E+002  1.284989425827112E+017  3.001940713625697E+025  6.469653337245477E+018  5.825417116594858E+022  1.152296725437325E+025  4.184185168411522E+013
  4.500000000000000E+002  1.257935830185224E+017  3.070165520938964E+025  6.468055381700608E+018  5.720872777280088E+022  1.170832354463652E+025  4.117810435341391E+013
  4.600000000000000E+002  1.232031255683038E+017  3.138390306048307E+025  6.466525966537529E+018  5.620560602251648E+022  1.189185827896194E+025  4.053943530054412E+013
  4.700000000000000E+002  1.207203346509043E+017  3.206615068953058E+025  6.465060734923011E+018  5.524220509732096E+022  1.207361936898740E+025  3.992437472234173E+013
  4.800000000000000E+002  1.183385722507690E+017  3.274839809652762E+025  6.463655693018837E+018  5.431613622654953E+022  1.225365257946023E+025  3.933157010315535E+013
  4.900000000000000E+002  1.160517373624429E+017  3.343064528147145E+025  6.462307172891390E+018  5.342520119226352E+022  1.243200164563109E+025  3.875977362060728E+013
  5.000000000000000E+002  1.138542126482979E+017  3.411289224436099E+025  6.461011799876607E+018  5.256737349102130E+022  1.260870839100937E+025  3.820783167196427E+013
  5.100000000000000E+002  1.117408173328704E+017  3.479513898519668E+025  6.459766463790366E+018  5.174078172670390E+022  1.278381284054972E+025  3.767467582690846E+013
  5.200000000000000E+002  1.097067655016277E+017  3.547738550398043E+025  6.458568293466762E+018  5.094369491576924E+022  1.295735332760889E+025  3.715931488980493E+013
  5.300000000000000E+002  1.077476290951480E+017  3.615963180071549E+025  6.457414634184311E+018  5.017450944629834E+022  1.312936659421475E+025  3.666082787971361E+013
  5.400000000000000E+002  1.058593049934817E+017  3.684187787540646E+025  6.456303027605112E+018  4.943173747450773E+022  1.329988788468718E+025  3.617835779064152E+013
  5.500000000000000E+002  1.040379856727626E+017  3.752412372805914E+025  6.455231193906631E+018  4.871399657539153E+022  1.346895103286884E+025  3.571110602457270E+013
  5.600000000000000E+002  1.022801329896386E+017  3.820636935868059E+025  6.454197015831444E+018  4.802000049097976E+022  1.363658854331833E+025  3.525832740955883E+013
  5.700000000000000E+002  1.005824547111317E+017  3.888861476727902E+025  6.453198524418977E+018  4.734855084193169E+022  1.380283166685266E+025  3.481932572955182E+013
  5.800000000000000E+002  9.894188346002262E+016  3.957085995386377E+025  6.452233886215765E+018  4.669852968681212E+022  1.396771047083118E+025  3.439344970382439E+013
  5.900000000000000E+002  9.735555779039443E+016  4.025310491844529E+025  6.451301391788525E+018  4.606889282910810E+022  1.413125390456216E+025  3.398008936279222E+013
  6.000000000000000E+002  9.582080514586246E+016  4.093534966103512E+025  6.450399445387654E+018  4.545866378536303E+022  1.429348986019503E+025  3.357867277442529E+013
  6.100000000000000E+002  9.433512648534512E+016  4.161759418164579E+025  6.449526555628946E+018  4.486692833914102E+022  1.445444522943959E+025  3.318866308158358E+013
  6.200000000000000E+002  9.289618238888680E+016  4.229983848029093E+025  6.448681327078265E+018  4.429282961521696E+022  1.461414595643008E+025  3.280955581579443E+013
  6.300000000000000E+002  9.150178047976662E+016  4.298208255698509E+025  6.447862452638702E+018  4.373556361668357E+022  1.477261708702931E+025  3.244087645738527E+013
  6.400000000000000E+002  9.014986401952059E+016  4.366432641174385E+025  6.447068706652239E+018  4.319437517479633E+022  1.492988281484513E+025  3.208217821564190E+013
  6.500000000000000E+002  8.883850155009053E+016  4.434657004458366E+025  6.446298938638836E+018  4.266855426751868E+022  1.508596652421078E+025  3.173304000588282E+013
  6.600000000000000E+002  8.756587747250474E+016  4.502881345552199E+025  6.445552067605245E+018  4.215743266803748E+022  1.524089083036039E+025  3.139306460311516E+013
  6.700000000000000E+002  8.633028346465490E+016  4.571105664457713E+025  6.444827076863866E+018  4.166038088911385E+022  1.539467761701237E+025  3.106187695433574E+013
  6.800000000000000E+002  8.513011065215709E+016  4.639329961176834E+025  6.444123009309110E+018  4.117680539312342E+022  1.554734807155624E+025  3.073912263361927E+013
  6.900000000000000E+002  8.396384245622094E+016  4.707554235711563E+025  6.443438963104734E+018  4.070614604111151E+022  1.569892271802257E+025  3.042446642594429E+013
  7.000000000000000E+002  8.283004805111720E+016  4.775778488063997E+025  6.442774087741019E+018  4.024787375721527E+022  1.584942144800100E+025  3.011759102728296E+013
  7.100000000000000E+002  8.172737637140083E+016  4.844002718236303E+025  6.442127580425267E+018  3.980148838744849E+022  1.599886354965794E+025  2.981819584985818E+013
  7.200000000000000E+002  8.065455061567443E+016  4.912226926230738E+025  6.441498682773167E+018  3.936651673416213E+022  1.614726773499320E+025  2.952599592267800E+013
  7.400000000000000E+002  7.859446235722800E+016  5.048675253584366E+025  6.440291179562206E+018  3.853039031399953E+022  1.644005289275208E+025  2.896284041219451E+013
  7.600000000000000E+002  7.663997085521267E+016  5.185123492313188E+025  6.439145946221483E+018  3.773469916652095E+022  1.672894521040605E+025  2.842539438636546E+013
  7.700000000000000E+002  7.569944466473029E+016  5.253347589508340E+025  6.438595049835538E+018  3.735047880502376E+022  1.687243651694876E+025  2.816542048521225E+013
  7.800000000000000E+002  7.478240957710712E+016  5.321571664538793E+025  6.438057992631359E+018  3.697530527045166E+022  1.701498998601498E+025  2.791117186791228E+013
  7.900000000000000E+002  7.388798725831424E+016  5.389795717407974E+025  6.437534254199361E+018  3.660885189092883E+022  1.715662140832511E+025  2.766247123690370E+013
  8.000000000000000E+002  7.301534294627694E+016  5.458019748119030E+025  6.437023340062333E+018  3.625080776421432E+022  1.729734593536410E+025  2.741913502626256E+013
  8.200000000000000E+002  7.133283195692531E+016  5.594467720983155E+025  6.436038340566579E+018  3.555979721065078E+022  1.757527144203995E+025  2.694840517491445E+013
  8.400000000000000E+002  6.972831657220755E+016  5.730915605305777E+025  6.435099250583887E+018  3.489894465573614E+022  1.784977891954949E+025  2.649708054661130E+013
  8.600000000000000E+002  6.819644512304586E+016  5.867363401108355E+025  6.434202902656038E+018  3.426624300309767E+022  1.812097109331036E+025  2.606388939187243E+013
  8.800000000000000E+002  6.673234637056410E+016  6.003811108414296E+025  6.433346415296137E+018  3.365986361090689E+022  1.838894638065877E+025  2.564769204567549E+013
  9.000000000000000E+002  6.533157682109368E+016  6.140258727248285E+025  6.432527161412349E+018  3.307813587611221E+022  1.865379883427472E+025  2.524744900325627E+013
  9.200000000000000E+002  6.399007473115986E+016  6.276706257636028E+025  6.431742740794344E+018  3.251952994922274E+022  1.891561831504904E+025  2.486220726141814E+013
  9.400000000000000E+002  6.270411990234942E+016  6.413153699604104E+025  6.430990956089499E+018  3.198264197287232E+022  1.917449071140617E+025  2.449109065162894E+013
  9.600000000000000E+002  6.147029844830706E+016  6.549601053179854E+025  6.430269791768487E+018  3.146618121805437E+022  1.943049816530134E+025  2.413329185333813E+013
  9.800000000000000E+002  6.028547183598669E+016  6.686048318391304E+025  6.429577395656814E+018  3.096895879860051E+022  1.968371929156339E+025  2.378806553563615E+013
  1.000000000000000E+003  5.914674961013438E+016  6.822495495267117E+025  6.428912062674969E+018  3.048987772877616E+022  1.993422938553241E+025  2.345472237410333E+013
  1.020000000000000E+003  5.805146530040676E+016  6.958942583836511E+025  6.428272220485247E+018  3.002792413495689E+022  2.018210061735097E+025  2.313262378451125E+013
  1.040000000000000E+003  5.699715508630053E+016  7.095389584129225E+025  6.427656416789328E+018  2.958215946493396E+022  2.042740221277407E+025  2.282117726051363E+013
  1.060000000000000E+003  5.598153885843977E+016  7.231836496175476E+025  6.427063308059233E+018  2.915171356344311E+022  2.067020062102769E+025  2.251983222867158E+013
  1.080000000000000E+003  5.500250336781893E+016  7.368283320005917E+025  6.426491649516249E+018  2.873577850254662E+022  2.091055967051986E+025  2.222807635115689E+013
  1.100000000000000E+003  5.405808719910257E+016  7.504730055651581E+025  6.425940286199427E+018  2.833360307188914E+022  2.114854071329766E+025  2.194543221853789E+013
  1.120000000000000E+003  5.314646734151664E+016  7.641176703143869E+025  6.425408144987733E+018  2.794448784744426E+022  2.138420275914370E+025  2.167145438417402E+013
  1.140000000000000E+003  5.226594716244230E+016  7.777623262514501E+025  6.424894227459056E+018  2.756778076874737E+022  2.161760260016546E+025  2.140572669894756E+013
  1.160000000000000E+003  5.141494561553730E+016  7.914069733795481E+025  6.424397603485298E+018  2.720287316419471E+022  2.184879492667204E+025  2.114785991091105E+013
  1.180000000000000E+003  5.059198753787566E+016  8.050516117019082E+025  6.423917405476406E+018  2.684919617210192E+022  2.207783243506875E+025  2.089748949926932E+013
  1.200000000000000E+003  4.979569490988438E+016  8.186962412217794E+025  6.423452823197864E+018  2.650621751211119E+022  2.230476592843613E+025  2.065427371617366E+013
  1.220000000000000E+003  4.902477896831283E+016  8.323408619424318E+025  6.423003099095983E+018  2.617343856741931E+022  2.252964441039937E+025  2.041789181323693E+013
  1.240000000000000E+003  4.827803307655309E+016  8.459854738671531E+025  6.422567524073811E+018  2.585039174333271E+022  2.275251517283700E+025  2.018804243260330E+013
  1.260000000000000E+003  4.755432626871042E+016  8.596300769992453E+025  6.422145433667719E+018  2.553663807197705E+022  2.297342387792755E+025  1.996444214490754E+013
  1.280000000000000E+003  4.685259739421366E+016  8.732746713420239E+025  6.421736204581000E+018  2.523176503670806E+022  2.319241463498504E+025  1.974682411861189E+013
  1.300000000000000E+003  4.617184979871507E+016  8.869192568988148E+025  6.421339251536080E+018  2.493538459298001E+022  2.340953007249323E+025  1.953493690706569E+013
  1.320000000000000E+003  4.551114648477342E+016  9.005638336729520E+025  6.420954024411702E+018  2.464713136520500E+022  2.362481140570994E+025  1.932854334124088E+013
  1.340000000000000E+003  4.486960570252231E+016  9.142084016677766E+025  6.420580005635376E+018  2.436666100154451E+022  2.383829850017966E+025  1.912741951749288E+013
  1.360000000000000E+003  4.424639692635203E+016  9.278529608866338E+025  6.420216707804900E+018  2.409364867066748E+022  2.405002993146187E+025  1.893135387091176E+013
  1.380000000000000E+003  4.364073717870212E+016  9.414975113328710E+025  6.419863671515777E+018  2.382778768633320E+022  2.426004304135517E+025  1.874014632588938E+013
  1.400000000000000E+003  4.305188766648259E+016  9.551420530098373E+025  6.419520463374022E+018  2.356878824724880E+022  2.446837399087303E+025  1.855360751645594E+013
  1.450000000000000E+003  4.164956997809090E+016  9.892533524808554E+025  6.418703063834724E+018  2.295122643467016E+022  2.497914176513957E+025  1.810759370346632E+013
  1.500000000000000E+003  4.033801985730804E+016  1.023364597274545E+026  6.417938724499428E+018  2.237075243055394E+022  2.548032801808880E+025  1.768703807140062E+013
  1.510000000000000E+003  4.008564931284642E+016  1.030186844044313E+026  6.417791707653228E+018  2.225841154655500E+022  2.558018770194698E+025  1.760555549002964E+013
  1.520000000000000E+003  3.983650436885961E+016  1.037009088625857E+026  6.417646574834901E+018  2.214740040560793E+022  2.567967467842018E+025  1.752496760165550E+013
  1.540000000000000E+003  3.934772680306410E+016  1.050653569042295E+026  6.417361844592899E+018  2.192945936902105E+022  2.587718762747945E+025  1.736655274838014E+013
  1.560000000000000E+003  3.887111969057920E+016  1.064298040715549E+026  6.417084222689335E+018  2.171654871335883E+022  2.607326852024529E+025  1.721159679567460E+013
  1.580000000000000E+003  3.840622912148163E+016  1.077942503649047E+026  6.416813443280429E+018  2.150848873092916E+022  2.626794535554945E+025  1.705998194596890E+013
  1.600000000000000E+003  3.795262362461699E+016  1.091586957846157E+026  6.416549253696465E+018  2.130510815399501E+022  2.646124517507986E+025  1.691159607217229E+013
  1.620000000000000E+003  3.750989278537924E+016  1.105231403310205E+026  6.416291413629796E+018  2.110624374705234E+022  2.665319415167357E+025  1.676633171319716E+013
  1.640000000000000E+003  3.707764596733283E+016  1.118875840044486E+026  6.416039694383455E+018  2.091173986782024E+022  2.684381765763668E+025  1.662408596450319E+013
  1.660000000000000E+003  3.665551112821805E+016  1.132520268052264E+026  6.415793878174922E+018  2.072144804928653E+022  2.703314031586527E+025  1.648476035170243E+013
  1.680000000000000E+003  3.624313372142827E+016  1.146164687336784E+026  6.415553757490022E+018  2.053522660031992E+022  2.722118604030017E+025  1.634826065897656E+013
  1.700000000000000E+003  3.584017567533756E+016  1.159809097901266E+026  6.415319134482525E+018  2.035294022773033E+022  2.740797806958431E+025  1.621449673778148E+013
  1.710000000000000E+003  3.564209797767495E+016  1.166631301003448E+026  6.415203815462996E+018  2.026316221956588E+022  2.750106387553955E+025  1.614857363176023E+013
  1.720000000000000E+003  3.544625632855845E+016  1.173453501926050E+026  6.415089801221817E+018  2.017432117801870E+022  2.759384249756507E+025  1.608329971736159E+013
  1.740000000000000E+003  3.506118568738593E+016  1.187097895057918E+026  6.414865616912262E+018  1.999952405493684E+022  2.777819161223581E+025  1.595474559899590E+013
  1.760000000000000E+003  3.468460974582593E+016  1.200742279479445E+026  6.414646389294037E+018  1.982829163840809E+022  2.796135346573551E+025  1.582868346194203E+013
  1.780000000000000E+003  3.431624749603059E+016  1.214386655193702E+026  6.414431953990228E+018  1.966051057504196E+022  2.814334865848202E+025  1.570503499075979E+013
  1.800000000000000E+003  3.395583024648798E+016  1.228031022203774E+026  6.414222153848816E+018  1.949607249762355E+022  2.832419733181563E+025  1.558372669879187E+013
  1.820000000000000E+003  3.360310095834481E+016  1.241675380512737E+026  6.414016838551102E+018  1.933487368843506E+022  2.850391913674799E+025  1.546468851404332E+013
  1.840000000000000E+003  3.325781362096728E+016  1.255319730123653E+026  6.413815864244135E+018  1.917681479457003E+022  2.868253323126900E+025  1.534785337290596E+013
  1.860000000000000E+003  3.291973266615456E+016  1.268964071039568E+026  6.413619093196203E+018  1.902180058519912E+022  2.886005828716498E+025  1.523315698615085E+013
  1.880000000000000E+003  3.258863241884344E+016  1.282608403263507E+026  6.413426393473933E+018  1.886973973172268E+022  2.903651250085642E+025  1.512053766194084E+013
  1.900000000000000E+003  3.226429658193125E+016  1.296252726798472E+026  6.413237638639537E+018  1.872054460486865E+022  2.921191360592724E+025  1.500993615770873E+013
  1.950000000000000E+003  3.148200062348475E+016  1.330363481395741E+026  6.412782318251433E+018  1.836029869272670E+022  2.964405823389736E+025  1.474238791271851E+013
  2.000000000000000E+003  3.073765090180324E+016  1.364474181793138E+026  6.412349127512580E+018  1.801614679328705E+022  3.007008414057825E+025  1.448625278857910E+013
  2.010000000000000E+003  3.059302045316055E+016  1.371296319703582E+026  6.412264979989314E+018  1.794896897779866E+022  3.015504747256282E+025  1.443621833833475E+013
  2.020000000000000E+003  3.044977967760647E+016  1.378118455445574E+026  6.412181642462515E+018  1.788238450426939E+022  3.023977143282317E+025  1.438659686411054E+013
  2.040000000000000E+003  3.016742039046508E+016  1.391762718260486E+026  6.412017361059569E+018  1.775105104733942E+022  3.040827716620452E+025  1.428863711133192E+013
  2.060000000000000E+003  2.989038088955659E+016  1.405406972409270E+026  6.411856180414776E+018  1.762199489337612E+022  3.057585557917647E+025  1.419229302197204E+013
  2.080000000000000E+003  2.961851063521930E+016  1.419051217894813E+026  6.411698012607925E+018  1.749515472636429E+022  3.074252108396315E+025  1.409752346610945E+013
  2.100000000000000E+003  2.935166475669866E+016  1.432695454719940E+026  6.411542773034953E+018  1.737047136603798E+022  3.090828765058992E+025  1.400428868646056E+013
  2.150000000000000E+003  2.870584059938036E+016  1.466805992714226E+026  6.411167022631041E+018  1.706840223469517E+022  3.131726072440373E+025  1.377805240009724E+013
  2.200000000000000E+003  2.808849154983912E+016  1.500916476677287E+026  6.410807868178430E+018  1.677857224538795E+022  3.172097820515552E+025  1.356058817969333E+013
  2.250000000000000E+003  2.749775716530118E+016  1.535026906647813E+026  6.410464223229827E+018  1.650021612036919E+022  3.211962254775145E+025  1.335135427588989E+013
  2.300000000000000E+003  2.693193634661027E+016  1.569137282664245E+026  6.410135094605719E+018  1.623263416916434E+022  3.251336750541500E+025  1.314986384117083E+013
  2.350000000000000E+003  2.638947067230784E+016  1.603247604764316E+026  6.409819572601404E+018  1.597518427730105E+022  3.290237766489501E+025  1.295567167458337E+013
  2.400000000000000E+003  2.586892973153386E+016  1.637357872984886E+026  6.409516822382724E+018  1.572727571135213E+022  3.328680869207658E+025  1.276836811519841E+013
  2.450000000000000E+003  2.536899821554777E+016  1.671468087361891E+026  6.409226076419322E+018  1.548836391178731E+022  3.366680778271254E+025  1.258757494422444E+013
  2.500000000000000E+003  2.488846453694302E+016  1.705578247930314E+026  6.408946627816449E+018  1.525794597495191E+022  3.404251416043061E+025  1.241294216537794E+013
  2.550000000000000E+003  2.442621077304485E+016  1.739688354724197E+026  6.408677824424656E+018  1.503555668120718E+022  3.441405956907725E+025  1.224414528983090E+013
  2.600000000000000E+003  2.398120375825105E+016  1.773798407776644E+026  6.408419063623888E+018  1.482076498012684E+022  3.478156874188957E+025  1.208088297363337E+013
  2.650000000000000E+003  2.355248717535798E+016  1.807908407119830E+026  6.408169787693688E+018  1.461317086752548E+022  3.514515984251676E+025  1.192287493187038E+013
  2.700000000000000E+003  2.313917451761809E+016  1.842018352785020E+026  6.407929479694089E+018  1.441240260231716E+022  3.550494487742463E+025  1.176986008346838E+013
  2.750000000000000E+003  2.274044281166500E+016  1.876128244802585E+026  6.407697659792631E+018  1.421811421998650E+022  3.586103008082308E+025  1.162159489385251E+013
  2.800000000000000E+003  2.235552700697403E+016  1.910238083202024E+026  6.407473881982043E+018  1.402998330602789E+022  3.621351627377760E+025  1.147785188974773E+013
  2.850000000000000E+003  2.198371495065221E+016  1.944347868011981E+026  6.407257731140939E+018  1.384770899795770E+022  3.656249919927518E+025  1.133841832491336E+013
  2.900000000000000E+003  2.162434287746491E+016  1.978457599260267E+026  6.407048820396390E+018  1.367101018883647E+022  3.690806983496839E+025  1.120309497884765E+013
  2.950000000000000E+003  2.127679135444067E+016  2.012567276973888E+026  6.406846788752740E+018  1.349962390887453E+022  3.725031468521639E+025  1.107169507303818E+013
  3.000000000000000E+003  2.094048162742654E+016  2.046676901179061E+026  6.406651298955795E+018  1.333330386477442E+022  3.758931605392262E+025  1.094404329140882E+013
  3.050000000000000E+003  2.061487232381909E+016  2.080786471901248E+026  6.406462035565598E+018  1.317181911908896E+022  3.792515229954839E+025  1.081997489335058E+013
  3.100000000000000E+003  2.029945647156326E+016  2.114895989165169E+026  6.406278703214262E+018  1.301495289412107E+022  3.825789807356895E+025  1.069933490919708E+013
  3.150000000000000E+003  1.999375879954349E+016  2.149005452994839E+026  6.406101025028584E+018  1.286250148682045E+022  3.858762454353416E+025  1.058197740926443E+013
  3.200000000000000E+003  1.969733328882196E+016  2.183114863413583E+026  6.405928741199363E+018  1.271427328279524E+022  3.891439960180136E+025  1.046776483865908E+013
  3.250000000000000E+003  1.940976094791321E+016  2.217224220444069E+026  6.405761607681835E+018  1.257008785899139E+022  3.923828806092218E+025  1.035656741099154E+013
  3.300000000000000E+003  1.913064778851181E+016  2.251333524108329E+026  6.405599395013365E+018  1.242977516583600E+022  3.955935183658728E+025  1.024826255494401E+013
  3.350000000000000E+003  1.885962298088760E+016  2.285442774427785E+026  6.405441887236209E+018  1.229317478071899E+022  3.987765011896315E+025  1.014273440834289E+013
  3.400000000000000E+003  1.859633717059160E+016  2.319551971423277E+026  6.405288880914609E+018  1.216013522562560E+022  4.019323953319135E+025  1.003987335499959E+013
  3.450000000000000E+003  1.834046094023012E+016  2.353661115115079E+026  6.405140184236703E+018  1.203051334255002E+022  4.050617428976347E+025  9.939575600116936E+012
  3.500000000000000E+003  1.809168340190841E+016  2.387770205522938E+026  6.404995616192845E+018  1.190417372103449E+022  4.081650632543235E+025  9.841742780526010E+012
  3.550000000000000E+003  1.784971090755697E+016  2.421879242666080E+026  6.404855005822806E+018  1.178098817280358E+022  4.112428543527295E+025  9.746281606427430E+012
  3.600000000000000E+003  1.761426586576479E+016  2.455988226563250E+026  6.404718191525228E+018  1.166083524901168E+022  4.142955939646283E+025  9.653103531670688E+012
  3.650000000000000E+003  1.738508565498242E+016  2.490097157232723E+026  6.404585020423402E+018  1.154359979610360E+022  4.173237408431224E+025  9.562124449921553E+012
  3.700000000000000E+003  1.716192162404629E+016  2.524206034692333E+026  6.404455347782076E+018  1.142917254671263E+022  4.203277358103782E+025  9.473264414346398E+012
  3.750000000000000E+003  1.694453817193467E+016  2.558314858959489E+026  6.404329036470512E+018  1.131744974239443E+022  4.233080027774048E+025  9.386447378688248E+012
  3.800000000000000E+003  1.673271189951152E+016  2.592423630051204E+026  6.404205956467631E+018  1.120833278532633E+022  4.262649497001695E+025  9.301600957827738E+012
  3.850000000000000E+003  1.652623082676245E+016  2.626532347984109E+026  6.404085984405404E+018  1.110172791639390E+022  4.291989694760649E+025  9.218656206114633E+012
  3.900000000000000E+003  1.632489366968850E+016  2.660641012774471E+026  6.403969003147066E+018  1.099754591734656E+022  4.321104407844813E+025  9.137547411927213E+012
  4.000000000000000E+003  1.593699653367207E+016  2.728858129950713E+026  6.403743598724039E+018  1.079648243274858E+022  4.378455859870357E+025  8.980871867414051E+012
  4.100000000000000E+003  1.556748622775912E+016  2.797075034840725E+026  6.403528886129195E+018  1.060410548459145E+022  4.434956118651520E+025  8.830799661670471E+012
  4.150000000000000E+003  1.538917444755445E+016  2.831183434218811E+026  6.403425291171300E+018  1.051082742374474E+022  4.462997671324045E+025  8.757977922739028E+012
  4.200000000000000E+003  1.521498947828669E+016  2.865291780545867E+026  6.403324095214906E+018  1.041951801862456E+022  4.490833916972182E+025  8.686652983762992E+012
  4.250000000000000E+003  1.504478868075841E+016  2.899400073836197E+026  6.403225215280748E+018  1.033011365368952E+022  4.518467853105875E+025  8.616780290244854E+012
  4.300000000000000E+003  1.487843594885524E+016  2.933508314103628E+026  6.403128572191995E+018  1.024255306754998E+022  4.545902354724220E+025  8.548314682474287E+012
  4.350000000000000E+003  1.471580133114792E+016  2.967616501361784E+026  6.403034090355199E+018  1.015677755289529E+022  4.573140211550708E+025  8.481212340213374E+012
  4.400000000000000E+003  1.455676068464619E+016  3.001724635624144E+026  6.402941697558772E+018  1.007273090550824E+022  4.600184137636192E+025  8.415431182200400E+012
  4.500000000000000E+003  1.424906325366764E+016  3.069940692307712E+026  6.402762923742545E+018  9.909883139385094E+021  4.653513776099176E+025  8.287882539081645E+012
  4.600000000000000E+003  1.395437564658282E+016  3.138156537252054E+026  6.402591712995470E+018  9.753309994761220E+021  4.706104978681061E+025  8.165138987654305E+012
  4.700000000000000E+003  1.367188446645793E+016  3.206372170558928E+026  6.402427592142785E+018  9.602641879795042E+021  4.757976748815596E+025  8.046921153149868E+012
  4.750000000000000E+003  1.353494640203842E+016  3.240479934306595E+026  6.402348045662572E+018  9.529297023113288E+021  4.783735728725568E+025  7.989338392037692E+012
  4.800000000000000E+003  1.340078387628382E+016  3.274587645161721E+026  6.402270112230198E+018  9.457307663315889E+021  4.809320102454903E+025  7.932795024135481E+012
  4.850000000000000E+003  1.326931277782895E+016  3.308695303136452E+026  6.402193742935177E+018  9.386635368971994E+021  4.834732005245349E+025  7.877263656612601E+012
  4.900000000000000E+003  1.314045237395532E+016  3.342802908242729E+026  6.402118890832556E+018  9.317242921034677E+021  4.859973510380443E+025  7.822716358813697E+012
  5.000000000000000E+003  1.289030907338586E+016  3.411017907109597E+026  6.401973572590714E+018  9.182363670531095E+021  4.909788588255244E+025  7.716626976163942E+012
  5.100000000000000E+003  1.264971172246298E+016  3.479232694724006E+026  6.401833802637247E+018  9.052174630663527E+021  4.958951215883896E+025  7.614148759255698E+012
  5.200000000000000E+003  1.241812057570613E+016  3.547447271179591E+026  6.401699267086621E+018  8.926425978423030E+021  5.007476387103505E+025  7.515091326245082E+012
  5.300000000000000E+003  1.219503596149131E+016  3.615661636568572E+026  6.401569675372911E+018  8.804885843130695E+021  5.055378445956077E+025  7.419279100113588E+012
  5.400000000000000E+003  1.197999461955089E+016  3.683875790982001E+026  6.401444758117021E+018  8.687338463906664E+021  5.102671144249352E+025  7.326548409607312E+012
  5.500000000000000E+003  1.177256643330770E+016  3.752089734510043E+026  6.401324265224275E+018  8.573582803004818E+021  5.149367699858391E+025  7.236746450391668E+012
  5.600000000000000E+003  1.157235151020030E+016  3.820303467242158E+026  6.401207964184564E+018  8.463431314415203E+021  5.195480840538175E+025  7.149730459134302E+012
  5.700000000000000E+003  1.137897756671651E+016  3.888516989267201E+026  6.401095638549899E+018  8.356708827160148E+021  5.241022838489077E+025  7.065366933570748E+012
  5.800000000000000E+003  1.119209758112975E+016  3.956730300673506E+026  6.400987086567920E+018  8.253251533880588E+021  5.286005539498228E+025  6.983530903842520E+012
  5.900000000000000E+003  1.101138768225484E+016  4.024943401548948E+026  6.400882119952892E+018  8.152906075948544E+021  5.330440388464016E+025  6.904105263252306E+012
  6.000000000000000E+003  1.083654524687749E+016  4.093156291980965E+026  6.400780562778258E+018  8.055528715619430E+021  5.374338452159545E+025  6.826980158168555E+012
  6.100000000000000E+003  1.066728718212117E+016  4.161368972056613E+026  6.400682250476950E+018  7.960984586064269E+021  5.417710439712324E+025  6.752052432973416E+012
  6.200000000000000E+003  1.050334837207015E+016  4.229581441862576E+026  6.400587028937321E+018  7.869147010943275E+021  5.460566721125332E+025  6.679225124966152E+012
  6.300000000000000E+003  1.034448027057711E+016  4.297793701485183E+026  6.400494753684268E+018  7.779896886101465E+021  5.502917344093981E+025  6.608407004236793E+012
  6.400000000000000E+003  1.019044962442589E+016  4.366005751010430E+026  6.400405289136227E+018  7.693122116834036E+021  5.544772049332402E+025  6.539512153950416E+012
  6.500000000000000E+003  1.004103731295174E+016  4.434217590523970E+026  6.400318507930004E+018  7.608717104942475E+021  5.586140284593166E+025  6.472459586963661E+012
  6.600000000000000E+003  9.896037291892482E+015  4.502429220111126E+026  6.400234290306271E+018  7.526582280481185E+021  5.627031217540500E+025  6.407172895149726E+012
  6.700000000000000E+003  9.755255630690990E+015  4.570640639856883E+026  6.400152523549500E+018  7.446623673685688E+021  5.667453747616688E+025  6.343579928215333E+012
  6.800000000000000E+003  9.618509633727294E+015  4.638851849845892E+026  6.400073101476701E+018  7.368752523089686E+021  5.707416517023241E+025  6.281612499152107E+012
  6.900000000000000E+003  9.485627037053038E+015  4.707062850162446E+026  6.399995923970177E+018  7.292884916288497E+021  5.746927920922686E+025  6.221206113779391E+012
  7.000000000000000E+003  9.356445273155860E+015  4.775273640890494E+026  6.399920896549815E+018  7.218941460200330E+021  5.785996116952824E+025  6.162299722111582E+012
  7.100000000000000E+003  9.230810797116394E+015  4.843484222113610E+026  6.399847929981152E+018  7.146846978021711E+021  5.824629034133156E+025  6.104835489525334E+012
  7.200000000000000E+003  9.108578468251282E+015  4.911694593914998E+026  6.399776939915716E+018  7.076530230376340E+021  5.862834381232467E+025  6.048758585915117E+012
  7.300000000000000E+003  8.989610981977643E+015  4.979904756377473E+026  6.399707846560566E+018  7.007923658422697E+021  5.900619654657144E+025  5.994016991213481E+012
  7.400000000000000E+003  8.873778347198287E+015  5.048114709583447E+026  6.399640574374372E+018  6.940963146920117E+021  5.937992145911841E+025  5.940561315818224E+012
  7.500000000000000E+003  8.760957405004044E+015  5.116324453614929E+026  6.399575051787504E+018  6.875587805460038E+021  5.974958948676851E+025  5.888344634615494E+012
  7.600000000000000E+003  8.651031384927985E+015  5.184533988553506E+026  6.399511210943965E+018  6.811739766251857E+021  6.011526965540589E+025  5.837322333418021E+012
  7.700000000000000E+003  8.543889495373911E+015  5.252743314480331E+026  6.399448987463225E+018  6.749363997014827E+021  6.047702914420190E+025  5.787451966753226E+012
  7.800000000000000E+003  8.439426545184767E+015  5.320952431476114E+026  6.399388320220169E+018  6.688408127671138E+021  6.083493334698669E+025  5.738693126039051E+012
  7.900000000000000E+003  8.337542593620891E+015  5.389161339621121E+026  6.399329151141549E+018  6.628822289663029E+021  6.118904593103284E+025  5.691007317277000E+012
  8.000000000000000E+003  8.238142626288671E+015  5.457370038995153E+026  6.399271425017560E+018  6.570558966830549E+021  6.153942889346090E+025  5.644357847473989E+012
  8.100000000000000E+003  8.141136254800541E+015  5.525578529677543E+026  6.399215089327224E+018  6.513572856888052E+021  6.188614261545075E+025  5.598709719078061E+012
  8.200000000000000E+003  8.046437438161854E+015  5.593786811747155E+026  6.399160094076358E+018  6.457820742628164E+021  6.222924591441546E+025  5.554029531778645E+012
  8.300000000000000E+003  7.953964224071518E+015  5.661994885282372E+026  6.399106391647206E+018  6.403261372063030E+021  6.256879609427439E+025  5.510285391081334E+012
  8.400000000000000E+003  7.863638508494249E+015  5.730202750361085E+026  6.399053936658632E+018  6.349855346785452E+021  6.290484899394370E+025  5.467446823120091E+012
  8.500000000000000E+003  7.775385812015393E+015  5.798410407060702E+026  6.399002685836091E+018  6.297565017897622E+021  6.323745903414699E+025  5.425484695217673E+012
  8.600000000000000E+003  7.689135071626540E+015  5.866617855458138E+026  6.398952597890615E+018  6.246354388913884E+021  6.356667926263608E+025  5.384371141748154E+012
  8.700000000000000E+003  7.604818446713159E+015  5.934825095629808E+026  6.398903633405987E+018  6.196189025096666E+021  6.389256139790030E+025  5.344079494894271E+012
  8.800000000000000E+003  7.522371138126220E+015  6.003032127651635E+026  6.398855754733581E+018  6.147035968732237E+021  6.421515587143427E+025  5.304584219927492E+012
  8.900000000000000E+003  7.441731219319229E+015  6.071238951599037E+026  6.398808925894185E+018  6.098863659895777E+021  6.453451186862511E+025  5.265860854670488E+012
  9.000000000000000E+003  7.362839478621874E+015  6.139445567546944E+026  6.398763112486329E+018  6.051641862294063E+021  6.485067736831459E+025  5.227885952830379E+012
  9.100000000000000E+003  7.285639271802262E+015  6.207651975569778E+026  6.398718281600573E+018  6.005341593808933E+021  6.516369918108518E+025  5.190637030917383E+012
  9.200000000000000E+003  7.210076384142827E+015  6.275858175741471E+026  6.398674401739321E+018  5.959935061396480E+021  6.547362298631555E+025  5.154092518486911E+012
  9.300000000000000E+003  7.136098901321023E+015  6.344064168135462E+026  6.398631442741790E+018  5.915395600025558E+021  6.578049336804562E+025  5.118231711464919E+012
  9.400000000000000E+003  7.063657088445612E+015  6.412269952824694E+026  6.398589375713677E+018  5.871697615365313E+021  6.608435384969013E+025  5.083034728335658E+012
  9.600000000000000E+003  6.923222464597832E+015  6.548680692069623E+026  6.398507814958986E+018  5.786894365952093E+021  6.668033182888595E+025  5.014685827942736E+012
  9.800000000000000E+003  6.788380104270954E+015  6.685090601736816E+026  6.398429502952121E+018  5.705161982439773E+021  6.726488285814909E+025  4.948764254352760E+012
  9.900000000000000E+003  6.722937970562949E+015  6.753295349217788E+026  6.398391501507713E+018  5.665317300445678E+021  6.755434812813192E+025  4.916612348108151E+012
  1.000000000000000E+004  6.658773033039298E+015  6.821499889417775E+026  6.398354241870999E+018  5.626180183819376E+021  6.784104193745135E+025  4.885019659985343E+012
  1.010000000000000E+004  6.595847992133866E+015  6.889704222407299E+026  6.398317702374055E+018  5.587731225463735E+021  6.812500182332796E+025  4.853971244865032E+012
  1.020000000000000E+004  6.534126992449504E+015  6.957908348256257E+026  6.398281862188056E+018  5.549951725524302E+021  6.840626438833778E+025  4.823452577699535E+012
  1.040000000000000E+004  6.414184715980102E+015  7.094315772037575E+026  6.398212205871911E+018  5.476465920677717E+021  6.895824968750901E+025  4.764055681269103E+012
  1.060000000000000E+004  6.298659101026716E+015  7.230722368431873E+026  6.398145115194578E+018  5.405440684800595E+021  6.949995990874642E+025  4.706609980137530E+012
  1.080000000000000E+004  6.187308945959939E+015  7.367128137966079E+026  6.398080450006639E+018  5.336749555195122E+021  7.003165084239863E+025  4.651016165887947E+012
  1.100000000000000E+004  6.079910351416161E+015  7.503533081162685E+026  6.398018080215354E+018  5.270274800524291E+021  7.055356880044421E+025  4.597181935184985E+012
  1.120000000000000E+004  5.976255195417997E+015  7.639937198539047E+026  6.397957884897829E+018  5.205906651535089E+021  7.106595070970102E+025  4.545021254744312E+012
  1.140000000000000E+004  5.876149766140205E+015  7.776340490607083E+026  6.397899751505994E+018  5.143542616749039E+021  7.156902440256162E+025  4.494453782389414E+012
  1.160000000000000E+004  5.779413533947779E+015  7.912742957873261E+026  6.397843575152667E+018  5.083086873244592E+021  7.206300903451865E+025  4.445404363787823E+012
  1.180000000000000E+004  5.685878046774666E+015  8.049144600838711E+026  6.397789257969377E+018  5.024449722955342E+021  7.254811553854504E+025  4.397802599648667E+012
  1.200000000000000E+004  5.595385934779486E+015  8.185545419999393E+026  6.397736708527775E+018  4.967547103885365E+021  7.302454707403593E+025  4.351582464493993E+012
  1.220000000000000E+004  5.507790011921713E+015  8.321945415846267E+026  6.397685841317386E+018  4.912300148566998E+021  7.349249945551687E+025  4.306681965156845E+012
  1.240000000000000E+004  5.422952463638465E+015  8.458344588865473E+026  6.397636576273455E+018  4.858634784021927E+021  7.395216155680452E+025  4.263042832356789E+012
  1.260000000000000E+004  5.340744111149270E+015  8.594742939538515E+026  6.397588838349328E+018  4.806481368559893E+021  7.440371568993016E+025  4.220610240992337E+012
  1.280000000000000E+004  5.261043744084520E+015  8.731140468342435E+026  6.397542557128565E+018  4.755774361436406E+021  7.484733795943499E+025  4.179332555811549E+012
  1.300000000000000E+004  5.183737514144369E+015  8.867537175749968E+026  6.397497666472546E+018  4.706452021907234E+021  7.528319859314760E+025  4.139161099687238E+012
  1.320000000000000E+004  5.108718383370259E+015  9.003933062229717E+026  6.397454104199791E+018  4.658456134640421E+021  7.571146225075652E+025  4.100049942112184E+012
  1.340000000000000E+004  5.035885621370709E+015  9.140328128246296E+026  6.397411811793784E+018  4.611731758806069E+021  7.613228831155978E+025  4.061955705834276E+012
  1.360000000000000E+004  4.965144346503220E+015  9.276722374260484E+026  6.397370734136314E+018  4.566226998474779E+021  7.654583114277551E+025  4.024837389804042E+012
  1.380000000000000E+004  4.896405106589010E+015  9.413115800729343E+026  6.397330819263817E+018  4.521892792225586E+021  7.695224034976413E+025  3.988656206822250E+012
  1.400000000000000E+004  4.829583495239081E+015  9.549508408106356E+026  6.397292018144399E+018  4.478682720099828E+021  7.735166100945810E+025  3.953375434460116E+012
  1.420000000000000E+004  4.764599800308753E+015  9.685900196841554E+026  6.397254284473556E+018  4.436552826243450E+021  7.774423388822710E+025  3.918960277985375E+012
  1.440000000000000E+004  4.701378681381943E+015  9.822291167381620E+026  6.397217574486739E+018  4.395461455760481E+021  7.813009564533807E+025  3.885377744166793E+012
  1.460000000000000E+004  4.639848873523697E+015  9.958681320169984E+026  6.397181846787218E+018  4.355369104458759E+021  7.850937902309229E+025  3.852596524951686E+012
  1.480000000000000E+004  4.579942914835780E+015  1.009507065564695E+027  6.397147062187769E+018  4.316238280307996E+021  7.888221302464998E+025  3.820586890117602E+012
  1.500000000000000E+004  4.521596895611227E+015  1.023145917424976E+027  6.397113183564889E+018  4.278033375552799E+021  7.924872308048026E+025  3.789320588093076E+012
  1.520000000000000E+004  4.464750227114114E+015  1.036784687641269E+027  6.397080175724472E+018  4.240720548531488E+021  7.960903120430496E+025  3.758770754224812E+012
  1.540000000000000E+004  4.409345428214326E+015  1.050423376256712E+027  6.397048005277796E+018  4.204267614347278E+021  7.996325613933815E+025  3.728911825841757E+012
  1.560000000000000E+004  4.355327928287425E+015  1.064061983314164E+027  6.397016640527022E+018  4.168643943623410E+021  8.031151349556229E+025  3.699719463530918E+012
  1.580000000000000E+004  4.302645884949564E+015  1.077700508856207E+027  6.396986051359275E+018  4.133820368649332E+021  8.065391587872080E+025  3.671170478097338E+012
  1.600000000000000E+004  4.251250015339426E+015  1.091338952925158E+027  6.396956209148622E+018  4.099769096292358E+021  8.099057301165388E+025  3.643242762731638E+012
  1.620000000000000E+004  4.201093439785458E+015  1.104977315563069E+027  6.396927086665218E+018  4.066463627109181E+021  8.132159184855257E+025  3.615915229954018E+012
  1.640000000000000E+004  4.152131536809289E+015  1.118615596811738E+027  6.396898657991084E+018  4.033878680145340E+021  8.164707668265844E+025  3.589167752944328E+012
  1.660000000000000E+004  4.104321808516642E+015  1.132253796712711E+027  6.396870898441883E+018  4.001990122958653E+021  8.196712924789284E+025  3.562981110904177E+012
  1.680000000000000E+004  4.057623755516788E+015  1.145891915307289E+027  6.396843784494240E+018  3.970774906445593E+021  8.228184881485906E+025  3.537336938129536E+012
  1.700000000000000E+004  4.011998760591912E+015  1.159529952636531E+027  6.396817293718169E+018  3.940211004088195E+021  8.259133228162379E+025  3.512217676501620E+012
  1.720000000000000E+004  3.967409980409692E+015  1.173167908741258E+027  6.396791404714149E+018  3.910277355273570E+021  8.289567425965035E+025  3.487606531129915E+012
  1.740000000000000E+004  3.923822244636970E+015  1.186805783662059E+027  6.396766097054510E+018  3.880953812369311E+021  8.319496715522431E+025  3.463487428904918E+012
  1.760000000000000E+004  3.881201961870327E+015  1.200443577439295E+027  6.396741351228783E+018  3.852221091266054E+021  8.348930124668378E+025  3.439844979739370E+012
  1.780000000000000E+004  3.839517031851649E+015  1.214081290113097E+027  6.396717148592689E+018  3.824060725123582E+021  8.377876475774180E+025  3.416664440295766E+012
  1.800000000000000E+004  3.798736763483539E+015  1.227718921723380E+027  6.396693471320527E+018  3.796455021079796E+021  8.406344392716206E+025  3.393931680015427E+012
  1.820000000000000E+004  3.758831798202033E+015  1.241356472309835E+027  6.396670302360642E+018  3.769387019702276E+021  8.434342307503007E+025  3.371633149279904E+012
  1.840000000000000E+004  3.719774038302108E+015  1.254993941911939E+027  6.396647625393784E+018  3.742840456980869E+021  8.461878466583986E+025  3.349755849549551E+012
  1.860000000000000E+004  3.681536579846108E+015  1.268631330568957E+027  6.396625424794143E+018  3.716799728676493E+021  8.488960936860005E+025  3.328287305337127E+012
  1.880000000000000E+004  3.644093649816501E+015  1.282268638319942E+027  6.396603685592817E+018  3.691249856856682E+021  8.515597611414584E+025  3.307215537885684E+012
  1.900000000000000E+004  3.607420547202658E+015  1.295905865203740E+027  6.396582393443615E+018  3.666176458462160E+021  8.541796214982888E+025  3.286529040430704E+012
  1.920000000000000E+004  3.571493587737012E+015  1.309543011258992E+027  6.396561534590924E+018  3.641565715761453E+021  8.567564309174305E+025  3.266216754935958E+012
  1.940000000000000E+004  3.536290052019340E+015  1.323180076524135E+027  6.396541095839592E+018  3.617404348561826E+021  8.592909297463317E+025  3.246268050201384E+012
  1.960000000000000E+004  3.501788136789036E+015  1.336817061037407E+027  6.396521064526606E+018  3.593679588055400E+021  8.617838429962013E+025  3.226672701249142E+012
  1.980000000000000E+004  3.467966909124492E+015  1.350453964836847E+027  6.396501428494501E+018  3.570379152188741E+021  8.642358807986830E+025  3.207420869901379E+012
  2.000000000000000E+004  3.434806263366338E+015  1.364090787960296E+027  6.396482176066323E+018  3.547491222452844E+021  8.666477388431055E+025  3.188503086469790E+012
