! time                    frank_diameter          perfect_diameter        faulted_diameter        void_diameter           
  0.000000000000000E+000  0.000000000000000E+000  0.000000000000000E+000  0.000000000000000E+000  0.000000000000000E+000
  1.000000000000000E-001  4.868450488730128E-001  4.329527222843118E-001  4.563246409810282E-001  2.556632623100713E-001
  2.000000000000001E-001  5.470087158977063E-001  4.430820346408861E-001  4.539386420203000E-001  2.556660848731871E-001
  3.000000000000002E-001  5.878057606136818E-001  4.559439277228225E-001  4.548417281414555E-001  2.556714724122589E-001
  4.000000000000003E-001  6.186669468396663E-001  4.703388815666313E-001  4.571253962646083E-001  2.556773289151291E-001
  5.000000000000003E-001  6.427662913288776E-001  4.857427763585596E-001  4.601313695744891E-001  2.556832494501540E-001
  6.000000000000004E-001  6.623343266967000E-001  5.018150997064030E-001  4.637078637444877E-001  2.556890897828868E-001
  7.000000000000005E-001  6.789399039320044E-001  5.182676662244686E-001  4.679675273437477E-001  2.556947434164711E-001
  8.000000000000006E-001  6.929492704477318E-001  5.350594128541161E-001  4.726866612917588E-001  2.557002130868173E-001
  9.000000000000007E-001  7.049604303096678E-001  5.521028149827922E-001  4.779129756470282E-001  2.557054739020919E-001
  1.000000000000001E+000  7.153842143827505E-001  5.693352646406374E-001  4.836823540620744E-001  2.557105065840025E-001
  1.100000000000001E+000  7.245157049831307E-001  5.867099445455478E-001  4.900243631395413E-001  2.557152955510574E-001
  1.200000000000001E+000  7.325744181799833E-001  6.041899930251791E-001  4.969626030096716E-001  2.557198275824306E-001
  1.300000000000001E+000  7.397284107824282E-001  6.217448647923525E-001  5.045134888403019E-001  2.557240911635033E-001
  1.400000000000001E+000  7.461094907325363E-001  6.393479887211967E-001  5.126847563768098E-001  2.557280761567373E-001
  1.500000000000001E+000  7.517996270366445E-001  6.569841774054852E-001  5.211757306519139E-001  2.557318224813846E-001
  1.600000000000001E+000  7.569228428509559E-001  6.746236300967130E-001  5.303324423342120E-001  2.557352705037620E-001
  1.700000000000001E+000  7.615448209146268E-001  6.922462620771413E-001  5.401013699350696E-001  2.557384162820916E-001
  1.800000000000001E+000  7.657228506106989E-001  7.098318677652349E-001  5.504438616549358E-001  2.557412540748348E-001
  1.900000000000001E+000  7.695059392311102E-001  7.273609257176996E-001  5.613142880445758E-001  2.557437792827177E-001
  2.000000000000001E+000  7.729364462631779E-001  7.448147344415177E-001  5.726602150169082E-001  2.557459885824275E-001
  2.100000000000001E+000  7.760513293683078E-001  7.621755357574436E-001  5.844232679983149E-001  2.557478800973473E-001
  2.200000000000002E+000  7.788831092590407E-001  7.794265848184295E-001  5.965404181542105E-001  2.557494535873417E-001
  2.300000000000002E+000  7.814606247035552E-001  7.965521490127320E-001  6.089454704944736E-001  2.557507106373958E-001
  2.400000000000002E+000  7.838096250459118E-001  8.135374507381621E-001  6.215705851407868E-001  2.557516548241350E-001
  2.500000000000002E+000  7.859532331200559E-001  8.303685951431641E-001  6.343477144838118E-001  2.557522918415213E-001
  2.600000000000002E+000  7.879123039226720E-001  8.470325297960795E-001  6.472098899333296E-001  2.557526295715242E-001
  2.700000000000002E+000  7.897057011735059E-001  8.635170663931163E-001  6.600923375930325E-001  2.557526780911809E-001
  2.800000000000002E+000  7.913505121534933E-001  8.798109656789992E-001  6.729334345732709E-001  2.557524496131868E-001
  2.900000000000002E+000  7.928622189849174E-001  8.959040615912663E-001  6.856755299046815E-001  2.557519583621722E-001
  3.000000000000002E+000  7.942548411319076E-001  9.117873896510835E-001  6.982656447034915E-001  2.557512203926903E-001
  3.100000000000002E+000  7.955410597919831E-001  9.274532881596680E-001  7.106560418423566E-001  2.557502533575982E-001
  3.200000000000002E+000  7.967323308933493E-001  9.428954524130592E-001  7.228046290366124E-001  2.557490762372053E-001
  3.300000000000002E+000  7.978389902915514E-001  9.581089349026725E-001  7.346751460256562E-001  2.557477090405880E-001
  3.400000000000002E+000  7.988688477998247E-001  9.730807415954470E-001  7.463209558075502E-001  2.557461496142783E-001
  3.500000000000002E+000  7.998320723790131E-001  9.878166198016499E-001  7.576148545281652E-001  2.557444464754540E-001
  3.600000000000001E+000  8.007362397459880E-001  1.002315447298839E+000  7.685395654242008E-001  2.557426206401651E-001
  3.700000000000001E+000  8.015881463473828E-001  1.016577066883685E+000  7.790814395426046E-001  2.557406928131475E-001
  3.800000000000001E+000  8.023938901859871E-001  1.030602094462953E+000  7.892298614591842E-001  2.557386831628077E-001
  3.900000000000000E+000  8.031589429336395E-001  1.044391808383297E+000  7.989768129375168E-001  2.557366110907792E-001
  4.000000000000000E+000  8.038882136840876E-001  1.057948059596258E+000  8.083166163523808E-001  2.557344950309589E-001
  4.100000000000000E+000  8.045861048798671E-001  1.071273201949051E+000  8.172458378452013E-001  2.557323522794250E-001
  4.199999999999999E+000  8.052565611232982E-001  1.084370038780284E+000  8.257633009621396E-001  2.557301988559422E-001
  4.299999999999999E+000  8.059031117164798E-001  1.097241780526249E+000  8.338701500639634E-001  2.557280493973423E-001
  4.399999999999999E+000  8.065289078454122E-001  1.109892008047781E+000  8.415699071023599E-001  2.557259170826937E-001
  4.499999999999998E+000  8.071367553235937E-001  1.122324637400048E+000  8.488684798172218E-001  2.557238135896859E-001
  4.599999999999998E+000  8.077291437497247E-001  1.134543883248172E+000  8.557740977872740E-001  2.557217490810518E-001
  4.699999999999998E+000  8.083082728297271E-001  1.146554219631613E+000  8.622971701155850E-001  2.557197322191631E-001
  4.799999999999997E+000  8.088793506162152E-001  1.158344393248524E+000  8.684424973839946E-001  2.557177818161788E-001
  4.899999999999997E+000  8.094408347061079E-001  1.169935859885785E+000  8.742323992402089E-001  2.557158916073257E-001
  4.999999999999996E+000  8.099941602335650E-001  1.181333601574473E+000  8.796828971808912E-001  2.557140659003992E-001
  5.099999999999996E+000  8.105405634661746E-001  1.192542708157174E+000  8.848109414858587E-001  2.557123077370631E-001
  5.199999999999996E+000  8.110811009344396E-001  1.203568298631939E+000  8.896340891625530E-001  2.557106191043892E-001
  5.299999999999995E+000  8.116166675315135E-001  1.214415483863146E+000  8.941702077392994E-001  2.557090010467616E-001
  5.399999999999995E+000  8.121480136142180E-001  1.225089333346491E+000  8.984372108332708E-001  2.557074537789313E-001
  5.499999999999995E+000  8.126757611073036E-001  1.235594846343205E+000  9.024528287819044E-001  2.557059767981691E-001
  5.599999999999994E+000  8.132004185969279E-001  1.245936927454843E+000  9.062344153681977E-001  2.557045689931671E-001
  5.699999999999994E+000  8.137223953934160E-001  1.256120366528151E+000  9.097987899303888E-001  2.557032287477485E-001
  5.799999999999994E+000  8.142420145449929E-001  1.266149822654246E+000  9.131621129107858E-001  2.557019540378667E-001
  5.899999999999993E+000  8.147595247911038E-001  1.276029811944329E+000  9.163397920948484E-001  2.557007425208079E-001
  5.999999999999993E+000  8.152751114543404E-001  1.285764698715820E+000  9.193464163324530E-001  2.556995916158900E-001
  6.099999999999993E+000  8.157889062822239E-001  1.295358689700313E+000  9.221957133351835E-001  2.556984985763005E-001
  6.199999999999992E+000  8.163009962628895E-001  1.304815830881332E+000  9.249005281345907E-001  2.556974605520098E-001
  6.299999999999992E+000  8.168114314509752E-001  1.314140006580303E+000  9.274728189087927E-001  2.556964746439396E-001
  6.399999999999991E+000  8.173202318509748E-001  1.323334940429018E+000  9.299236670934591E-001  2.556955379497619E-001
  6.499999999999991E+000  8.178273934144439E-001  1.332404197893022E+000  9.322632989543684E-001  2.556946476018475E-001
  6.599999999999991E+000  8.183328932144019E-001  1.341351190040124E+000  9.345011160873381E-001  2.556938007979850E-001
  6.799999999999991E+000  8.193512294019295E-001  1.358860204468198E+000  9.387077408554557E-001  2.556922525194847E-001
  6.999999999999991E+000  8.203609297610917E-001  1.375920256816884E+000  9.426157039645700E-001  2.556908359711352E-001
  7.199999999999991E+000  8.213616998441853E-001  1.392552763350325E+000  9.462681172326810E-001  2.556895365106030E-001
  7.399999999999991E+000  8.223531933375741E-001  1.408777514107665E+000  9.497013416087191E-001  2.556883407131628E-001
  7.599999999999992E+000  8.233350520440499E-001  1.424612791935352E+000  9.529458070351547E-001  2.556872365513516E-001
  7.799999999999992E+000  8.243069315096759E-001  1.440075516339224E+000  9.560268461183445E-001  2.556862134039556E-001
  7.999999999999992E+000  8.252685162595920E-001  1.455181380402239E+000  9.589654831304748E-001  2.556852619909623E-001
  8.199999999999992E+000  8.262195277946373E-001  1.469944977335745E+000  9.617791474784065E-001  2.556843742650834E-001
  8.399999999999991E+000  8.271597277524964E-001  1.484379914942239E+000  9.644822984791682E-001  2.556835432820210E-001
  8.599999999999991E+000  8.280889179969871E-001  1.498498917520516E+000  9.670869594695409E-001  2.556827630648222E-001
  8.799999999999990E+000  8.290069388816724E-001  1.512313915581617E+000  9.696031659923982E-001  2.556820284723111E-001
  8.999999999999989E+000  8.299136665348950E-001  1.525836124250346E+000  9.720393364405784E-001  2.556813350775077E-001
  9.199999999999989E+000  8.308090097180389E-001  1.539076111488624E+000  9.744025751082953E-001  2.556806790590254E-001
  9.399999999999988E+000  8.316929065986012E-001  1.552043857367773E+000  9.766989178375673E-001  2.556800571064386E-001
  9.599999999999987E+000  8.325653216355631E-001  1.564748805596773E+000  9.789335298846993E-001  2.556794663393320E-001
  9.799999999999986E+000  8.334262426797086E-001  1.577199908427567E+000  9.811108646423331E-001  2.556789042389912E-001
  9.999999999999986E+000  8.342756783318164E-001  1.589405665938950E+000  9.832347906868031E-001  2.556783685913327E-001
  1.019999999999999E+001  8.351136555661728E-001  1.601374160569453E+000  9.853086934379484E-001  2.556778574395377E-001
  1.039999999999998E+001  8.359402176073378E-001  1.613113087640513E+000  9.873355566127425E-001  2.556773690449040E-001
  1.059999999999998E+001  8.367554220387577E-001  1.624629782492216E+000  9.893180276728523E-001  2.556769018545351E-001
  1.079999999999998E+001  8.375593391185376E-001  1.635931244748820E+000  9.912584706271147E-001  2.556764544746714E-001
  1.099999999999998E+001  8.383520502778650E-001  1.647024160141139E+000  9.931590088519395E-001  2.556760256486262E-001
  1.149999999999998E+001  8.403144306662176E-001  1.673787347622393E+000  9.978251369352501E-001  2.556750362790897E-001
  1.199999999999998E+001  8.422038984675884E-001  1.699382988523922E+000  1.002272071952930E+000  2.556741330717724E-001
  1.249999999999998E+001  8.440233087240818E-001  1.723893742356932E+000  1.006517256356223E+000  2.556733092671339E-001
  1.299999999999998E+001  8.457754305834959E-001  1.747394604255307E+000  1.010578020887146E+000  2.556725567555271E-001
  1.349999999999998E+001  8.474629861248206E-001  1.769953617057892E+000  1.014469883270845E+000  2.556718678303680E-001
  1.399999999999998E+001  8.490886514079581E-001  1.791632626473621E+000  1.018206342808872E+000  2.556712356667936E-001
  1.449999999999998E+001  8.506550466943699E-001  1.812487975629614E+000  1.021799108429013E+000  2.556706543553122E-001
  1.499999999999998E+001  8.521647254069715E-001  1.832571118189066E+000  1.025258400802778E+000  2.556701188011783E-001
  1.549999999999998E+001  8.536201648141479E-001  1.851929152511897E+000  1.028593222960563E+000  2.556696246001043E-001
  1.599999999999998E+001  8.550237590745081E-001  1.870605285985291E+000  1.031811579004538E+000  2.556691679248623E-001
  1.649999999999998E+001  8.563778145131348E-001  1.888639239442377E+000  1.034920645525642E+000  2.556687454303803E-001
  1.699999999999998E+001  8.576845467957165E-001  1.906067600592619E+000  1.037926905396157E+000  2.556683541764345E-001
  1.749999999999998E+001  8.589460796488814E-001  1.922924134039151E+000  1.040836252877856E+000  2.556679915649946E-001
  1.799999999999998E+001  8.601644448118062E-001  1.939240054202130E+000  1.043654077072115E+000  2.556676552892558E-001
  1.849999999999998E+001  8.613415829519087E-001  1.955044266406989E+000  1.046385328961125E+000  2.556673432919022E-001
  1.899999999999998E+001  8.624793453228614E-001  1.970363580528399E+000  1.049034575910768E+000  2.556670537306678E-001
  1.949999999999998E+001  8.635794959827989E-001  1.985222900874575E+000  1.051606046494825E+000  2.556667849497042E-001
  1.999999999999998E+001  8.646437144241935E-001  1.999645395420635E+000  1.054103667769503E+000  2.556665354556074E-001
  2.049999999999998E+001  8.656735984949968E-001  2.013652647027381E+000  1.056531096598395E+000  2.556663038972098E-001
  2.099999999999998E+001  8.666706675140452E-001  2.027264788892038E+000  1.058891746242134E+000  2.556660890484416E-001
  2.149999999999998E+001  8.676363655031126E-001  2.040500626153775E+000  1.061188809142754E+000  2.556658897937098E-001
  2.199999999999998E+001  8.685720644739976E-001  2.053377745306515E+000  1.063425276621254E+000  2.556657051153607E-001
  2.249999999999998E+001  8.694790677221995E-001  2.065912612844539E+000  1.065603956048065E+000  2.556655340828714E-001
  2.299999999999998E+001  8.703586130895417E-001  2.078120664374973E+000  1.067727485925824E+000  2.556653758434935E-001
  2.349999999999998E+001  8.712118761669146E-001  2.090016385268959E+000  1.069798349232087E+000  2.556652296141144E-001
  2.399999999999998E+001  8.720399734155008E-001  2.101613383785360E+000  1.071818885299026E+000  2.556650946741502E-001
  2.449999999999998E+001  8.728439651906563E-001  2.112924457482886E+000  1.073791300452580E+000  2.556649703593187E-001
  2.499999999999998E+001  8.736248586573137E-001  2.123961653635530E+000  1.075717677590992E+000  2.556648560561578E-001
  2.549999999999998E+001  8.743836105895382E-001  2.134736324279297E+000  1.077599984849413E+000  2.556647511971919E-001
  2.599999999999998E+001  8.751211300498565E-001  2.145259176443197E+000  1.079440083470940E+000  2.556646552566492E-001
  2.649999999999998E+001  8.758382809463631E-001  2.155540318052628E+000  1.081239734983771E+000  2.556645677466596E-001
  2.699999999999998E+001  8.765358844674398E-001  2.165589299936956E+000  1.083000607767494E+000  2.556644882138696E-001
  2.799999999999998E+001  8.778816607213628E-001  2.184943979314791E+000  1.086440426316947E+000  2.556643516325143E-001
  2.899999999999998E+001  8.791571992537482E-001  2.203476848191836E+000  1.089739507013278E+000  2.556642419730402E-001
  2.999999999999998E+001  8.803679120519274E-001  2.221247457505171E+000  1.092908764987161E+000  2.556641568536712E-001
  3.099999999999998E+001  8.815186900582943E-001  2.238309499724166E+000  1.095958236267154E+000  2.556640939682941E-001
  3.199999999999998E+001  8.826139628706996E-001  2.254711509909626E+000  1.098896980964843E+000  2.556640512676290E-001
  3.299999999999999E+001  8.836577495088733E-001  2.270497480573490E+000  1.101733183967574E+000  2.556640269397529E-001
  3.399999999999999E+001  8.846537028702417E-001  2.285707391136765E+000  1.104474258204794E+000  2.556640193780745E-001
  3.499999999999999E+001  8.856051488240021E-001  2.300377664491952E+000  1.107126934234196E+000  2.556640271531987E-001
  3.599999999999999E+001  8.865151206420927E-001  2.314541562051881E+000  1.109697337218188E+000  2.556640489892151E-001
  3.699999999999999E+001  8.873863893638189E-001  2.328229526772789E+000  1.112191053400313E+000  2.556640837437006E-001
  3.799999999999999E+001  8.882214906120698E-001  2.341469482010227E+000  1.114613187826979E+000  2.556641303907779E-001
  3.899999999999999E+001  8.890227483108223E-001  2.354287092736564E+000  1.116968414699953E+000  2.556641880066920E-001
  3.999999999999999E+001  8.897922956941680E-001  2.366705994566075E+000  1.119261021474462E+000  2.556642557574810E-001
  4.099999999999999E+001  8.905320939453785E-001  2.378747995148902E+000  1.121494947614190E+000  2.556643328883908E-001
  4.199999999999999E+001  8.912439487597332E-001  2.390433251769009E+000  1.123673818757192E+000  2.556644187147507E-001
  4.299999999999999E+001  8.919295250860394E-001  2.401780428382951E+000  1.125800976922680E+000  2.556645126140832E-001
  4.399999999999999E+001  8.925903602682680E-001  2.412806834841024E+000  1.127879507288804E+000  2.556646140192537E-001
  4.499999999999999E+001  8.932278757797901E-001  2.423528550620965E+000  1.129912261990377E+000  2.556647224125042E-001
  4.599999999999999E+001  8.938433877177103E-001  2.433960535061314E+000  1.131901881318497E+000  2.556648373202423E-001
  4.699999999999999E+001  8.944381162032073E-001  2.444116725794275E+000  1.133850812648593E+000  2.556649583084735E-001
  4.799999999999999E+001  8.950131938151473E-001  2.454010126836757E+000  1.135761327376923E+000  2.556650849787892E-001
  4.899999999999999E+001  8.955696731681251E-001  2.463652887594903E+000  1.137635536106642E+000  2.556652169648298E-001
  4.999999999999999E+001  8.961085337321287E-001  2.473056373865549E+000  1.139475402291571E+000  2.556653539291611E-001
  5.099999999999999E+001  8.966306879789628E-001  2.482231231772282E+000  1.141282754517914E+000  2.556654955605077E-001
  5.199999999999999E+001  8.971369869300783E-001  2.491187445449583E+000  1.143059297580425E+000  2.556656415712964E-001
  5.399999999999999E+001  8.981090937082387E-001  2.508382242267611E+000  1.146560926648271E+000  2.556659452911094E-001
  5.599999999999999E+001  8.990262903519459E-001  2.524814488168769E+000  1.149953505274647E+000  2.556662637278217E-001
  5.799999999999999E+001  8.998936841744370E-001  2.540544336209152E+000  1.153247641961130E+000  2.556665950872456E-001
  5.999999999999999E+001  9.007157685631614E-001  2.555625380559912E+000  1.156452647617229E+000  2.556669379413468E-001
  6.199999999999999E+001  9.014965119342954E-001  2.570105551132501E+000  1.159576699490110E+000  2.556672910510085E-001
  6.399999999999999E+001  9.022394317277627E-001  2.584027864540819E+000  1.162627004614174E+000  2.556676533330235E-001
  6.599999999999999E+001  9.029476563214205E-001  2.597431056794075E+000  1.165609936557076E+000  2.556680238366353E-001
  6.799999999999999E+001  9.036239770870373E-001  2.610350119071399E+000  1.168531149400769E+000  2.556684017242322E-001
  6.999999999999999E+001  9.042708923580454E-001  2.622816753635222E+000  1.171395673310110E+000  2.556687862553037E-001
  7.199999999999999E+001  9.048906447279464E-001  2.634859763574490E+000  1.174207995186547E+000  2.556691767730339E-001
  7.399999999999999E+001  9.054852528229439E-001  2.646505387433950E+000  1.176972127140823E+000  2.556695726930461E-001
  7.599999999999999E+001  9.060565384752444E-001  2.657777587709835E+000  1.179691664932516E+000  2.556699734939034E-001
  7.799999999999999E+001  9.066061500512537E-001  2.668698300546781E+000  1.182369838082344E+000  2.556703787090543E-001
  7.999999999999999E+001  9.071355825516623E-001  2.679287652658181E+000  1.185009553027018E+000  2.556707879199763E-001
  8.199999999999999E+001  9.076461949904154E-001  2.689564150439471E+000  1.187613430427100E+000  2.556712007503112E-001
  8.399999999999999E+001  9.081392254710466E-001  2.699544845394541E+000  1.190183837535520E+000  2.556716168608324E-001
  8.599999999999999E+001  9.086158043072370E-001  2.709245479306995E+000  1.192722916373867E+000  2.556720359451097E-001
  8.799999999999999E+001  9.090769654762705E-001  2.718680612026828E+000  1.195232608335335E+000  2.556724577257596E-001
  8.999999999999999E+001  9.095236566465758E-001  2.727863734283755E+000  1.197714675729777E+000  2.556728819511940E-001
  9.499999999999999E+001  9.105937031975421E-001  2.749549950177091E+000  1.203935532397655E+000  2.556739493254863E-001
  9.999999999999999E+001  9.115895835619872E-001  2.769934698704343E+000  1.209997072246033E+000  2.556750278263323E-001
  1.050000000000000E+002  9.125210711732532E-001  2.789160163575015E+000  1.215919682478722E+000  2.556761147692531E-001
  1.100000000000000E+002  9.133962510958723E-001  2.807347023333170E+000  1.221719516980969E+000  2.556772081859905E-001
  1.150000000000000E+002  9.142218696128107E-001  2.824598505739012E+000  1.227409533372675E+000  2.556783064812079E-001
  1.200000000000000E+002  9.150036005984290E-001  2.841003541395052E+000  1.233000239817669E+000  2.556794083506400E-001
  1.250000000000000E+002  9.157462508244646E-001  2.856639244147270E+000  1.238500238705402E+000  2.556805127204773E-001
  1.300000000000000E+002  9.164539198928033E-001  2.871572882132668E+000  1.243916632409436E+000  2.556816187012578E-001
  1.350000000000000E+002  9.171301260606565E-001  2.885863458968006E+000  1.249255332062364E+000  2.556827255523502E-001
  1.400000000000000E+002  9.177779061443621E-001  2.899562993323076E+000  1.254521295941027E+000  2.556838326542748E-001
  1.450000000000000E+002  9.183998955204079E-001  2.912717562817783E+000  1.259718715547357E+000  2.556849394869033E-001
  1.500000000000000E+002  9.189983926980063E-001  2.925368162060937E+000  1.264851162140123E+000  2.556860456121321E-001
  1.550000000000000E+002  9.195754118244662E-001  2.937551412856838E+000  1.269921702958264E+000  2.556871506599985E-001
  1.600000000000000E+002  9.201327256732932E-001  2.949300155883453E+000  1.274932993965904E+000  2.556882543174684E-001
  1.610000000000000E+002  9.202406678394778E-001  2.951623102123254E+000  1.275912045267548E+000  2.556884754833536E-001
  1.620000000000000E+002  9.203479051029267E-001  2.953929795127321E+000  1.276889222435269E+000  2.556886964743930E-001
  1.640000000000000E+002  9.205609382215972E-001  2.958484232955692E+000  1.278845954629837E+000  2.556891379309753E-001
  1.660000000000000E+002  9.207712773550834E-001  2.962976549176986E+000  1.280794802522815E+000  2.556895790989243E-001
  1.680000000000000E+002  9.209790062845965E-001  2.967408395826619E+000  1.282735817622752E+000  2.556900199448123E-001
  1.700000000000000E+002  9.211842049675999E-001  2.971781360998464E+000  1.284669058330518E+000  2.556904604588564E-001
  1.750000000000000E+002  9.216910408169541E-001  2.982392462611934E+000  1.289521133734692E+000  2.556915583358453E-001
  1.800000000000000E+002  9.221834916437825E-001  2.992671462605671E+000  1.294320949868149E+000  2.556926540939565E-001
  1.850000000000000E+002  9.226625469072202E-001  3.002638368997921E+000  1.299070224172114E+000  2.556937475087951E-001
  1.900000000000000E+002  9.231290970070456E-001  3.012311460150120E+000  1.303770435525293E+000  2.556948384526528E-001
  1.950000000000000E+002  9.235839455243275E-001  3.021707475798875E+000  1.308422897438003E+000  2.556959268222389E-001
  2.000000000000000E+002  9.240278197283720E-001  3.030841782854214E+000  1.313028801859091E+000  2.556970125331735E-001
  2.050000000000000E+002  9.244613796101712E-001  3.039728519736391E+000  1.317589246384017E+000  2.556980955162861E-001
  2.100000000000000E+002  9.248852256690397E-001  3.048380722437684E+000  1.322105252622966E+000  2.556991757150437E-001
  2.150000000000000E+002  9.252999056445649E-001  3.056810434980742E+000  1.326577779494549E+000  2.557002530836341E-001
  2.200000000000000E+002  9.257059203548025E-001  3.065028806511350E+000  1.331007733311727E+000  2.557013275854498E-001
  2.250000000000000E+002  9.261037287750365E-001  3.073046176903504E+000  1.335395975666348E+000  2.557023991918456E-001
  2.300000000000000E+002  9.264937524692622E-001  3.080872152457164E+000  1.339743329709979E+000  2.557034678810902E-001
  2.350000000000000E+002  9.268763794682237E-001  3.088515673023183E+000  1.344050585218267E+000  2.557045336374771E-001
  2.400000000000000E+002  9.272519676727330E-001  3.095985071686244E+000  1.348318502707629E+000  2.557055964505572E-001
  2.450000000000000E+002  9.276208478485203E-001  3.103288127967563E+000  1.352547816800554E+000  2.557066563144748E-001
  2.500000000000000E+002  9.279833262685697E-001  3.110432115367890E+000  1.356739238988183E+000  2.557077132273922E-001
  2.550000000000000E+002  9.283396870503162E-001  3.117423843953445E+000  1.360893459905599E+000  2.557087671909847E-001
  2.600000000000000E+002  9.286901942279828E-001  3.124269698588240E+000  1.365011151211094E+000  2.557098182100012E-001
  2.650000000000000E+002  9.290350935943796E-001  3.130975673332737E+000  1.369092967142508E+000  2.557108662918760E-001
  2.700000000000000E+002  9.293746143415228E-001  3.137547402458075E+000  1.373139545809595E+000  2.557119114463894E-001
  2.800000000000000E+002  9.300456572230089E-001  3.150212265974397E+000  1.381202546165565E+000  2.557139888078617E-001
  2.900000000000000E+002  9.306972068214929E-001  3.162406730719475E+000  1.389123181189573E+000  2.557160549460782E-001
  3.000000000000000E+002  9.313306436653721E-001  3.174164770331400E+000  1.396907569301251E+000  2.557181098537650E-001
  3.100000000000000E+002  9.319471926216693E-001  3.185516818694995E+000  1.404561208447494E+000  2.557201536434182E-001
  3.150000000000000E+002  9.322465362683957E-001  3.191086944689506E+000  1.408311347166898E+000  2.557211733511528E-001
  3.200000000000000E+002  9.325421273155590E-001  3.196564416403270E+000  1.412032390058958E+000  2.557221902051171E-001
  3.250000000000000E+002  9.328340836049137E-001  3.201952297139664E+000  1.415724718524181E+000  2.557232042930800E-001
  3.300000000000000E+002  9.331225167261743E-001  3.207253500920621E+000  1.419388757410046E+000  2.557242156541677E-001
  3.350000000000000E+002  9.334075324898371E-001  3.212470802090038E+000  1.423024948066270E+000  2.557252243189419E-001
  3.400000000000000E+002  9.336892313459759E-001  3.217606844105522E+000  1.426633735954005E+000  2.557262303140609E-001
  3.500000000000000E+002  9.342480477480168E-001  3.227583050865182E+000  1.433818557697522E+000  2.557282309851941E-001
  3.550000000000000E+002  9.345203603279472E-001  3.232490056057525E+000  1.437346645779293E+000  2.557292292266682E-001
  3.600000000000000E+002  9.347897093051705E-001  3.237325217387379E+000  1.440849215221905E+000  2.557302248298149E-001
  3.650000000000000E+002  9.350561735316174E-001  3.242090633962823E+000  1.444326635172869E+000  2.557312178628627E-001
  3.700000000000000E+002  9.353198282848070E-001  3.246788314205820E+000  1.447779292659611E+000  2.557322083587256E-001
  3.800000000000000E+002  9.358433219388292E-001  3.255935358916552E+000  1.454652586915868E+000  2.557341787060662E-001
  3.900000000000000E+002  9.363562206809657E-001  3.264836266151022E+000  1.461427873613241E+000  2.557361394120113E-001
  3.950000000000000E+002  9.366068576736787E-001  3.269222662692757E+000  1.464760966817461E+000  2.557371177158466E-001
  4.000000000000000E+002  9.368550710570698E-001  3.273551731078884E+000  1.468071730165352E+000  2.557380935595450E-001
  4.050000000000000E+002  9.371009167827888E-001  3.277824971237311E+000  1.471360471893363E+000  2.557390670086356E-001
  4.100000000000000E+002  9.373444485927337E-001  3.282043824890497E+000  1.474627517881551E+000  2.557400380959521E-001
  4.200000000000000E+002  9.378284039900271E-001  3.290280635267241E+000  1.481131460055631E+000  2.557419704529394E-001
  4.300000000000000E+002  9.383035576826296E-001  3.298317921032166E+000  1.487549861093992E+000  2.557438938233223E-001
  4.400000000000000E+002  9.387702766145030E-001  3.306165259945969E+000  1.493885623393689E+000  2.557458082969424E-001
  4.500000000000000E+002  9.392289025926244E-001  3.313831555486664E+000  1.500141452591689E+000  2.557477140138273E-001
  4.600000000000000E+002  9.396797546557323E-001  3.321325098503846E+000  1.506319908969078E+000  2.557496111210231E-001
  4.700000000000000E+002  9.401231311781069E-001  3.328653622069211E+000  1.512423428104841E+000  2.557514997651513E-001
  4.800000000000000E+002  9.405593117341536E-001  3.335824350354740E+000  1.518454332314738E+000  2.557533800902654E-001
  4.900000000000000E+002  9.409885587529524E-001  3.342844042287967E+000  1.524414838764113E+000  2.557552522371743E-001
  5.000000000000000E+002  9.414111189896377E-001  3.349719030634850E+000  1.530307066048336E+000  2.557571163432150E-001
  5.100000000000000E+002  9.418272248371330E-001  3.356455257070559E+000  1.536133039898972E+000  2.557589725421899E-001
  5.200000000000000E+002  9.422370954985654E-001  3.363058303720931E+000  1.541894698306822E+000  2.557608209643764E-001
  5.300000000000000E+002  9.426409380378551E-001  3.369533421591378E+000  1.547593896211654E+000  2.557626617365756E-001
  5.400000000000000E+002  9.430389483235069E-001  3.375885556243924E+000  1.553232409845053E+000  2.557644949821811E-001
  5.500000000000000E+002  9.434313118785520E-001  3.382119371035314E+000  1.558811940780990E+000  2.557663208212625E-001
  5.600000000000000E+002  9.438182046478129E-001  3.388239268188617E+000  1.564334119731289E+000  2.557681393706537E-001
  5.700000000000000E+002  9.441997936921285E-001  3.394249407935858E+000  1.569800510112955E+000  2.557699507440488E-001
  5.800000000000000E+002  9.445762378179143E-001  3.400153725939497E+000  1.575212611408089E+000  2.557717550520973E-001
  5.900000000000000E+002  9.449476881493150E-001  3.405955949174933E+000  1.580571862332953E+000  2.557735524025028E-001
  6.000000000000000E+002  9.453142886492800E-001  3.411659610434170E+000  1.585879643830098E+000  2.557753429001170E-001
  6.100000000000000E+002  9.456761765950761E-001  3.417268061591641E+000  1.591137281895450E+000  2.557771266470391E-001
  6.200000000000000E+002  9.460334830130778E-001  3.422784485756790E+000  1.596346050250852E+000  2.557789037427059E-001
  6.300000000000000E+002  9.463863330770625E-001  3.428211908423459E+000  1.601507172871518E+000  2.557806742839860E-001
  6.400000000000000E+002  9.467348464737505E-001  3.433553207713876E+000  1.606621826376984E+000  2.557824383652672E-001
  6.500000000000000E+002  9.470791377388580E-001  3.438811123803889E+000  1.611691142293483E+000  2.557841960785437E-001
  6.600000000000000E+002  9.474193165665741E-001  3.443988267606765E+000  1.616716209195097E+000  2.557859475135001E-001
  6.700000000000000E+002  9.477554880950274E-001  3.449087128784361E+000  1.621698074730560E+000  2.557876927575917E-001
  6.800000000000000E+002  9.480877531700153E-001  3.454110083147230E+000  1.626637747542174E+000  2.557894318961212E-001
  6.900000000000000E+002  9.484162085890239E-001  3.459059399498694E+000  1.631536199082884E+000  2.557911650123163E-001
  7.000000000000000E+002  9.487409473273420E-001  3.463937245972295E+000  1.636394365337262E+000  2.557928921873991E-001
  7.100000000000000E+002  9.490620587478775E-001  3.468745695906903E+000  1.641213148451782E+000  2.557946135006571E-001
  7.200000000000000E+002  9.493796287961176E-001  3.473486733299384E+000  1.645993418279485E+000  2.557963290295083E-001
  7.400000000000000E+002  9.500097230506475E-001  3.482717230285462E+000  1.655487989709445E+000  2.557997368817786E-001
  7.600000000000000E+002  9.506263386892827E-001  3.491702891095763E+000  1.664834303872290E+000  2.558031227833463E-001
  7.700000000000000E+002  9.509273763348525E-001  3.496133941840614E+000  1.669432400784331E+000  2.558048106145839E-001
  7.800000000000000E+002  9.512253235905548E-001  3.500507865189252E+000  1.673996740784920E+000  2.558064930252454E-001
  7.900000000000000E+002  9.515202471272403E-001  3.504826143865082E+000  1.678527965257615E+000  2.558081701271824E-001
  8.000000000000000E+002  9.518122113283771E-001  3.509090203284121E+000  1.683026711914734E+000  2.558098419949087E-001
  8.200000000000000E+002  9.523918244093831E-001  3.517414653142074E+000  1.691967578558681E+000  2.558131647820771E-001
  8.400000000000000E+002  9.529601195292201E-001  3.525540258188236E+000  1.700782824459548E+000  2.558164676524014E-001
  8.600000000000000E+002  9.535175497409872E-001  3.533476477062323E+000  1.709477329212642E+000  2.558197510017475E-001
  8.800000000000000E+002  9.540645401829551E-001  3.541232105640440E+000  1.718055613564714E+000  2.558230152599379E-001
  9.000000000000000E+002  9.546014903667661E-001  3.548815337605800E+000  1.726521897258242E+000  2.558262608480431E-001
  9.200000000000000E+002  9.551287762423065E-001  3.556233818275227E+000  1.734880133305762E+000  2.558294881735936E-001
  9.400000000000000E+002  9.556467520597812E-001  3.563494692547434E+000  1.743134033971568E+000  2.558326976299631E-001
  9.600000000000000E+002  9.561557520505138E-001  3.570604647722860E+000  1.751287092181293E+000  2.558358895965845E-001
  9.800000000000000E+002  9.566560919464672E-001  3.577569951837972E+000  1.759342599882131E+000  2.558390644394319E-001
  1.000000000000000E+003  9.571480703564138E-001  3.584396488065645E+000  1.767303664150372E+000  2.558422225115889E-001
  1.020000000000000E+003  9.576319700146362E-001  3.591089785656107E+000  1.775173221518758E+000  2.558453641538418E-001
  1.040000000000000E+003  9.581080589160912E-001  3.597655047827531E+000  1.782954050832943E+000  2.558484896952631E-001
  1.060000000000000E+003  9.585765913502949E-001  3.604097176960214E+000  1.790648784856753E+000  2.558515994537734E-001
  1.080000000000000E+003  9.590378088446753E-001  3.610420797401294E+000  1.798259920792864E+000  2.558546937366738E-001
  1.100000000000000E+003  9.594919410268349E-001  3.616630276146858E+000  1.805789829851386E+000  2.558577728411522E-001
  1.120000000000000E+003  9.599392064140458E-001  3.622729741634356E+000  1.813240765975418E+000  2.558608370547563E-001
  1.140000000000000E+003  9.603798131373027E-001  3.628723100848834E+000  1.820614873815557E+000  2.558638866558418E-001
  1.160000000000000E+003  9.608139596064215E-001  3.634614054921371E+000  1.827914196032227E+000  2.558669219139909E-001
  1.180000000000000E+003  9.612418351219114E-001  3.640406113376557E+000  1.835140679994291E+000  2.558699430904087E-001
  1.200000000000000E+003  9.616636204387191E-001  3.646102607167071E+000  1.842296183933885E+000  2.558729504382936E-001
  1.220000000000000E+003  9.620794882863678E-001  3.651706700617247E+000  1.849382482610267E+000  2.558759442031868E-001
  1.240000000000000E+003  9.624896038495244E-001  3.657221402383449E+000  1.856401272529441E+000  2.558789246233019E-001
  1.260000000000000E+003  9.628941252125895E-001  3.662649575526891E+000  1.863354176761038E+000  2.558818919298348E-001
  1.280000000000000E+003  9.632932037715433E-001  3.667993946783781E+000  1.870242749389510E+000  2.558848463472560E-001
  1.300000000000000E+003  9.636869846159116E-001  3.673257115108413E+000  1.877068479632638E+000  2.558877880935883E-001
  1.320000000000000E+003  9.640756068834635E-001  3.678441559556564E+000  1.883832795656969E+000  2.558907173806661E-001
  1.340000000000000E+003  9.644592040899551E-001  3.683549646569529E+000  1.890537068116700E+000  2.558936344143842E-001
  1.360000000000000E+003  9.648379044360212E-001  3.688583636712549E+000  1.897182613439844E+000  2.558965393949303E-001
  1.380000000000000E+003  9.652118310931129E-001  3.693545690916125E+000  1.903770696883151E+000  2.558994325170075E-001
  1.400000000000000E+003  9.655811024701879E-001  3.698437876263505E+000  1.910302535375078E+000  2.559023139700434E-001
  1.450000000000000E+003  9.664955369791638E-001  3.710260655257526E+000  1.926487871023275E+000  2.559094463901495E-001
  1.500000000000000E+003  9.673824496013494E-001  3.721695283845809E+000  1.942335801209193E+000  2.559165109595687E-001
  1.510000000000000E+003  9.675540706001526E-001  3.723965513222571E+000  1.945443200571758E+000  2.559179214114785E-001
  1.520000000000000E+003  9.677247033235727E-001  3.726221054171628E+000  1.948538529761590E+000  2.559193291250650E-001
  1.540000000000000E+003  9.680643001511038E-001  3.730675366750090E+000  1.954704684265166E+000  2.559221339039737E-001
  1.560000000000000E+003  9.684000416551140E-001  3.735073536246073E+000  1.960823034294485E+000  2.559249283470017E-001
  1.580000000000000E+003  9.687320131224626E-001  3.739416987536071E+000  1.966894428606919E+000  2.559277126037469E-001
  1.600000000000000E+003  9.690602969379535E-001  3.743707091517250E+000  1.972919698281498E+000  2.559304868253567E-001
  1.620000000000000E+003  9.693849727214624E-001  3.747945167812716E+000  1.978899654376866E+000  2.559332511577561E-001
  1.640000000000000E+003  9.697061174558370E-001  3.752132487307904E+000  1.984835086669342E+000  2.559360057422136E-001
  1.660000000000000E+003  9.700238056067169E-001  3.756270274530973E+000  1.990726763312715E+000  2.559387507159350E-001
  1.680000000000000E+003  9.703381092351167E-001  3.760359709888923E+000  1.996575431018248E+000  2.559414862124570E-001
  1.700000000000000E+003  9.706490981034402E-001  3.764401931769997E+000  2.002381815520947E+000  2.559442123619211E-001
  1.710000000000000E+003  9.708028671387469E-001  3.766411138473806E+000  2.005264811454467E+000  2.559455731522089E-001
  1.720000000000000E+003  9.709558389958005E-001  3.768408886782684E+000  2.008137608448702E+000  2.559469316253207E-001
  1.740000000000000E+003  9.712604007473382E-001  3.772359930355648E+000  2.013861698558032E+000  2.559496394188192E-001
  1.760000000000000E+003  9.715618443449436E-001  3.776266942936110E+000  2.019545532863853E+000  2.559523382581185E-001
  1.780000000000000E+003  9.718602312872530E-001  3.780130913488983E+000  2.025189771949647E+000  2.559550282475293E-001
  1.800000000000000E+003  9.721556212256668E-001  3.783952797779858E+000  2.030795053196904E+000  2.559577094991375E-001
  1.820000000000000E+003  9.724480720388978E-001  3.787733519848253E+000  2.036361994518986E+000  2.559603821243038E-001
  1.840000000000000E+003  9.727376399041535E-001  3.791473973400848E+000  2.041891196280849E+000  2.559630462326153E-001
  1.860000000000000E+003  9.730243793649318E-001  3.795175023129285E+000  2.047383242565867E+000  2.559657019315874E-001
  1.880000000000000E+003  9.733083433955197E-001  3.798837505957212E+000  2.052838702124919E+000  2.559683493265681E-001
  1.900000000000000E+003  9.735895834623477E-001  3.802462232221044E+000  2.058258129151658E+000  2.559709885207220E-001
  1.950000000000000E+003  9.742870102633591E-001  3.811299847038503E+000  2.071703352464688E+000  2.559775365085622E-001
  2.000000000000000E+003  9.749681296695673E-001  3.819921146906457E+000  2.084930545585561E+000  2.559840360674837E-001
  2.010000000000000E+003  9.751010083367965E-001  3.821636222932994E+000  2.087537822807215E+000  2.559853341142510E-001
  2.020000000000000E+003  9.752332851683893E-001  3.823342992854041E+000  2.090137031696431E+000  2.559866302045010E-001
  2.040000000000000E+003  9.754967593971896E-001  3.826724170497883E+000  2.095317668674415E+000  2.559892147746078E-001
  2.060000000000000E+003  9.757578728213868E-001  3.830073238517335E+000  2.100466314086812E+000  2.559917918836823E-001
  2.080000000000000E+003  9.760166657129532E-001  3.833390812056011E+000  2.105583399548735E+000  2.559943616186601E-001
  2.100000000000000E+003  9.762731773035058E-001  3.836677488610352E+000  2.110669352639678E+000  2.559969240669007E-001
  2.150000000000000E+003  9.769095510942909E-001  3.844709847300914E+000  2.123291997720402E+000  2.560032858091960E-001
  2.200000000000000E+003  9.775322227621769E-001  3.852563727272710E+000  2.135725956948832E+000  2.560096043449192E-001
  2.250000000000000E+003  9.781417440650233E-001  3.860247022516888E+000  2.147977765107227E+000  2.560158807294291E-001
  2.300000000000000E+003  9.787386340240911E-001  3.867767110969794E+000  2.160053529385226E+000  2.560221160358859E-001
  2.350000000000000E+003  9.793233814903121E-001  3.875130898683581E+000  2.171959022167507E+000  2.560283113044618E-001
  2.400000000000000E+003  9.798964474746051E-001  3.882344859379628E+000  2.183699727420986E+000  2.560344675332922E-001
  2.450000000000000E+003  9.804582672595963E-001  3.889415069940460E+000  2.195280870116181E+000  2.560405856773385E-001
  2.500000000000000E+003  9.810092523140775E-001  3.896347242327179E+000  2.206707438202633E+000  2.560466666496012E-001
  2.550000000000000E+003  9.815497920309008E-001  3.903146752344972E+000  2.217984200634130E+000  2.560527113230430E-001
  2.600000000000000E+003  9.820802553071403E-001  3.909818665622830E+000  2.229115722875418E+000  2.560587205326749E-001
  2.650000000000000E+003  9.826009919832960E-001  3.916367761125373E+000  2.240106380562260E+000  2.560646950776124E-001
  2.700000000000000E+003  9.831123341563475E-001  3.922798552472932E+000  2.250960371685748E+000  2.560706357230406E-001
  2.750000000000000E+003  9.836145973797441E-001  3.929115307311027E+000  2.261681727540620E+000  2.560765432020704E-001
  2.800000000000000E+003  9.841080817618577E-001  3.935322064939654E+000  2.272274322612410E+000  2.560824182174821E-001
  2.850000000000000E+003  9.845930729731168E-001  3.941422652387031E+000  2.282741883541268E+000  2.560882614433611E-001
  2.900000000000000E+003  9.850698431708271E-001  3.947420699089759E+000  2.293087997276217E+000  2.560940735266351E-001
  2.950000000000000E+003  9.855386518497056E-001  3.953319650322198E+000  2.303316118516176E+000  2.560998550885119E-001
  3.000000000000000E+003  9.859997466252324E-001  3.959122779500949E+000  2.313429576520488E+000  2.561056067258348E-001
  3.050000000000000E+003  9.864533639561526E-001  3.964833199475790E+000  2.323431581360727E+000  2.561113290123513E-001
  3.100000000000000E+003  9.868997298117806E-001  3.970453872905799E+000  2.333325229676193E+000  2.561170224999080E-001
  3.150000000000000E+003  9.873390602891462E-001  3.975987621808323E+000  2.343113509987662E+000  2.561226877195743E-001
  3.200000000000000E+003  9.877715621844965E-001  3.981437136358806E+000  2.352799307617095E+000  2.561283251827002E-001
  3.250000000000000E+003  9.881974335232026E-001  3.986804983010989E+000  2.362385409255155E+000  2.561339353819106E-001
  3.300000000000000E+003  9.886168640516969E-001  3.992093611999687E+000  2.371874507213154E+000  2.561395187920448E-001
  3.350000000000000E+003  9.890300356947168E-001  3.997305364281639E+000  2.381269203391701E+000  2.561450758710399E-001
  3.400000000000000E+003  9.894371229807869E-001  4.002442477964367E+000  2.390572012994369E+000  2.561506070607643E-001
  3.450000000000000E+003  9.898382934386045E-001  4.007507094267714E+000  2.399785368011373E+000  2.561561127878046E-001
  3.500000000000000E+003  9.902337079667110E-001  4.012501263058355E+000  2.408911620495284E+000  2.561615934642079E-001
  3.550000000000000E+003  9.906235211786343E-001  4.017426947993518E+000  2.417953045648292E+000  2.561670494881817E-001
  3.600000000000000E+003  9.910078817254482E-001  4.022286031306654E+000  2.426911844738253E+000  2.561724812447551E-001
  3.650000000000000E+003  9.913869325975552E-001  4.027080318264579E+000  2.435790147858826E+000  2.561778891064048E-001
  3.700000000000000E+003  9.917608114072801E-001  4.031811541322845E+000  2.444590016547278E+000  2.561832734336439E-001
  3.750000000000000E+003  9.921296506537772E-001  4.036481364003627E+000  2.453313446272015E+000  2.561886345755809E-001
  3.800000000000000E+003  9.924935779715690E-001  4.041091384518031E+000  2.461962368800577E+000  2.561939728704466E-001
  3.850000000000000E+003  9.928527163639486E-001  4.045643139152898E+000  2.470538654457648E+000  2.561992886460917E-001
  3.900000000000000E+003  9.932071844223617E-001  4.050138105440205E+000  2.479044114281567E+000  2.562045822204603E-001
  4.000000000000000E+003  9.939069492466293E-001  4.058910791956560E+000  2.495892164189103E+000  2.562150838783947E-001
  4.100000000000000E+003  9.945891026863308E-001  4.067475268687607E+000  2.512474928061575E+000  2.562255009810310E-001
  4.150000000000000E+003  9.949218313358730E-001  4.071706664139792E+000  2.520650648958314E+000  2.562306880984340E-001
  4.200000000000000E+003  9.952505185811941E-001  4.075889054962667E+000  2.528765267424045E+000  2.562358546814164E-001
  4.250000000000000E+003  9.955752573447391E-001  4.080023581083181E+000  2.536820226644411E+000  2.562410010401506E-001
  4.300000000000000E+003  9.958961374923423E-001  4.084111342916470E+000  2.544816940040939E+000  2.562461274372218E-001
  4.350000000000000E+003  9.962132459630746E-001  4.088153403178088E+000  2.552756777154265E+000  2.562512341194760E-001
  4.400000000000000E+003  9.965266668918508E-001  4.092150788591550E+000  2.560641062576260E+000  2.562563213255952E-001
  4.500000000000000E+003  9.971461861380488E-001  4.099973805412823E+000  2.576284380178974E+000  2.562664206256248E-001
  4.600000000000000E+003  9.977517273485039E-001  4.107631422514491E+000  2.591718612570213E+000  2.562764452319262E-001
  4.700000000000000E+003  9.983438845293414E-001  4.115130596285976E+000  2.606953004053987E+000  2.562863967901005E-001
  4.750000000000000E+003  9.986336109548266E-001  4.118841366884982E+000  2.614481113763383E+000  2.562913539495140E-001
  4.800000000000000E+003  9.989202341082373E-001  4.122514555293953E+000  2.621962868380233E+000  2.562962933123993E-001
  4.850000000000000E+003  9.992038175375842E-001  4.126150927275610E+000  2.629399270898488E+000  2.563012151079630E-001
  4.900000000000000E+003  9.994844229232714E-001  4.129751225315140E+000  2.636791299997665E+000  2.563061195297759E-001
  5.000000000000000E+003  1.000039674614632E+000  4.136812584647362E+000  2.651477684337701E+000  2.563158612994981E-001
  5.100000000000000E+003  1.000583587728832E+000  4.143739345095011E+000  2.665996126008117E+000  2.563255360981669E-001
  5.200000000000000E+003  1.001116602025670E+000  4.150536621829854E+000  2.680353439619857E+000  2.563351452448813E-001
  5.300000000000000E+003  1.001639132925359E+000  4.157209242553634E+000  2.694556060630752E+000  2.563446900424196E-001
  5.400000000000000E+003  1.002151573230010E+000  4.163761768692015E+000  2.708610066661195E+000  2.563541717429676E-001
  5.500000000000000E+003  1.002654294695172E+000  4.170198514665990E+000  2.722521194067947E+000  2.563635915490832E-001
  5.600000000000000E+003  1.003147649468338E+000  4.176523565446916E+000  2.736294857363153E+000  2.563729506176425E-001
  5.700000000000000E+003  1.003631971408389E+000  4.182740792576404E+000  2.749936169492010E+000  2.563822500631894E-001
  5.800000000000000E+003  1.004107577297835E+000  4.188853868809824E+000  2.763449961564742E+000  2.563914909606698E-001
  5.900000000000000E+003  1.004574767958139E+000  4.194866281523336E+000  2.776840801515731E+000  2.564006743477861E-001
  6.000000000000000E+003  1.005033829277260E+000  4.200781345007796E+000  2.790113011561998E+000  2.564098012271027E-001
  6.100000000000000E+003  1.005485033157478E+000  4.206602211758860E+000  2.803270684476539E+000  2.564188725679620E-001
  6.200000000000000E+003  1.005928638390778E+000  4.212331882860142E+000  2.816317698736404E+000  2.564278893082447E-001
  6.300000000000000E+003  1.006364891468234E+000  4.217973217545603E+000  2.829257732615964E+000  2.564368523559902E-001
  6.400000000000000E+003  1.006794027329228E+000  4.223528942017953E+000  2.842094277295608E+000  2.564457625908955E-001
  6.500000000000000E+003  1.007216270055707E+000  4.229001657591442E+000  2.854830649052818E+000  2.564546208657039E-001
  6.600000000000000E+003  1.007631833516207E+000  4.234393848220411E+000  2.867470000598666E+000  2.564634280074912E-001
  6.700000000000000E+003  1.008040921963839E+000  4.239707887468324E+000  2.880015331618698E+000  2.564721848188634E-001
  6.800000000000000E+003  1.008443730592119E+000  4.244946044966600E+000  2.892469498573433E+000  2.564808920790723E-001
  6.900000000000000E+003  1.008840446052058E+000  4.250110492407356E+000  2.904835223809951E+000  2.564895505450537E-001
  7.000000000000000E+003  1.009231246933685E+000  4.255203309109974E+000  2.917115104032622E+000  2.564981609524025E-001
  7.100000000000000E+003  1.009616304214819E+000  4.260226487197335E+000  2.929311618177710E+000  2.565067240162818E-001
  7.200000000000000E+003  1.009995781679710E+000  4.265181936414131E+000  2.941427134733541E+000  2.565152404322790E-001
  7.300000000000000E+003  1.010369836309868E+000  4.270071488616596E+000  2.953463918545061E+000  2.565237108772076E-001
  7.400000000000000E+003  1.010738618649252E+000  4.274896901960181E+000  2.965424137138978E+000  2.565321360098655E-001
  7.500000000000000E+003  1.011102273145760E+000  4.279659864809259E+000  2.977309866603230E+000  2.565405164717462E-001
  7.600000000000000E+003  1.011460938470800E+000  4.284361999390716E+000  2.989123097052299E+000  2.565488528877131E-001
  7.700000000000000E+003  1.011814747818605E+000  4.289004865211321E+000  3.000865737707767E+000  2.565571458666340E-001
  7.800000000000000E+003  1.012163829186743E+000  4.293589962256966E+000  3.012539621621583E+000  2.565653960019851E-001
  7.900000000000000E+003  1.012508305639229E+000  4.298118733990310E+000  3.024146510067685E+000  2.565736038724212E-001
  8.000000000000000E+003  1.012848295553475E+000  4.302592570161854E+000  3.035688096625933E+000  2.565817700423160E-001
  8.100000000000000E+003  1.013183912852239E+000  4.307012809448222E+000  3.047166010980633E+000  2.565898950622780E-001
  8.200000000000000E+003  1.013515267221630E+000  4.311380741930284E+000  3.058581822454548E+000  2.565979794696389E-001
  8.300000000000000E+003  1.013842464316148E+000  4.315697611422586E+000  3.069937043297714E+000  2.566060237889188E-001
  8.400000000000000E+003  1.014165605951645E+000  4.319964617664740E+000  3.081233131749145E+000  2.566140285322702E-001
  8.500000000000000E+003  1.014484790287058E+000  4.324182918384436E+000  3.092471494888206E+000  2.566219941999010E-001
  8.600000000000000E+003  1.014800111995644E+000  4.328353631241010E+000  3.103653491291235E+000  2.566299212804776E-001
  8.700000000000000E+003  1.015111662426459E+000  4.332477835657779E+000  3.114780433507859E+000  2.566378102515119E-001
  8.800000000000000E+003  1.015419529756692E+000  4.336556574550705E+000  3.125853590370491E+000  2.566456615797284E-001
  8.900000000000000E+003  1.015723799135492E+000  4.340590855960341E+000  3.136874189149362E+000  2.566534757214189E-001
  9.000000000000000E+003  1.016024552819816E+000  4.344581654593479E+000  3.147843417564683E+000  2.566612531227797E-001
  9.100000000000000E+003  1.016321870302836E+000  4.348529913280455E+000  3.158762425666562E+000  2.566689942202342E-001
  9.200000000000000E+003  1.016615828435360E+000  4.352436544353561E+000  3.169632327592566E+000  2.566766994407462E-001
  9.300000000000000E+003  1.016906501540733E+000  4.356302430951675E+000  3.180454203212036E+000  2.566843692021148E-001
  9.400000000000000E+003  1.017193961523612E+000  4.360128428255742E+000  3.191229099665635E+000  2.566920039132617E-001
  9.600000000000000E+003  1.017762415529596E+000  4.367626292804919E+000  3.212691736945238E+000  2.567071389203775E-001
  9.800000000000000E+003  1.018318693448479E+000  4.374975757071395E+000  3.233975428832923E+000  2.567221391950176E-001
  9.900000000000000E+003  1.018591078420328E+000  4.378614275068927E+000  3.244528782221778E+000  2.567296045662249E-001
  1.000000000000000E+004  1.018860635803621E+000  4.382217508436315E+000  3.255040923721779E+000  2.567370371557967E-001
  1.010000000000000E+004  1.019127423216006E+000  4.385786146306118E+000  3.265512684470117E+000  2.567444373273680E-001
  1.020000000000000E+004  1.019391496542659E+000  4.389320857708078E+000  3.275944876764794E+000  2.567518054281407E-001
  1.040000000000000E+004  1.019914175561457E+000  4.396258838848556E+000  3.296737929348082E+000  2.567664185556721E-001
  1.060000000000000E+004  1.020426526589824E+000  4.403069892759674E+000  3.317379681453045E+000  2.567809080685153E-001
  1.080000000000000E+004  1.020928945958353E+000  4.409758654826699E+000  3.337876235764321E+000  2.567952764730238E-001
  1.100000000000000E+004  1.021421807819869E+000  4.416329509764929E+000  3.358233340385612E+000  2.568095261937002E-001
  1.120000000000000E+004  1.021905465756134E+000  4.422786609414470E+000  3.378456431578108E+000  2.568236595704010E-001
  1.140000000000000E+004  1.022380254244668E+000  4.429133888982713E+000  3.398550664871569E+000  2.568376788620919E-001
  1.160000000000000E+004  1.022846489998717E+000  4.435375081893636E+000  3.418520937650113E+000  2.568515862501274E-001
  1.180000000000000E+004  1.023304473192697E+000  4.441513733384574E+000  3.438371907176924E+000  2.568653838417981E-001
  1.200000000000000E+004  1.023754488584411E+000  4.447553212975133E+000  3.458108006069428E+000  2.568790736739435E-001
  1.220000000000000E+004  1.024196806544187E+000  4.453496725918714E+000  3.477733456082090E+000  2.568926577164475E-001
  1.240000000000000E+004  1.024631683999952E+000  4.459347323734753E+000  3.497252280596217E+000  2.569061378755479E-001
  1.260000000000000E+004  1.025059365306325E+000  4.465107913908862E+000  3.516668316043324E+000  2.569195159969517E-001
  1.280000000000000E+004  1.025480083044889E+000  4.470781268838658E+000  3.535985222415692E+000  2.569327938687538E-001
  1.300000000000000E+004  1.025894058762085E+000  4.476370034094637E+000  3.555206492980314E+000  2.569459732241795E-001
  1.320000000000000E+004  1.026301503650424E+000  4.481876736058136E+000  3.574335463289556E+000  2.569590557441536E-001
  1.340000000000000E+004  1.026702619178185E+000  4.487303788991974E+000  3.593375319565738E+000  2.569720430597134E-001
  1.360000000000000E+004  1.027097597672161E+000  4.492653501593661E+000  3.612329106524321E+000  2.569849367542761E-001
  1.380000000000000E+004  1.027486622857616E+000  4.497928083076006E+000  3.631199734690389E+000  2.569977383657703E-001
  1.400000000000000E+004  1.027869870359129E+000  4.503129648815463E+000  3.649989987254642E+000  2.570104493886414E-001
  1.420000000000000E+004  1.028247508165701E+000  4.508260225604656E+000  3.668702526508402E+000  2.570230712757403E-001
  1.440000000000000E+004  1.028619697063117E+000  4.513321756541878E+000  3.687339899891522E+000  2.570356054401047E-001
  1.460000000000000E+004  1.028986591036290E+000  4.518316105587405E+000  3.705904545682652E+000  2.570480532566363E-001
  1.480000000000000E+004  1.029348337644059E+000  4.523245061813386E+000  3.724398798357829E+000  2.570604160636852E-001
  1.500000000000000E+004  1.029705078368658E+000  4.528110343371861E+000  3.742824893640508E+000  2.570726951645446E-001
  1.520000000000000E+004  1.030056948941885E+000  4.532913601203027E+000  3.761184973263939E+000  2.570848918288638E-001
  1.540000000000000E+004  1.030404079649809E+000  4.537656422503907E+000  3.779481089464912E+000  2.570970072939822E-001
  1.560000000000000E+004  1.030746595617686E+000  4.542340333975774E+000  3.797715209226308E+000  2.571090427661932E-001
  1.580000000000000E+004  1.031084617076594E+000  4.546966804867126E+000  3.815889218284506E+000  2.571209994219381E-001
  1.600000000000000E+004  1.031418259613186E+000  4.551537249827389E+000  3.834004924916518E+000  2.571328784089387E-001
  1.620000000000000E+004  1.031747634403818E+000  4.556053031585426E+000  3.852064063520576E+000  2.571446808472699E-001
  1.640000000000000E+004  1.032072848434209E+000  4.560515463465516E+000  3.870068298002877E+000  2.571564078303784E-001
  1.660000000000000E+004  1.032394004705684E+000  4.564925811752563E+000  3.888019224982339E+000  2.571680604260477E-001
  1.680000000000000E+004  1.032711202428987E+000  4.569285297917262E+000  3.905918376824299E+000  2.571796396773178E-001
  1.700000000000000E+004  1.033024537206517E+000  4.573595100711035E+000  3.923767224513404E+000  2.571911466033567E-001
  1.720000000000000E+004  1.033334101203840E+000  4.577856358139802E+000  3.941567180375141E+000  2.572025822002916E-001
  1.740000000000000E+004  1.033639983311199E+000  4.582070169324927E+000  3.959319600654954E+000  2.572139474419995E-001
  1.760000000000000E+004  1.033942269295711E+000  4.586237596258963E+000  3.977025787963152E+000  2.572252432808611E-001
  1.780000000000000E+004  1.034241041944905E+000  4.590359665463281E+000  3.994686993593472E+000  2.572364706484782E-001
  1.800000000000000E+004  1.034536381202155E+000  4.594437369554099E+000  4.012304419722439E+000  2.572476304563601E-001
  1.820000000000000E+004  1.034828364294576E+000  4.598471668722916E+000  4.029879221496507E+000  2.572587235965779E-001
  1.840000000000000E+004  1.035117065853858E+000  4.602463492136892E+000  4.047412509013228E+000  2.572697509423885E-001
  1.860000000000000E+004  1.035402558030502E+000  4.606413739264382E+000  4.064905349202638E+000  2.572807133488328E-001
  1.880000000000000E+004  1.035684910601903E+000  4.610323281130276E+000  4.082358767614407E+000  2.572916116533072E-001
  1.900000000000000E+004  1.035964191074634E+000  4.614192961505674E+000  4.099773750116185E+000  2.573024466761099E-001
  1.920000000000000E+004  1.036240464781343E+000  4.618023598035868E+000  4.117151244508146E+000  2.573132192209637E-001
  1.940000000000000E+004  1.036513794972553E+000  4.621815983310558E+000  4.134492162058451E+000  2.573239300755183E-001
  1.960000000000000E+004  1.036784242903721E+000  4.625570885879695E+000  4.151797378964157E+000  2.573345800118309E-001
  1.980000000000000E+004  1.037051867917819E+000  4.629289051218318E+000  4.169067737741735E+000  2.573451697868255E-001
  2.000000000000000E+004  1.037316727523725E+000  4.632971202643397E+000  4.186304048551175E+000  2.573557001427370E-001
