! time                    int_density             frank_density           perfect_density         vac_density             faulted_density         void_density            
  0.000000000000000E+000  0.000000000000000E+000  0.000000000000000E+000  0.000000000000000E+000  2.140585232712487E-007  0.000000000000000E+000  7.845742504312415E-005
  0.000000000000000E+000  0.000000000000000E+000  0.000000000000000E+000  0.000000000000000E+000  2.140585232712487E-007  0.000000000000000E+000  7.845742504312415E-005
  1.000000000000000E-001  9.029409560281096E-009  6.822471430117796E-007  2.314232362624445E-008  5.446942330385138E-005  4.472529591031449E-007  7.845742504315372E-005
  2.000000000000000E-001  9.017710982112721E-009  1.364398373928067E-006  2.300879031606407E-008  1.035805552522913E-004  8.940313025858677E-007  7.845742504318020E-005
  3.000000000000000E-001  9.006442909067546E-009  2.046355033215254E-006  2.288137962944260E-008  1.491921314477774E-004  1.340195560548228E-006  7.845742504320479E-005
  4.000000000000000E-001  8.995535319165231E-009  2.728092109572884E-006  2.275915055325325E-008  1.924786307303609E-004  1.785755096369553E-006  7.845742504322810E-005
  5.000000000000000E-001  8.984990162454471E-009  3.409558620726730E-006  2.264195937384552E-008  2.336984212376502E-004  2.230588577449610E-006  7.845742504325007E-005
  6.000000000000000E-001  8.974805551966441E-009  4.090707364713916E-006  2.252962808393718E-008  2.730458274359633E-004  2.674554927169451E-006  7.845742504327077E-005
  8.000000000000000E-001  8.955797212802482E-009  5.451494092939598E-006  2.232197739818190E-008  3.452938583024103E-004  3.557684427655174E-006  7.845742504330091E-005
  1.000000000000000E+000  8.938112009614260E-009  6.810470879239739E-006  2.213087106921389E-008  4.118564117220051E-004  4.434593842579294E-006  7.845742504333770E-005
  1.200000000000000E+000  8.921674825473903E-009  8.167378576319980E-006  2.195478917391702E-008  4.733253873088445E-004  5.303870966149413E-006  7.845742504337211E-005
  1.400000000000000E+000  8.906407432193363E-009  9.521993154681759E-006  2.179232834654785E-008  5.301832673955709E-004  6.164179849210482E-006  7.845742504340455E-005
  1.600000000000000E+000  8.892231984615062E-009  1.087412161015658E-005  2.164221436117695E-008  5.828372818746724E-004  7.014311176259665E-006  7.845742504343525E-005
  1.800000000000000E+000  8.879072957210737E-009  1.222359845415486E-005  2.150329797822314E-008  6.316399981716482E-004  7.853213979180182E-006  7.845742504346437E-005
  2.000000000000000E+000  8.866858220881144E-009  1.357028264665528E-005  2.137454621198597E-008  6.769023383333078E-004  8.680012023968174E-006  7.845742504349209E-005
  2.500000000000000E+000  8.841117017776443E-009  1.691878391526619E-005  2.110198665615245E-008  7.717465171718456E-004  1.066399157196844E-005  7.845742504355344E-005
  3.000000000000000E+000  8.819524830813521E-009  2.024789232823635E-005  2.087139488494443E-008  8.513548530713505E-004  1.256285999235142E-005  7.845742504360827E-005
  3.500000000000000E+000  8.801384232698968E-009  2.355690815455362E-005  2.067468185066130E-008  9.182435519921144E-004  1.437827118183904E-005  7.845742504365721E-005
  4.000000000000000E+000  8.786111479269857E-009  2.684549252847358E-005  2.050550319035487E-008  9.744892835869877E-004  1.611431079034437E-005  7.845742504370070E-005
  4.500000000000000E+000  8.773219534021134E-009  3.011357253065100E-005  2.035883938311314E-008  1.021815545278491E-003  1.777643901242045E-005  7.845742504373914E-005
  5.000000000000000E+000  8.762302750525509E-009  3.336126812706013E-005  2.023068451703317E-008  1.061658133774376E-003  1.937071133656086E-005  7.845742504377302E-005
  6.000000000000000E+000  8.745941668437644E-009  3.977880559676892E-005  2.002594557218876E-008  1.119668737387310E-003  2.233349836043146E-005  7.845742504382563E-005
  7.000000000000000E+000  8.733594130932997E-009  4.612121216665751E-005  1.985903690690433E-008  1.161960110392241E-003  2.510910523695229E-005  7.845742504386677E-005
  8.000000000000000E+000  8.724066309464839E-009  5.239175684705351E-005  1.971931817632726E-008  1.192842259065075E-003  2.772809915587570E-005  7.845742504389896E-005
  9.000000000000000E+000  8.716513917157518E-009  5.859384808411429E-005  1.959936431993219E-008  1.215438976339972E-003  3.021395011814190E-005  7.845742504392441E-005
  1.000000000000000E+001  8.710340742129529E-009  6.473081130742022E-005  1.949394120920787E-008  1.232015715066156E-003  3.258446805336911E-005  7.845742504394471E-005
  1.100000000000000E+001  8.705126298362594E-009  7.080577846287978E-005  1.939932955643877E-008  1.244215558306973E-003  3.485321126012757E-005  7.845742504396119E-005
  1.200000000000000E+001  8.700574389881198E-009  7.682164362280837E-005  1.931286925241760E-008  1.253229915179056E-003  3.703065847805136E-005  7.845742504397476E-005
  1.400000000000000E+001  8.692797852444672E-009  8.863697370700871E-005  1.915999094231368E-008  1.263936340646149E-003  4.107699203107206E-005  7.845742504399474E-005
  1.600000000000000E+001  8.685714356197560E-009  1.002520002774545E-004  1.902094771832550E-008  1.270396087470964E-003  4.485650000747423E-005  7.845742504401015E-005
  1.800000000000000E+001  8.678936957933443E-009  1.116807182592661E-004  1.889165191697087E-008  1.274360554384594E-003  4.840197285592831E-005  7.845742504402253E-005
  2.000000000000000E+001  8.672261261862511E-009  1.229353954604596E-004  1.876965486572373E-008  1.276830519834513E-003  5.174034676858235E-005  7.845742504403278E-005
  2.200000000000000E+001  8.665580960510346E-009  1.340269097842688E-004  1.865343569783376E-008  1.278381583529431E-003  5.489431220566418E-005  7.845742504404142E-005
  2.400000000000000E+001  8.658842487929710E-009  1.449650161472870E-004  1.854200655732202E-008  1.279348316601223E-003  5.788322778512947E-005  7.845742504404891E-005
  2.600000000000000E+001  8.652020659765684E-009  1.557585472825791E-004  1.843469198345636E-008  1.279928254230523E-003  6.072371479812450E-005  7.845742504405538E-005
  2.800000000000000E+001  8.645105561654802E-009  1.664155626175419E-004  1.833100457056046E-008  1.280240571469799E-003  6.343009929764070E-005  7.845742504406109E-005
  3.000000000000000E+001  8.638095467709787E-009  1.769434594056438E-004  1.823057408857849E-008  1.280359214251848E-003  6.601477112829241E-005  7.845742504406617E-005
  3.500000000000000E+001  8.619982008871358E-009  2.025522820880211E-004  1.799434114002921E-008  1.279952237527888E-003  7.185709630768320E-005  7.845742504407600E-005
  4.000000000000000E+001  8.601440402556576E-009  2.275309536954494E-004  1.777243840128598E-008  1.279089248008849E-003  7.718686296327891E-005  7.845742504408376E-005
  4.500000000000000E+001  8.582559934859889E-009  2.519479031400061E-004  1.756278731512138E-008  1.277909446187810E-003  8.208618894751039E-005  7.845742504408996E-005
  5.000000000000000E+001  8.563421602273606E-009  2.758614106941563E-004  1.736376572186622E-008  1.276499411236358E-003  8.661953332776061E-005  7.845742504409492E-005
  5.500000000000000E+001  8.544095852521083E-009  2.993213433841288E-004  1.717407648503166E-008  1.274917144769467E-003  9.083835377791040E-005  7.845742504409894E-005
  6.000000000000000E+001  8.524642638787456E-009  3.223705540773443E-004  1.699266378626735E-008  1.273203553014045E-003  9.478427119885177E-005  7.845742504410219E-005
  6.500000000000000E+001  8.505112288611958E-009  3.450460226939496E-004  1.681865615695991E-008  1.271388514267335E-003  9.849129582442140E-005  7.845742504410480E-005
  7.000000000000000E+001  8.485546623064246E-009  3.673797942949257E-004  1.665132580396625E-008  1.269494386934071E-003  1.019874521826681E-004  7.845742504410690E-005
  7.500000000000000E+001  8.465980101216940E-009  3.893997542233070E-004  1.649005861418069E-008  1.267538193723741E-003  1.052960046236353E-004  7.845742504410856E-005
  8.000000000000000E+001  8.446440897246565E-009  4.111302709125844E-004  1.633433152654932E-008  1.265533063271091E-003  1.084364047744641E-004  7.845742504410988E-005
  9.000000000000000E+001  8.407489832820208E-009  4.535858202387442E-004  1.603920778896662E-008  1.261390982606462E-003  1.141582809190081E-004  7.845742504411146E-005
  1.000000000000000E+002  8.368909060963460E-009  4.951586454263817E-004  1.576103646284675E-008  1.257163952982408E-003  1.194076282502679E-004  7.845742504411226E-005
  1.100000000000000E+002  8.330762553359457E-009  5.359478594440194E-004  1.549774562549766E-008  1.252882541055101E-003  1.242513694813726E-004  7.845742504411244E-005
  1.200000000000000E+002  8.293088668589162E-009  5.760345411256048E-004  1.524766618018964E-008  1.248567722263552E-003  1.287426606710338E-004  7.845742504411198E-005
  1.300000000000000E+002  8.255908304088446E-009  6.154858427423937E-004  1.500942985048301E-008  1.244234355704906E-003  1.329247107433597E-004  7.845742504411119E-005
  1.400000000000000E+002  8.219230583019252E-009  6.543580272870056E-004  1.478189750815554E-008  1.239893257175025E-003  1.368333470440085E-004  7.845742504411014E-005
  1.500000000000000E+002  8.183056787332266E-009  6.926987387155709E-004  1.456410788426165E-008  1.235552499948855E-003  1.404987596414023E-004  7.845742504410879E-005
  1.600000000000000E+002  8.147383060016069E-009  7.305487181201502E-004  1.435524011612745E-008  1.231218249986165E-003  1.439467110771711E-004  7.845742504410724E-005
  1.700000000000000E+002  8.112202251634981E-009  7.679431161404220E-004  1.415458587994298E-008  1.226895311667769E-003  1.471993980322819E-004  7.845742504410539E-005
  1.800000000000000E+002  8.077505175707255E-009  8.049125082828373E-004  1.396152829305695E-008  1.222587491103600E-003  1.502760846037218E-004  7.845742504410335E-005
  1.900000000000000E+002  8.043281457518907E-009  8.414836893426558E-004  1.377552568389255E-008  1.218297843247433E-003  1.531935833400118E-004  7.845742504410112E-005
  2.000000000000000E+002  8.009520104217213E-009  8.776803017946504E-004  1.359609892343015E-008  1.214028844092373E-003  1.559666322705056E-004  7.845742504409867E-005
  2.100000000000000E+002  7.976209884230312E-009  9.135233380015449E-004  1.342282140527097E-008  1.209782513811365E-003  1.586081985340190E-004  7.845742504409596E-005
  2.200000000000000E+002  7.943339576512720E-009  9.490315454702853E-004  1.325531102504324E-008  1.205560507165874E-003  1.611297282150920E-004  7.845742504409295E-005
  2.300000000000000E+002  7.910898131087667E-009  9.842217568137672E-004  1.309322369051611E-008  1.201364181582901E-003  1.635413552005807E-004  7.845742504408959E-005
  2.400000000000000E+002  7.878874769256905E-009  1.019109160638256E-003  1.293624801840614E-008  1.197194649614147E-003  1.658520776925849E-004  7.845742504408580E-005
  2.500000000000000E+002  7.847259042986716E-009  1.053707525631180E-003  1.278410096216304E-008  1.193052820183376E-003  1.680699084428231E-004  7.845742504408146E-005
  2.600000000000000E+002  7.816040866728687E-009  1.088029387237632E-003  1.263652417768829E-008  1.188939431572842E-003  1.702020031738969E-004  7.845742504407640E-005
  2.700000000000000E+002  7.785210530859760E-009  1.122086204174030E-003  1.249328097975971E-008  1.184855078171932E-003  1.722547706324528E-004  7.845742504407090E-005
  2.800000000000000E+002  7.754758703032184E-009  1.155888490469356E-003  1.235415377508410E-008  1.180800232408239E-003  1.742339670408406E-004  7.845742504406381E-005
  2.900000000000000E+002  7.724676418042223E-009  1.189445931492590E-003  1.221894190020229E-008  1.176775262067034E-003  1.761447771961480E-004  7.845742504413921E-005
  2.950000000000000E+002  7.709759800237079E-009  1.206164711176740E-003  1.215267358952162E-008  1.174772419434522E-003  1.770836710013203E-004  7.845742504415498E-005
  3.000000000000000E+002  7.694932753428256E-009  1.222824649595438E-003  1.208732005511929E-008  1.172777748703750E-003  1.780066421561715E-004  7.845742504422377E-005
  3.010000000000000E+002  7.691976343780545E-009  1.226154297552417E-003  1.207434599456865E-008  1.172379289392114E-003  1.781906031781629E-004  7.845742504421193E-005
  3.020000000000000E+002  7.689023005853948E-009  1.229481613297480E-003  1.206140757010736E-008  1.171981248727231E-003  1.783739355056911E-004  7.845742504416876E-005
  3.030000000000000E+002  7.686073232193014E-009  1.232806604932071E-003  1.204850322084543E-008  1.171583591761892E-003  1.785566438259887E-004  7.845742504415802E-005
  3.035000000000000E+002  7.684600938389092E-009  1.234468521068953E-003  1.204206600373971E-008  1.171384857184028E-003  1.786478424703801E-004  7.845742504415693E-005
  3.040000000000000E+002  7.683128662425732E-009  1.236129858476133E-003  1.203563598241459E-008  1.171186217220178E-003  1.787388861947421E-004  7.845742504415551E-005
  3.045000000000000E+002  7.681656762843047E-009  1.237790618227114E-003  1.202921495332086E-008  1.170987665952797E-003  1.788297755703730E-004  7.845742504415596E-005
  3.050000000000000E+002  7.680185627056608E-009  1.239450801659040E-003  1.202280235907955E-008  1.170789204063511E-003  1.789205111478283E-004  7.845742504417294E-005
  3.055000000000000E+002  7.678715520430923E-009  1.241110409168077E-003  1.201639869681910E-008  1.170590827068177E-003  1.790110935194580E-004  7.845742504416955E-005
  3.056000000000000E+002  7.678420378242107E-009  1.241442307658505E-003  1.201511631763835E-008  1.170551155538495E-003  1.790292038731084E-004  7.845742504416931E-005
  3.058000000000000E+002  7.677832447327257E-009  1.242106012656241E-003  1.201255854657050E-008  1.170471825987120E-003  1.790654001134344E-004  7.845742504416871E-005
  3.060000000000000E+002  7.677245062747289E-009  1.242769625744634E-003  1.201000199021711E-008  1.170392509970062E-003  1.791015719286916E-004  7.845742504416848E-005
  3.065000000000000E+002  7.675778783466287E-009  1.244428084935881E-003  1.200361671398535E-008  1.170194299905478E-003  1.791918493291520E-004  7.845742504416559E-005
  3.070000000000000E+002  7.674310996154731E-009  1.246085971623332E-003  1.199723908299850E-008  1.169996170229627E-003  1.792819751731432E-004  7.845742504415714E-005
  3.075000000000000E+002  7.672844171017393E-009  1.247743286951337E-003  1.199087130162697E-008  1.169798119799942E-003  1.793719500064558E-004  7.845742504415810E-005
  3.080000000000000E+002  7.671379046053993E-009  1.249400031846892E-003  1.198451087943200E-008  1.169600147783326E-003  1.794617743705227E-004  7.845742504415471E-005
  3.081000000000000E+002  7.671083648201679E-009  1.249731358041465E-003  1.198323696343660E-008  1.169560557048570E-003  1.794797332281825E-004  7.845742504415634E-005
  3.082000000000000E+002  7.670790916265555E-009  1.250062661429731E-003  1.198196868754340E-008  1.169520969482966E-003  1.794976860801379E-004  7.845742504415632E-005
  3.084000000000000E+002  7.670204935410511E-009  1.250725177095642E-003  1.197942803354761E-008  1.169441807281455E-003  1.795335677702343E-004  7.845742504415700E-005
  3.086000000000000E+002  7.669619405345079E-009  1.251387601822002E-003  1.197688654231783E-008  1.169362658593563E-003  1.795694254989995E-004  7.845742504416108E-005
  3.088000000000000E+002  7.669033724199951E-009  1.252049935440509E-003  1.197434971861857E-008  1.169283522543902E-003  1.796052592876528E-004  7.845742504416203E-005
  3.090000000000000E+002  7.668448292521672E-009  1.252712178138948E-003  1.197181344407799E-008  1.169204399291971E-003  1.796410691788246E-004  7.845742504416298E-005
  3.095000000000000E+002  7.666987081969267E-009  1.254367217451658E-003  1.196548022030682E-008  1.169006664616706E-003  1.797304450368946E-004  7.845742504415640E-005
  3.100000000000000E+002  7.665524657103368E-009  1.256021690539946E-003  1.195915393541175E-008  1.168809006382277E-003  1.798196725904790E-004  7.845742504415527E-005
  3.105000000000000E+002  7.664063535881168E-009  1.257675598303504E-003  1.195283726413596E-008  1.168611423689192E-003  1.799087523582694E-004  7.845742504415319E-005
  3.110000000000000E+002  7.662603087080016E-009  1.259328941812781E-003  1.194652893358060E-008  1.168413916689882E-003  1.799976848717946E-004  7.845742504414989E-005
  3.111000000000000E+002  7.662309005718406E-009  1.259659587960973E-003  1.194526736443709E-008  1.168374418894893E-003  1.800154654925137E-004  7.845742504414972E-005
  3.112000000000000E+002  7.662017149588098E-009  1.259990211558401E-003  1.194400610167944E-008  1.168334924474697E-003  1.800332402327677E-004  7.845742504414923E-005
  3.114000000000000E+002  7.661436240649464E-009  1.260651368629175E-003  1.194148836485915E-008  1.168255946660786E-003  1.800687662040099E-004  7.845742504415094E-005
  3.116000000000000E+002  7.660851709770433E-009  1.261312435607347E-003  1.193896936619811E-008  1.168176981865398E-003  1.801042687147704E-004  7.845742504415063E-005
  3.118000000000000E+002  7.660268092185752E-009  1.261973412573473E-003  1.193645209602598E-008  1.168098029711595E-003  1.801397477983557E-004  7.845742504415033E-005
  3.120000000000000E+002  7.659683699107888E-009  1.262634299589216E-003  1.193393662190009E-008  1.168019090427284E-003  1.801752034856946E-004  7.845742504414993E-005
  3.125000000000000E+002  7.658227822382758E-009  1.264285955822046E-003  1.192765228052937E-008  1.167821815677721E-003  1.802636970328398E-004  7.845742504414579E-005
  3.130000000000000E+002  7.656768944780188E-009  1.265937051922258E-003  1.192137851900312E-008  1.167624617673951E-003  1.803520454080973E-004  7.845742504415364E-005
  3.131000000000000E+002  7.656476115667428E-009  1.266267248741126E-003  1.192012477195454E-008  1.167585181308037E-003  1.803697092810210E-004  7.845742504415479E-005
  3.132000000000000E+002  7.656185004909663E-009  1.266597423155502E-003  1.191887137213126E-008  1.167545747988417E-003  1.803873673548778E-004  7.845742504415436E-005
  3.134000000000000E+002  7.655604627667094E-009  1.267257682495385E-003  1.191636495962741E-008  1.167466893186847E-003  1.804226603345429E-004  7.845742504415498E-005
  3.136000000000000E+002  7.655021935538243E-009  1.267917852201352E-003  1.191385823280697E-008  1.167388051247344E-003  1.804579302083323E-004  7.845742504413559E-005
  3.138000000000000E+002  7.654439537455055E-009  1.268577932602478E-003  1.191135407892983E-008  1.167309222073929E-003  1.804931769794788E-004  7.845742504412622E-005
  3.140000000000000E+002  7.653857697114377E-009  1.269237923614298E-003  1.190885254079753E-008  1.167230404927054E-003  1.805284006921943E-004  7.845742504410566E-005
  3.145000000000000E+002  7.652404575377956E-009  1.270887344322644E-003  1.190260216463038E-008  1.167033434689681E-003  1.806163163165216E-004  7.845742504410042E-005
  3.146000000000000E+002  7.652110747064545E-009  1.271217206190862E-003  1.190135571286472E-008  1.166994044322195E-003  1.806338936942190E-004  7.845742504410042E-005
  3.148000000000000E+002  7.651529953811467E-009  1.271876840859537E-003  1.189885868634283E-008  1.166915275950175E-003  1.806690255105119E-004  7.845742504409981E-005
  3.150000000000000E+002  7.650948122754657E-009  1.272536386539115E-003  1.189636352694089E-008  1.166836520031915E-003  1.807041344237510E-004  7.845742504409954E-005
  3.155000000000000E+002  7.649497022041560E-009  1.274184695433917E-003  1.189012839836987E-008  1.166639701904050E-003  1.807917641177613E-004  7.845742504409814E-005
  3.156000000000000E+002  7.649204856842767E-009  1.274514335004597E-003  1.188888478081862E-008  1.166600342051227E-003  1.808092843424933E-004  7.845742504409786E-005
  3.158000000000000E+002  7.648624139143828E-009  1.275173525421675E-003  1.188639423313604E-008  1.166521634516426E-003  1.808443020371382E-004  7.845742504409867E-005
  3.160000000000000E+002  7.648043335538947E-009  1.275832627134214E-003  1.188390687273445E-008  1.166442939020331E-003  1.808792969830286E-004  7.845742504409843E-005
  3.165000000000000E+002  7.646593647806030E-009  1.277479828029172E-003  1.187769013974690E-008  1.166246273094101E-003  1.809666427093998E-004  7.845742504409622E-005
  3.170000000000000E+002  7.645142969226185E-009  1.279126476498189E-003  1.187148265681261E-008  1.166049681405460E-003  1.810538473185307E-004  7.845742504409277E-005
  3.171000000000000E+002  7.644852398775722E-009  1.279455784097312E-003  1.187024117203736E-008  1.166010366604949E-003  1.810712825958578E-004  7.845742504409078E-005
  3.172000000000000E+002  7.644562666938148E-009  1.279785069643553E-003  1.186899829388748E-008  1.165971055049603E-003  1.810887122481256E-004  7.845742504409150E-005
  3.174000000000000E+002  7.643982889694335E-009  1.280443552470357E-003  1.186652182486565E-008  1.165892443894487E-003  1.811235490103161E-004  7.845742504409116E-005
  3.176000000000000E+002  7.643403280976843E-009  1.281101946933167E-003  1.186404500950340E-008  1.165813844795949E-003  1.811583632844203E-004  7.845742504408302E-005
  3.178000000000000E+002  7.642823916927443E-009  1.281760253426270E-003  1.186156756431357E-008  1.165735258178898E-003  1.811931551047200E-004  7.845742504408024E-005
  3.180000000000000E+002  7.642244635675946E-009  1.282418471867552E-003  1.185909248549993E-008  1.165656683821817E-003  1.812279244913753E-004  7.845742504407770E-005
  3.185000000000000E+002  7.640797416839713E-009  1.284063468455422E-003  1.185290881024832E-008  1.165460321752858E-003  1.813147082982045E-004  7.845742504407560E-005
  3.190000000000000E+002  7.639350609905755E-009  1.285707916445115E-003  1.184673403772422E-008  1.165264034045764E-003  1.814013529348973E-004  7.845742504407051E-005
  3.195000000000000E+002  7.637904793548757E-009  1.287351816815436E-003  1.184056789378494E-008  1.165067820628775E-003  1.814878588779131E-004  7.845742504406467E-005
  3.200000000000000E+002  7.636459784559975E-009  1.288995170562850E-003  1.183440928639674E-008  1.164871682546872E-003  1.815742266156136E-004  7.845742504406399E-005
  3.201000000000000E+002  7.636170336519663E-009  1.289323819477750E-003  1.183317998504516E-008  1.164832457968835E-003  1.815914946351935E-004  7.845742504406425E-005
  3.202000000000000E+002  7.635881781201613E-009  1.289652446520592E-003  1.183194735741344E-008  1.164793236689133E-003  1.816087571352894E-004  7.845742504406395E-005
  3.204000000000000E+002  7.635304027235135E-009  1.290309613268574E-003  1.182948883765527E-008  1.164714806602796E-003  1.816432600760928E-004  7.845742504406292E-005
  3.206000000000000E+002  7.634726643175146E-009  1.290966692769671E-003  1.182703091954883E-008  1.164636388884902E-003  1.816777409893823E-004  7.845742504406494E-005
  3.208000000000000E+002  7.634149308308467E-009  1.291623685036005E-003  1.182457411830666E-008  1.164557983489440E-003  1.817121999059908E-004  7.845742504406453E-005
  3.210000000000000E+002  7.633571886779683E-009  1.292280590162403E-003  1.182211801547933E-008  1.164479590704777E-003  1.817466368583850E-004  7.845742504406549E-005
  3.215000000000000E+002  7.632129785949123E-009  1.293922309083895E-003  1.181598445510245E-008  1.164283682311602E-003  1.818325924419528E-004  7.845742504406320E-005
  3.220000000000000E+002  7.630688173306088E-009  1.295563485101454E-003  1.180985879342713E-008  1.164087848818627E-003  1.819184117020154E-004  7.845742504406137E-005
  3.225000000000000E+002  7.629247479962712E-009  1.297204119102059E-003  1.180374102664743E-008  1.163892090501098E-003  1.820040951093961E-004  7.845742504405747E-005
  3.230000000000000E+002  7.627807345471715E-009  1.298844212040586E-003  1.179763128868920E-008  1.163696407619112E-003  1.820896431392847E-004  7.845742504405488E-005
  3.235000000000000E+002  7.626368128136456E-009  1.300483764888699E-003  1.179153124770820E-008  1.163500800774105E-003  1.821750562350726E-004  7.845742504405307E-005
  3.236000000000000E+002  7.626080115255160E-009  1.300811653844174E-003  1.179030830692392E-008  1.163461682600917E-003  1.821921334700962E-004  7.845742504404930E-005
  3.238000000000000E+002  7.625505013692259E-009  1.301467345468578E-003  1.178787367874525E-008  1.163383458430374E-003  1.822262663653223E-004  7.845742504404941E-005
  3.240000000000000E+002  7.624930300678528E-009  1.302122950832386E-003  1.178543582647100E-008  1.163305246682306E-003  1.822603777616254E-004  7.845742504404977E-005
  3.245000000000000E+002  7.623492573698975E-009  1.303761425900538E-003  1.177935216681131E-008  1.163109791847123E-003  1.823455222086716E-004  7.845742504404638E-005
  3.250000000000000E+002  7.622055938510499E-009  1.305399363611504E-003  1.177327434819282E-008  1.162914412614840E-003  1.824305331031178E-004  7.845742504404694E-005
  3.255000000000000E+002  7.620620127461642E-009  1.307036764824134E-003  1.176720422621376E-008  1.162719109170081E-003  1.825154109429057E-004  7.845742504404172E-005
  3.256000000000000E+002  7.620333461712677E-009  1.307364223619210E-003  1.176599447229284E-008  1.162680051341895E-003  1.825323811766879E-004  7.845742504404153E-005
  3.258000000000000E+002  7.619759353568214E-009  1.308019055465915E-003  1.176356852843390E-008  1.162601948603576E-003  1.825663003917091E-004  7.845742504404041E-005
  3.260000000000000E+002  7.619185451902159E-009  1.308673801568144E-003  1.176114646860768E-008  1.162523858034958E-003  1.826001983690150E-004  7.845742504403184E-005
  3.265000000000000E+002  7.617751247858099E-009  1.310310132323354E-003  1.175509219319444E-008  1.162328707069711E-003  1.826848111286850E-004  7.845742504403030E-005
  3.270000000000000E+002  7.616317969364935E-009  1.311945929226158E-003  1.174904597734587E-008  1.162133632193015E-003  1.827692921346668E-004  7.845742504401715E-005
  3.275000000000000E+002  7.614885444292320E-009  1.313581193377267E-003  1.174300973747301E-008  1.161938632317441E-003  1.828536418116770E-004  7.845742504402097E-005
  3.276000000000000E+002  7.614599590705103E-009  1.313908224899291E-003  1.174180349172450E-008  1.161899635481227E-003  1.828705064959366E-004  7.845742504402122E-005
  3.278000000000000E+002  7.614026615780905E-009  1.314562202780465E-003  1.173938999257834E-008  1.161821654837717E-003  1.829042149055819E-004  7.845742504402215E-005
  3.280000000000000E+002  7.613454275027580E-009  1.315216095553098E-003  1.173697996626242E-008  1.161743686374082E-003  1.829379023699934E-004  7.845742504402204E-005
  3.285000000000000E+002  7.612023268665816E-009  1.316850296379896E-003  1.173095875659784E-008  1.161548840102496E-003  1.830219905864555E-004  7.845742504402096E-005
  3.290000000000000E+002  7.610593300913253E-009  1.318483966928271E-003  1.172494478621567E-008  1.161354069516124E-003  1.831059488143415E-004  7.845742504401523E-005
  3.295000000000000E+002  7.609164093477097E-009  1.320117108194839E-003  1.171893974655554E-008  1.161159374147869E-003  1.831897774702021E-004  7.845742504401136E-005
  3.296000000000000E+002  7.608879275952877E-009  1.320443715292219E-003  1.171773914050747E-008  1.161120438212098E-003  1.832065380176145E-004  7.845742504401123E-005
  3.298000000000000E+002  7.608307859007132E-009  1.321096844892139E-003  1.171533974838030E-008  1.161042579140430E-003  1.832400384213392E-004  7.845742504401107E-005
  3.300000000000000E+002  7.607736881838760E-009  1.321749890024300E-003  1.171294194804692E-008  1.160964732496661E-003  1.832735181659089E-004  7.845742504401955E-005
  3.305000000000000E+002  7.606308743623948E-009  1.323381975089580E-003  1.170695156845994E-008  1.160770190992604E-003  1.833570888301387E-004  7.845742504401673E-005
  3.306000000000000E+002  7.606023658954429E-009  1.323708371011336E-003  1.170575388706381E-008  1.160731285946577E-003  1.833737978225389E-004  7.845742504401696E-005
  3.308000000000000E+002  7.605453001456752E-009  1.324361078559155E-003  1.170336118831915E-008  1.160653488542978E-003  1.834071952422446E-004  7.845742504401756E-005
  3.310000000000000E+002  7.604882408889587E-009  1.325013701846495E-003  1.170096937353767E-008  1.160575703602577E-003  1.834405721304293E-004  7.845742504401765E-005
  3.315000000000000E+002  7.603456147955604E-009  1.326644734185046E-003  1.169499449384465E-008  1.160381315679515E-003  1.835238865288837E-004  7.845742504401401E-005
  3.316000000000000E+002  7.603171796239398E-009  1.326970919637103E-003  1.169380062194710E-008  1.160342441316972E-003  1.835405442957337E-004  7.845742504401386E-005
  3.318000000000000E+002  7.602602308737943E-009  1.327623206469975E-003  1.169140777726525E-008  1.160264706107286E-003  1.835738394374070E-004  7.845742504400941E-005
  3.320000000000000E+002  7.602031906251576E-009  1.328275409358280E-003  1.168902730703529E-008  1.160186982495565E-003  1.836071141668995E-004  7.845742504400929E-005
  3.321000000000000E+002  7.601747000661316E-009  1.328601489860022E-003  1.168783418297285E-008  1.160148123938395E-003  1.836237464418115E-004  7.845742504401048E-005
  3.322000000000000E+002  7.601462054671354E-009  1.328927549334222E-003  1.168664270823486E-008  1.160109268485806E-003  1.836403736197890E-004  7.845742504401032E-005
  3.324000000000000E+002  7.600892526667383E-009  1.329579584412735E-003  1.168425890708110E-008  1.160031570111623E-003  1.836736076405994E-004  7.845742504400994E-005
  3.326000000000000E+002  7.600323107004821E-009  1.330231535695927E-003  1.168187724989336E-008  1.159953884221513E-003  1.837068213583713E-004  7.845742504401264E-005
  3.328000000000000E+002  7.599753490561796E-009  1.330883403187777E-003  1.167949639438425E-008  1.159876210798464E-003  1.837400147884344E-004  7.845742504401384E-005
  3.330000000000000E+002  7.599184613959265E-009  1.331535186983811E-003  1.167711698357212E-008  1.159798549550460E-003  1.837731879608077E-004  7.845742504401370E-005
  3.331000000000000E+002  7.598899909120532E-009  1.331861057954572E-003  1.167592558179733E-008  1.159759722416525E-003  1.837897694892987E-004  7.845742504401254E-005
  3.332000000000000E+002  7.598615121259371E-009  1.332186908013773E-003  1.167473806039920E-008  1.159720898193632E-003  1.838063459608084E-004  7.845742504401142E-005
  3.334000000000000E+002  7.598046235307698E-009  1.332838524513983E-003  1.167236246969985E-008  1.159643261846836E-003  1.838394786904558E-004  7.845742504401088E-005
  3.336000000000000E+002  7.597477463543950E-009  1.333490057463735E-003  1.166998396603875E-008  1.159565638157957E-003  1.838725912499825E-004  7.845742504400731E-005
  3.338000000000000E+002  7.596908693063635E-009  1.334141506974105E-003  1.166761112230927E-008  1.159488026573468E-003  1.839056836600645E-004  7.845742504400685E-005
  3.340000000000000E+002  7.596340045946395E-009  1.334792873054299E-003  1.166523675592530E-008  1.159410427360209E-003  1.839387559525809E-004  7.845742504400657E-005
  3.341000000000000E+002  7.596055518354868E-009  1.335118535212922E-003  1.166404979158688E-008  1.159371630790654E-003  1.839552870844371E-004  7.845742504400304E-005
  3.342000000000000E+002  7.595771183816485E-009  1.335444176560336E-003  1.166286496830572E-008  1.159332837459783E-003  1.839718131792594E-004  7.845742504400298E-005
  3.344000000000000E+002  7.595202945015811E-009  1.336095375928683E-003  1.166049442540357E-008  1.159255262957451E-003  1.840048452972560E-004  7.845742504400266E-005
  3.346000000000000E+002  7.594634652100104E-009  1.336746492048923E-003  1.165812507653923E-008  1.159177700739731E-003  1.840378573631783E-004  7.845742504400346E-005
  3.348000000000000E+002  7.594066676095097E-009  1.337397525021825E-003  1.165575323278495E-008  1.159100151138477E-003  1.840708494465619E-004  7.845742504401402E-005
  3.350000000000000E+002  7.593498787630355E-009  1.338048474795699E-003  1.165338767581551E-008  1.159022613473338E-003  1.841038215227943E-004  7.845742504401417E-005
  3.355000000000000E+002  7.592079389371073E-009  1.339675330110338E-003  1.164747485147807E-008  1.158828842529941E-003  1.841861272129847E-004  7.845742504401042E-005
  3.360000000000000E+002  7.590661112056114E-009  1.341301667177737E-003  1.164156991749566E-008  1.158635144914704E-003  1.842683088141644E-004  7.845742504399376E-005
  3.361000000000000E+002  7.590377344087894E-009  1.341626913906658E-003  1.164038955789022E-008  1.158596408873773E-003  1.842847401729341E-004  7.845742504399368E-005
  3.362000000000000E+002  7.590093684092757E-009  1.341952140012216E-003  1.163921213491132E-008  1.158557675791627E-003  1.843011665705811E-004  7.845742504399490E-005
  3.364000000000000E+002  7.589526836000757E-009  1.342602509297252E-003  1.163685091977213E-008  1.158480222205075E-003  1.843339995652743E-004  7.845742504399673E-005
  3.366000000000000E+002  7.588959966786915E-009  1.343252795838727E-003  1.163449204266183E-008  1.158402781153201E-003  1.843668127817991E-004  7.845742504399735E-005
  3.368000000000000E+002  7.588393224020964E-009  1.343902999700027E-003  1.163213670769939E-008  1.158325352283749E-003  1.843996062436746E-004  7.845742504399739E-005
  3.370000000000000E+002  7.587826566824877E-009  1.344553120940164E-003  1.162978205543557E-008  1.158247935672120E-003  1.844323799759850E-004  7.845742504399758E-005
  3.375000000000000E+002  7.586410561939997E-009  1.346177908401842E-003  1.162390000724107E-008  1.158054467455955E-003  1.845141914210367E-004  7.845742504399536E-005
  3.380000000000000E+002  7.584995351916328E-009  1.347802181162635E-003  1.161802416262568E-008  1.157861074541216E-003  1.845958803965739E-004  7.845742504399734E-005
  3.381000000000000E+002  7.584712477003195E-009  1.348127015116524E-003  1.161685233713452E-008  1.157822398946758E-003  1.846122132893242E-004  7.845742504399677E-005
  3.382000000000000E+002  7.584429661047114E-009  1.348451828496442E-003  1.161567875008375E-008  1.157783726425073E-003  1.846285412889209E-004  7.845742504399613E-005
  3.384000000000000E+002  7.583863814844739E-009  1.349101373084138E-003  1.161333049851175E-008  1.157706394196814E-003  1.846611777510044E-004  7.845742504400269E-005
  3.386000000000000E+002  7.583298190165947E-009  1.349750835405840E-003  1.161098660176030E-008  1.157629074153205E-003  1.846937946793798E-004  7.845742504400189E-005
  3.388000000000000E+002  7.582732813897872E-009  1.350400215667886E-003  1.160864006910581E-008  1.157551766931633E-003  1.847263921246930E-004  7.845742504401081E-005
  3.390000000000000E+002  7.582167414306933E-009  1.351049513766192E-003  1.160629894882815E-008  1.157474471770801E-003  1.847589700852474E-004  7.845742504401075E-005
  3.395000000000000E+002  7.580754822799519E-009  1.352672246690849E-003  1.160044612257367E-008  1.157281308026055E-003  1.848402936949352E-004  7.845742504400849E-005
  3.400000000000000E+002  7.579343024530560E-009  1.354294468135915E-003  1.159460094620112E-008  1.157088219123968E-003  1.849214964132501E-004  7.845742504400682E-005
  3.405000000000000E+002  7.577931802445093E-009  1.355916178795107E-003  1.158876486012381E-008  1.156895204517757E-003  1.850025785987405E-004  7.845742504399402E-005
  3.406000000000000E+002  7.577649784967722E-009  1.356240500531531E-003  1.158759682493507E-008  1.156856604943459E-003  1.850187902261586E-004  7.845742504399365E-005
  3.408000000000000E+002  7.577085777526090E-009  1.356889062396471E-003  1.158526704835709E-008  1.156779417880239E-003  1.850511942194933E-004  7.845742504399230E-005
  3.410000000000000E+002  7.576521807826805E-009  1.357537542699144E-003  1.158293494279922E-008  1.156702243482699E-003  1.850835789938905E-004  7.845742504399186E-005
  3.415000000000000E+002  7.575112154416030E-009  1.359158234421224E-003  1.157711280592970E-008  1.156509382211329E-003  1.851644212011664E-004  7.845742504399086E-005
  3.420000000000000E+002  7.573703474631450E-009  1.360778417902809E-003  1.157129880166734E-008  1.156316595584652E-003  1.852451440497508E-004  7.845742504398895E-005
  3.421000000000000E+002  7.573421851280772E-009  1.361102434272465E-003  1.157013661873621E-008  1.156278041604251E-003  1.852612838482170E-004  7.845742504398812E-005
  3.422000000000000E+002  7.573140604306844E-009  1.361426430341018E-003  1.156897493024344E-008  1.156239490708257E-003  1.852774188770240E-004  7.845742504398793E-005
  3.424000000000000E+002  7.572577117331282E-009  1.362074341268414E-003  1.156665015411287E-008  1.156162401850413E-003  1.853096699001571E-004  7.845742504398662E-005
  3.426000000000000E+002  7.572014153731134E-009  1.362722171053538E-003  1.156433018280504E-008  1.156085325292688E-003  1.853419018878491E-004  7.845742504398620E-005
  3.428000000000000E+002  7.571451393867887E-009  1.363369919739358E-003  1.156200964094520E-008  1.156008261189006E-003  1.853741148745524E-004  7.845742504398561E-005
  3.430000000000000E+002  7.570888672356080E-009  1.364017587383688E-003  1.155968997016158E-008  1.155931209632505E-003  1.854063088914633E-004  7.845742504398556E-005
  3.435000000000000E+002  7.569482332609797E-009  1.365636250669686E-003  1.155389822481870E-008  1.155738654889415E-003  1.854866757169463E-004  7.845742504398505E-005
  3.440000000000000E+002  7.568076861819535E-009  1.367254408903278E-003  1.154811339098366E-008  1.155546174961936E-003  1.855669247072926E-004  7.845742504398036E-005
  3.441000000000000E+002  7.567796035849874E-009  1.367578020365394E-003  1.154695494451174E-008  1.155507682534032E-003  1.855829698003933E-004  7.845742504398014E-005
  3.442000000000000E+002  7.567515249794545E-009  1.367901611642724E-003  1.154580126681106E-008  1.155469192930059E-003  1.855990101814188E-004  7.845742504397984E-005
  3.444000000000000E+002  7.566953207930353E-009  1.368548713506217E-003  1.154349075984475E-008  1.155392226163222E-003  1.856310721350420E-004  7.845742504397903E-005
  3.446000000000000E+002  7.566391702784386E-009  1.369195734735776E-003  1.154118040994278E-008  1.155315271827839E-003  1.856631153077880E-004  7.845742504397872E-005
  3.448000000000000E+002  7.565830086789429E-009  1.369842675374410E-003  1.153887123825863E-008  1.155238330100144E-003  1.856951397262137E-004  7.845742504397797E-005
  3.450000000000000E+002  7.565268619245991E-009  1.370489535478508E-003  1.153656452116425E-008  1.155161400713954E-003  1.857271454073948E-004  7.845742504397750E-005
  3.455000000000000E+002  7.563865277581355E-009  1.372106183077930E-003  1.153080285723402E-008  1.154969151056844E-003  1.858070428829910E-004  7.845742504397370E-005
  3.460000000000000E+002  7.562463213522369E-009  1.373722328796620E-003  1.152504643148116E-008  1.154776976402490E-003  1.858868240393924E-004  7.845742504396705E-005
  3.461000000000000E+002  7.562183015336339E-009  1.374045537887843E-003  1.152389637428274E-008  1.154738544693240E-003  1.859027756201291E-004  7.845742504396701E-005
  3.462000000000000E+002  7.561902963879708E-009  1.374368726921012E-003  1.152274577001825E-008  1.154700116152724E-003  1.859187225521359E-004  7.845742504396698E-005
  3.464000000000000E+002  7.561342211829749E-009  1.375015024800915E-003  1.152044675520514E-008  1.154623271592719E-003  1.859505978521089E-004  7.845742504396629E-005
  3.466000000000000E+002  7.560781815919401E-009  1.375661242548991E-003  1.151814843351831E-008  1.154546439590852E-003  1.859824546068071E-004  7.845742504396534E-005
  3.468000000000000E+002  7.560221581612265E-009  1.376307380212499E-003  1.151585168911933E-008  1.154469619974457E-003  1.860142928382747E-004  7.845742504396493E-005
  3.470000000000000E+002  7.559661419837890E-009  1.376953437848240E-003  1.151355617892514E-008  1.154392812770905E-003  1.860461125710738E-004  7.845742504396527E-005
  3.475000000000000E+002  7.558261525656778E-009  1.378568082362459E-003  1.150782156206168E-008  1.154200869318559E-003  1.861255466873408E-004  7.845742504396003E-005
  3.480000000000000E+002  7.556861924044781E-009  1.380182228194375E-003  1.150209643169914E-008  1.154009000388623E-003  1.862048659351300E-004  7.845742504395797E-005
  3.490000000000000E+002  7.554067228811744E-009  1.383408530484409E-003  1.149066370110611E-008  1.153625545826391E-003  1.863630480056875E-004  7.845742504394391E-005
  3.495000000000000E+002  7.552670355736621E-009  1.385021184887800E-003  1.148496162024468E-008  1.153433894087498E-003  1.864420252694854E-004  7.845742504390533E-005
  3.496000000000000E+002  7.552391612569312E-009  1.385343696012537E-003  1.148382145114388E-008  1.153395566971786E-003  1.864578161642497E-004  7.845742504390506E-005
  3.498000000000000E+002  7.551833125768637E-009  1.385988638924626E-003  1.148154137843746E-008  1.153318925820904E-003  1.864893797849031E-004  7.845742504390473E-005
  3.500000000000000E+002  7.551274973672697E-009  1.386633502547406E-003  1.147926269016241E-008  1.153242297452219E-003  1.865209252560834E-004  7.845742504390429E-005
  3.505000000000000E+002  7.549879819938978E-009  1.388245166712730E-003  1.147357156743308E-008  1.153050802938620E-003  1.865996758753001E-004  7.845742504390002E-005
  3.510000000000000E+002  7.548485437240225E-009  1.389856336839608E-003  1.146788749007472E-008  1.152859387036975E-003  1.866783137886035E-004  7.845742504390065E-005
  3.520000000000000E+002  7.545699887386876E-009  1.393076705859970E-003  1.145654618114658E-008  1.152476835946805E-003  1.868351416685457E-004  7.845742504385039E-005
  3.530000000000000E+002  7.542916150613693E-009  1.396295110748533E-003  1.144522949646262E-008  1.152094579000981E-003  1.869915243371281E-004  7.845742504387111E-005
  3.540000000000000E+002  7.540137285234082E-009  1.399511556170811E-003  1.143394064979296E-008  1.151712618655223E-003  1.871474646121128E-004  7.845742504385628E-005
  3.545000000000000E+002  7.538748856320695E-009  1.401119290199907E-003  1.142831017127888E-008  1.151521715871987E-003  1.872253244244492E-004  7.845742504385233E-005
  3.546000000000000E+002  7.538471499488049E-009  1.401440817455296E-003  1.142718236535681E-008  1.151483538843371E-003  1.872408919797460E-004  7.845742504385189E-005
  3.548000000000000E+002  7.537916232767077E-009  1.402083793858027E-003  1.142493153812266E-008  1.151407198166934E-003  1.872720094757812E-004  7.845742504385127E-005
  3.550000000000000E+002  7.537361075359354E-009  1.402726692182713E-003  1.142268177743988E-008  1.151330870681540E-003  1.873031093763782E-004  7.845742504385109E-005
  3.555000000000000E+002  7.535973912139743E-009  1.404333450702345E-003  1.141706216499337E-008  1.151140129980759E-003  1.873807495106080E-004  7.845742504386902E-005
  3.560000000000000E+002  7.534587496717039E-009  1.405939722516704E-003  1.141144978896597E-008  1.150949466548285E-003  1.874582803759179E-004  7.845742504386592E-005
  3.561000000000000E+002  7.534310321495446E-009  1.406260957423514E-003  1.141032826104691E-008  1.150911337404766E-003  1.874737821777405E-004  7.845742504386561E-005
  3.562000000000000E+002  7.534033293719931E-009  1.406582172883024E-003  1.140920656042920E-008  1.150873211471959E-003  1.874892796147469E-004  7.845742504386516E-005
  3.564000000000000E+002  7.533478920599498E-009  1.407224526050701E-003  1.140696432301566E-008  1.150796972691381E-003  1.875202570445899E-004  7.845742504386470E-005
  3.566000000000000E+002  7.532925065595639E-009  1.407866801511899E-003  1.140472360706133E-008  1.150720746613530E-003  1.875512170514140E-004  7.845742504386437E-005
  3.568000000000000E+002  7.532371127737584E-009  1.408508999305772E-003  1.140248252714759E-008  1.150644533517033E-003  1.875821596614935E-004  7.845742504386353E-005
  3.570000000000000E+002  7.531817191155565E-009  1.409151119487869E-003  1.140024437728036E-008  1.150568333129940E-003  1.876130848901040E-004  7.845742504386287E-005
  3.575000000000000E+002  7.530433067800505E-009  1.410755935481426E-003  1.139465366838548E-008  1.150377906934692E-003  1.876902896841389E-004  7.845742504385783E-005
  3.576000000000000E+002  7.530156532811167E-009  1.411076879323272E-003  1.139353605250747E-008  1.150339825078950E-003  1.877057263144651E-004  7.845742504385745E-005
  3.578000000000000E+002  7.529603060042439E-009  1.411718689569920E-003  1.139130169343653E-008  1.150263674266086E-003  1.877365822808327E-004  7.845742504385697E-005
  3.580000000000000E+002  7.529049765420666E-009  1.412360422405353E-003  1.138906961229625E-008  1.150187535897494E-003  1.877674209670847E-004  7.845742504385273E-005
  3.585000000000000E+002  7.527666360052415E-009  1.413964269197620E-003  1.138349097106433E-008  1.149997267002488E-003  1.878444102261535E-004  7.845742504370582E-005
  3.586000000000000E+002  7.527391087244558E-009  1.414285019716759E-003  1.138237678448742E-008  1.149959216040338E-003  1.878598037461400E-004  7.845742504370515E-005
  3.588000000000000E+002  7.526837970512961E-009  1.414926443597338E-003  1.138014947773153E-008  1.149883126669294E-003  1.878905735997161E-004  7.845742504370870E-005
  3.590000000000000E+002  7.526285824940836E-009  1.415567790298441E-003  1.137791949380258E-008  1.149807050061426E-003  1.879213262911207E-004  7.845742504370826E-005
  3.595000000000000E+002  7.524902528120162E-009  1.417170674315706E-003  1.137235609691521E-008  1.149616933767188E-003  1.879981011473729E-004  7.845742504363790E-005
  3.596000000000000E+002  7.524627519294080E-009  1.417491232104293E-003  1.137124352918009E-008  1.149578913848649E-003  1.880134518305897E-004  7.845742504363768E-005
  3.598000000000000E+002  7.524078829349333E-009  1.418132271007614E-003  1.136902145997843E-008  1.149502885344751E-003  1.880441361444720E-004  7.845742504359881E-005
  3.600000000000000E+002  7.523524230195714E-009  1.418773232666085E-003  1.136679948531925E-008  1.149426870712009E-003  1.880748033534086E-004  7.845742504360297E-005
  3.601000000000000E+002  7.523246901277575E-009  1.419093694287358E-003  1.136568812711622E-008  1.149388866623800E-003  1.880901326989258E-004  7.845742504360270E-005
  3.602000000000000E+002  7.522970739994187E-009  1.419414136708199E-003  1.136457882468391E-008  1.149350865578488E-003  1.881054577840167E-004  7.845742504360206E-005
  3.604000000000000E+002  7.522419543232400E-009  1.420054942792902E-003  1.136236017593895E-008  1.149274876225014E-003  1.881360908522663E-004  7.845742504360029E-005
  3.606000000000000E+002  7.521867737129567E-009  1.420695673719745E-003  1.136014131517859E-008  1.149198899081300E-003  1.881667069691699E-004  7.845742504360719E-005
  3.608000000000000E+002  7.521316354645745E-009  1.421336323759820E-003  1.135792142903245E-008  1.149122937085124E-003  1.881973057361328E-004  7.845742504375827E-005
  3.610000000000000E+002  7.520764075597514E-009  1.421976897086089E-003  1.135570466508608E-008  1.149046986597006E-003  1.882278876649894E-004  7.845742504382526E-005
  3.611000000000000E+002  7.520491198549592E-009  1.422297166801542E-003  1.135459812180691E-008  1.149009012866631E-003  1.882431745304392E-004  7.845742504382492E-005
  3.612000000000000E+002  7.520215713299815E-009  1.422617417356987E-003  1.135348947517391E-008  1.148971042338660E-003  1.882584571629114E-004  7.845742504382464E-005
  3.614000000000000E+002  7.519664504017698E-009  1.423257841840801E-003  1.135127528996291E-008  1.148895113706257E-003  1.882890055081793E-004  7.845742504382399E-005
  3.616000000000000E+002  7.519113595603187E-009  1.423898189790819E-003  1.134906212959475E-008  1.148819197335061E-003  1.883195369573938E-004  7.845742504382323E-005
  3.618000000000000E+002  7.518562798669150E-009  1.424538461230717E-003  1.134684998992902E-008  1.148743293297768E-003  1.883500515292664E-004  7.845742504382269E-005
  3.620000000000000E+002  7.518012078142997E-009  1.425178656193784E-003  1.134463903877129E-008  1.148667401579152E-003  1.883805492441702E-004  7.845742504382193E-005
  3.625000000000000E+002  7.516635876306110E-009  1.426778666366308E-003  1.133911639011609E-008  1.148477745955003E-003  1.884566885203601E-004  7.845742504382080E-005
  3.630000000000000E+002  7.515260417188198E-009  1.428378199969630E-003  1.133360085253786E-008  1.148288164374758E-003  1.885327230997239E-004  7.845742504381797E-005
  3.640000000000000E+002  7.512512107109309E-009  1.431575366150271E-003  1.132259054487182E-008  1.147909282118168E-003  1.886843761283535E-004  7.845742504381507E-005
  3.660000000000000E+002  7.507025497330695E-009  1.437962135765324E-003  1.130065557384280E-008  1.147152574100531E-003  1.889860383938456E-004  7.845742504380752E-005
  3.680000000000000E+002  7.501551148091304E-009  1.444341386963021E-003  1.127882803720900E-008  1.146396999984442E-003  1.892860762585293E-004  7.845742504380146E-005
  3.700000000000000E+002  7.496089013522805E-009  1.450713163276280E-003  1.125710705486251E-008  1.145642599555460E-003  1.895845087478393E-004  7.845742504379500E-005
  3.750000000000000E+002  7.482492788989576E-009  1.466596491340414E-003  1.120329398088476E-008  1.143762913388722E-003  1.903208581050942E-004  7.845742504377741E-005
  3.800000000000000E+002  7.468971674614427E-009  1.482434351487108E-003  1.115012707266162E-008  1.141890436534348E-003  1.910477470971763E-004  7.845742504375811E-005
  3.900000000000000E+002  7.442171125087024E-009  1.513932731701434E-003  1.104577029409127E-008  1.138170856468057E-003  1.924657901289837E-004  7.845742504371176E-005
  4.000000000000000E+002  7.415661356898197E-009  1.545258394474527E-003  1.094384323260576E-008  1.134480604935353E-003  1.938499382371336E-004  7.845742504365634E-005
  4.200000000000000E+002  7.363564792148292E-009  1.607249992077947E-003  1.074723101141395E-008  1.127199667942967E-003  1.964960922964147E-004  7.845742504349512E-005
  4.400000000000000E+002  7.312561148928760E-009  1.668612448779117E-003  1.055926692921713E-008  1.120035236663561E-003  1.990310587511133E-004  7.845742504326581E-005
  4.600000000000000E+002  7.262610855637359E-009  1.729373600966911E-003  1.037935922027384E-008  1.112987197902533E-003  2.014644788522791E-004  7.845742504294618E-005
  4.800000000000000E+002  7.213676568424740E-009  1.789558961078750E-003  1.020697256687936E-008  1.106053744747300E-003  2.038048466708802E-004  7.845742504250877E-005
  5.000000000000000E+002  7.165723011023540E-009  1.849192003404701E-003  1.004162052976084E-008  1.099232859125077E-003  2.060596601546420E-004  7.845742504192028E-005
  5.500000000000000E+002  7.050369045990098E-009  1.995101454890403E-003  9.657716295996850E-009  1.082722859218734E-003  2.112580913608670E-004  7.845742503861106E-005
  6.000000000000000E+002  6.940406823106114E-009  2.138103143899049E-003  9.308756901514825E-009  1.066860907892385E-003  2.160830507595983E-004  7.845742503211581E-005
  6.500000000000000E+002  6.835425645567887E-009  2.278423572105780E-003  8.990017018785284E-009  1.051618623885752E-003  2.205866860321165E-004  7.845742502052245E-005
  7.000000000000000E+002  6.735058597343048E-009  2.416258581176929E-003  8.697602462579547E-009  1.036963483602278E-003  2.248109074884443E-004  7.845742500124944E-005
  7.500000000000000E+002  6.638976472698766E-009  2.551779067118615E-003  8.428271247343292E-009  1.022864102938779E-003  2.287896938436984E-004  7.845742497094590E-005
  8.000000000000000E+002  6.546882656679862E-009  2.685135391328668E-003  8.179300681230180E-009  1.009290575008345E-003  2.325508792200910E-004  7.845742492539867E-005
  8.500000000000000E+002  6.458508900648466E-009  2.816460832288504E-003  7.948386112116818E-009  9.962145590710675E-004  2.361175039772009E-004  7.845742485944877E-005
  9.000000000000000E+002  6.373611800133021E-009  2.945874314944838E-003  7.733562761787577E-009  9.836093062714597E-004  2.395088338127429E-004  7.845742476691809E-005
  9.050000000000000E+002  6.365258580944669E-009  2.958796947976516E-003  7.712789698910858E-009  9.823636903474734E-004  2.398461457056254E-004  7.845742475739354E-005
  9.100000000000000E+002  6.356938486971121E-009  2.971700922745416E-003  7.692160361006542E-009  9.811253267203346E-004  2.401816612957048E-004  7.845742474759147E-005
  9.200000000000000E+002  6.340406260345813E-009  2.997434951996080E-003  7.651352383551451E-009  9.786654655829495E-004  2.408457354874609E-004  7.845742472682627E-005
  9.400000000000000E+002  6.307765067506346E-009  3.048613392139537E-003  7.571491424644897E-009  9.738044110040349E-004  2.421475931409115E-004  7.845742468021291E-005
  9.600000000000000E+002  6.275623010667880E-009  3.099508826851137E-003  7.493763219626713E-009  9.690111373266802E-004  2.434242554694056E-004  7.845742462805232E-005
  9.800000000000000E+002  6.243967590656941E-009  3.150127514552509E-003  7.418079457444046E-009  9.642850620866578E-004  2.446767274271966E-004  7.845742456985312E-005
  1.000000000000000E+003  6.212786665291232E-009  3.200475447344236E-003  7.344356954260841E-009  9.596248225837213E-004  2.459059390350550E-004  7.845742450509633E-005
  1.050000000000000E+003  6.137092497795639E-009  3.324726620085970E-003  7.168684676266241E-009  9.482923764235971E-004  2.488488779010419E-004  7.845742429271438E-005
  1.100000000000000E+003  6.064093962072882E-009  3.447438515010605E-003  7.003583544547733E-009  9.373361519056512E-004  2.516710569033993E-004  7.845742401919269E-005
  1.200000000000000E+003  5.926297388383353E-009  3.687182867274028E-003  6.702792420333140E-009  9.165919204701970E-004  2.569058089859391E-004  7.845742311816355E-005
  1.300000000000000E+003  5.797446008691195E-009  3.921722623516860E-003  6.433738629477109E-009  8.971252090492881E-004  2.617731148348425E-004  7.845742173389674E-005
  1.400000000000000E+003  5.676618812230010E-009  4.151466942938092E-003  6.191469223164620E-009  8.788183559537501E-004  2.663102026533115E-004  7.845741971780820E-005
  1.500000000000000E+003  5.563020843174853E-009  4.376772105478755E-003  5.972020576925466E-009  8.615644057424325E-004  2.705492127308207E-004  7.845741690335899E-005
  1.600000000000000E+003  5.455962397570799E-009  4.597950543049226E-003  5.772182591075748E-009  8.452690432949274E-004  2.745178733415961E-004  7.845741310774235E-005
  1.700000000000000E+003  5.354841900976377E-009  4.815278077877869E-003  5.589327364609729E-009  8.298488966516614E-004  2.782402169551309E-004  7.845740813374606E-005
  1.800000000000000E+003  5.259132042398868E-009  5.028999728263037E-003  5.421282486580736E-009  8.152300465902680E-004  2.817371985163152E-004  7.845740177170037E-005
  2.000000000000000E+003  5.083516169970060E-009  5.443429654782688E-003  5.124738417274642E-009  7.883485077543001E-004  2.879910994877119E-004  7.845738158233470E-005
  2.200000000000000E+003  4.924286039156523E-009  5.846221773693142E-003  4.868416803505116E-009  7.639189028636456E-004  2.935897022006098E-004  7.845735195583675E-005
  2.400000000000000E+003  4.779055860939268E-009  6.238518057845679E-003  4.644309804349275E-009  7.415975338142826E-004  2.986108872401831E-004  7.845731090079525E-005
  2.600000000000000E+003  4.645895549307192E-009  6.621279830779307E-003  4.446429742340713E-009  7.211009742777851E-004  3.031227183416210E-004  7.845725644908541E-005
  2.800000000000000E+003  4.523225907610269E-009  6.995325107879861E-003  4.270207321416318E-009  7.021956742539072E-004  3.071839153411357E-004  7.845718669019992E-005
  3.000000000000000E+003  4.409741197523746E-009  7.361356894553688E-003  4.112092973958157E-009  6.846873979624676E-004  3.108450003990596E-004  7.845709979733280E-005
  3.200000000000000E+003  4.304351457140869E-009  7.719984788573861E-003  3.969285667658918E-009  6.684132161654381E-004  3.141495132885335E-004  7.845699404637872E-005
  3.400000000000000E+003  4.206138936323198E-009  8.071741659492874E-003  3.839544081632067E-009  6.532353782507872E-004  3.171351123569456E-004  7.845686782922983E-005
  3.500000000000000E+003  4.159222082403613E-009  8.245981708898925E-003  3.778690488388685E-009  6.459811191573014E-004  3.185495412966082E-004  7.845679942114191E-005
  3.600000000000000E+003  4.113839897798359E-009  8.418639340897725E-003  3.720484781501699E-009  6.389625758931803E-004  3.198907529913918E-004  7.845672553387508E-005
  3.700000000000000E+003  4.069909898176552E-009  8.589767740056778E-003  3.664746161576475E-009  6.321663843998320E-004  3.211632382609396E-004  7.845664599371093E-005
  3.800000000000000E+003  4.027355928971216E-009  8.759416927858659E-003  3.611310367476814E-009  6.255810508391502E-004  3.223710335003930E-004  7.845656063407643E-005
  4.000000000000000E+003  3.946491623242223E-009  9.093106965008254E-003  3.511204380435756E-009  6.130611538939369E-004  3.245618217928969E-004  7.845636537173562E-005
  4.500000000000000E+003  3.766069227615364E-009  9.896144836445474E-003  3.294321417422602E-009  5.851003945358726E-004  3.289631088174754E-004  7.845570800157926E-005
  5.000000000000000E+003  3.608012571569918E-009  1.067187859776940E-002  3.111549402727801E-009  5.605851464025658E-004  3.324462184733793E-004  7.845487109106098E-005
  5.500000000000000E+003  3.468069111163657E-009  1.142342921429157E-002  2.955012339419690E-009  5.388652752777108E-004  3.351661093944816E-004  7.845384842653283E-005
  6.000000000000000E+003  3.343031855387086E-009  1.215334998073249E-002  2.819125930777168E-009  5.194484309075465E-004  3.372567852851776E-004  7.845263709396993E-005
  6.500000000000000E+003  3.230433049540756E-009  1.286376079023723E-002  2.699815322367541E-009  5.019552719234228E-004  3.388295167864546E-004  7.845123681168650E-005
  7.000000000000000E+003  3.128339708577222E-009  1.355644503404957E-002  2.594033369592655E-009  4.860882819463783E-004  3.399755105065233E-004  7.844964937242037E-005
  7.500000000000000E+003  3.035213876757341E-009  1.423292052266269E-002  2.499452924623967E-009  4.716104641356083E-004  3.407693606817989E-004  7.844787818029369E-005
  8.000000000000000E+003  2.949814876823952E-009  1.489449229927899E-002  2.414263913224607E-009  4.583304266365454E-004  3.412721994679660E-004  7.844592787009327E-005
  8.500000000000000E+003  2.871129482041353E-009  1.554229264538813E-002  2.337035728558830E-009  4.460917153042822E-004  3.415343098092900E-004  7.844380399674113E-005
  9.000000000000000E+003  2.798321084741433E-009  1.617731186825742E-002  2.266621599665489E-009  4.347650378332846E-004  3.415972218255028E-004  7.844151278367050E-005
  1.000000000000000E+004  2.668995719297171E-009  1.740168988761767E-002  2.143854446273580E-009  4.146407428335373E-004  3.411912665890514E-004  7.843631573516346E-005
  1.100000000000000E+004  2.555696725671832E-009  1.858579719334494E-002  2.038712089514749E-009  3.970072020065003E-004  3.403849144115976E-004  7.843056185722530E-005
  1.200000000000000E+004  2.455375281123257E-009  1.973401338206067E-002  1.947400214188665E-009  3.813915763048104E-004  3.392973447561806E-004  7.842430830458632E-005
  1.300000000000000E+004  2.365735240490502E-009  2.084995339910591E-002  1.867165182593191E-009  3.674374503063991E-004  3.380213140697851E-004  7.841760987795417E-005
  1.400000000000000E+004  2.285010932813647E-009  2.193664200389283E-002  1.795956766199637E-009  3.548706449644507E-004  3.366259954715737E-004  7.841051809044956E-005
  1.500000000000000E+004  2.211819695803815E-009  2.299664105447435E-002  1.732214523599917E-009  3.434763516990893E-004  3.351622143498465E-004  7.840308069306314E-005
  1.600000000000000E+004  2.145061440154134E-009  2.403214373628882E-002  1.674727990441256E-009  3.330835808698878E-004  3.336670296737452E-004  7.839534148935925E-005
  1.800000000000000E+004  2.028821134537555E-009  2.601686639515487E-002  1.575998182868484E-009  3.149881774846735E-004  3.307184193302900E-004  7.837895049234045E-005
  2.000000000000000E+004  1.929084071817307E-009  2.792667112093869E-002  1.492630156385919E-009  2.994633606656082E-004  3.278792890747288E-004  7.836188575555045E-005
  2.200000000000000E+004  1.842307485077730E-009  2.977054864683081E-002  1.421028005980796E-009  2.859575234215236E-004  3.252052512076803E-004  7.834433905052617E-005
  2.400000000000000E+004  1.765927049841156E-009  3.155575417539016E-002  1.358665753307382E-009  2.740712841996552E-004  3.227217334155166E-004  7.832646383040058E-005
  2.600000000000000E+004  1.698035401073099E-009  3.328824570098620E-002  1.303712326160027E-009  2.635075106036037E-004  3.204343540451316E-004  7.830838306884183E-005
  2.800000000000000E+004  1.637180675810994E-009  3.497299080292085E-002  1.254804828477839E-009  2.540399822803091E-004  3.183375981595106E-004  7.829019581547122E-005
  3.000000000000000E+004  1.582235677789865E-009  3.661418607968695E-002  1.210905775604636E-009  2.454930413818196E-004  3.164201945668772E-004  7.827198242815175E-005
  3.200000000000000E+004  1.532310194201702E-009  3.821541761059319E-002  1.171209982511532E-009  2.377279489319639E-004  3.146682793877925E-004  7.825380860173757E-005
  3.400000000000000E+004  1.486690606821638E-009  3.977978068650797E-002  1.135081965494018E-009  2.306334839500720E-004  3.130672191988885E-004  7.823572838461614E-005
  3.600000000000000E+004  1.444797298414594E-009  4.130997077276163E-002  1.102012734006678E-009  2.241193101739505E-004  3.116026332336615E-004  7.821778639417492E-005
  3.800000000000000E+004  1.406153973981666E-009  4.280835373431225E-002  1.071589269812975E-009  2.181111967589787E-004  3.102609374492287E-004  7.820001943121677E-005
  4.000000000000000E+004  1.370365149235763E-009  4.427702083445551E-002  1.043472523916167E-009  2.125475103786967E-004  3.090296042552669E-004  7.818245766556845E-005
  4.500000000000000E+004  1.292479840136979E-009  4.778398375785441E-002  9.824588140883679E-010  2.004418403681110E-004  3.064475975031151E-004  7.814013416982206E-005
  5.000000000000000E+004  1.226126710122080E-009  5.114803334984645E-002  9.305845623777387E-010  1.901307863350500E-004  3.042863471533434E-004  7.809953200145469E-005
  5.500000000000000E+004  1.168747689116683E-009  5.438637206563716E-002  8.857489447941756E-010  1.812160224213194E-004  3.024674410668266E-004  7.806068972476078E-005
  6.000000000000000E+004  1.118510576280132E-009  5.751288004089034E-002  8.464709661635775E-010  1.734122335183294E-004  3.009209965428231E-004  7.802357912420726E-005
  6.500000000000000E+004  1.074064545578190E-009  6.053896620248496E-002  8.116729969336997E-010  1.665090969972688E-004  2.995915352337898E-004  7.798813104715970E-005
  7.000000000000000E+004  1.034389303317582E-009  6.347415563169310E-002  7.805499107724940E-010  1.603477864874456E-004  2.984362765706656E-004  7.795425395641328E-005
  7.500000000000000E+004  9.986982017589900E-010  6.632650682064486E-002  7.524865404831849E-010  1.548058725900541E-004  2.974223423736918E-004  7.792184657560739E-005
  8.000000000000000E+004  9.663738890173125E-010  6.910291577577780E-002  7.270037187476111E-010  1.497872936043592E-004  2.965243332024649E-004  7.789080599044875E-005
  9.000000000000000E+004  9.106566873765524E-010  7.438860015746530E-002  6.829670724200862E-010  1.411380565933618E-004  2.950328903822451E-004  7.783345772398877E-005
  1.000000000000000E+005  8.633459607742341E-010  7.944312885162133E-002  6.453535041846072E-010  1.337949920721788E-004  2.937972140685966E-004  7.778019359129944E-005
  1.100000000000000E+005  8.225452643011328E-010  8.429489078459582E-002  6.127223196089673E-010  1.274632562841893E-004  2.927568996793459E-004  7.773046586307342E-005
  1.200000000000000E+005  7.869039297870584E-010  8.896678754191696E-002  5.840520356158094E-010  1.219328785908611E-004  2.918665558382909E-004  7.768381628552922E-005
  1.300000000000000E+005  7.554311362863604E-010  9.347763329784407E-002  5.585952114336652E-010  1.170498600159602E-004  2.910937560771455E-004  7.763986138759724E-005
  1.400000000000000E+005  7.273818172826394E-010  9.784312195486752E-002  5.357903231575651E-010  1.126984199242137E-004  2.904149677242582E-004  7.759827905526170E-005
  1.500000000000000E+005  7.021837694431892E-010  1.020765157810035E-001  5.152059778876766E-010  1.087896547712247E-004  2.898127181131201E-004  7.755879731396942E-005
  1.600000000000000E+005  6.793894870167405E-010  1.061891483950283E-001  4.965043280456996E-010  1.052540455513133E-004  2.892737484724064E-004  7.752118523863131E-005
  1.800000000000000E+005  6.401666016924844E-010  1.139916742345635E-001  4.642817902787447E-010  9.917082065579594E-005  2.883619098441322E-004  7.745206180309066E-005
  2.000000000000000E+005  6.069078868341661E-010  1.214302324915353E-001  4.367828816162361E-010  9.401322162302021E-005  2.875978492957657E-004  7.738797668249129E-005
  2.200000000000000E+005  5.782560969953660E-010  1.285510181232791E-001  4.129749938188992E-010  8.957050751204564E-005  2.869470229119716E-004  7.732810777377321E-005
  2.400000000000000E+005  5.532477807980555E-010  1.353911547575126E-001  3.921188041416667E-010  8.569310039015689E-005  2.863843931026874E-004  7.727181038837076E-005
  2.600000000000000E+005  5.311781603400483E-010  1.419810245352752E-001  3.736684109356173E-010  8.227159818185653E-005  2.858919662633225E-004  7.721857222819540E-005
  2.800000000000000E+005  5.115185307625839E-010  1.483458758868165E-001  3.572102538500010E-010  7.922394115410078E-005  2.854564654248832E-004  7.716798117862521E-005
  3.000000000000000E+005  4.938636813871908E-010  1.545069668876965E-001  3.424241757160211E-010  7.648724416348912E-005  2.850678577866024E-004  7.711970200641690E-005
  3.500000000000000E+005  4.573026232390785E-010  1.688383838547897E-001  3.121876259602848E-010  7.082040379855177E-005  2.842727114553078E-004  7.701000306870262E-005
  4.000000000000000E+005  4.276799252343698E-010  1.822905831440509E-001  2.877534140407224E-010  6.622952489859420E-005  2.836340857409641E-004  7.690893470992200E-005
  4.500000000000000E+005  4.030669222120569E-010  1.950043362417889E-001  2.675631356845161E-010  6.241541240688848E-005  2.831077382438923E-004  7.681483674227269E-005
  5.000000000000000E+005  3.822063963087287E-010  2.070865027452379E-001  2.505808108515716E-010  5.918306217123619E-005  2.826646947832361E-004  7.672651011682748E-005
  5.500000000000000E+005  3.642402688065351E-010  2.186204772849986E-001  2.360871768644052E-010  5.639939749985913E-005  2.822853849435387E-004  7.664306347692118E-005
  6.000000000000000E+005  3.485607892748035E-010  2.296728221358001E-001  2.235653694507288E-010  5.397017502381621E-005  2.819560722913299E-004  7.656381583920313E-005
  6.500000000000000E+005  3.347241827471679E-010  2.402976659796789E-001  2.126334521770015E-010  5.182658565293504E-005  2.816668046298656E-004  7.648823345852964E-005
  7.000000000000000E+005  3.223980246921399E-010  2.505397264111841E-001  2.030025979887893E-010  4.991709004678936E-005  2.814101779101530E-004  7.641588805432846E-005
  8.000000000000000E+005  3.016188010068020E-010  2.697231812611731E-001  1.872043942997761E-010  4.669829351172995E-005  2.809804596658275E-004  7.628170636479795E-005
  9.000000000000000E+005  2.843449332370020E-010  2.878184466268760E-001  1.743099479059861E-010  4.402268455153390E-005  2.806250847403528E-004  7.615622687165224E-005
  1.000000000000000E+006  2.696978868476411E-010  3.049858934078720E-001  1.635726414971952E-010  4.175409041672586E-005  2.803251779880796E-004  7.603807008248274E-005
  1.100000000000000E+006  2.570778969651544E-010  3.213501114248158E-001  1.544813667908830E-010  3.979955661683790E-005  2.800678500324496E-004  7.592615511631803E-005
  1.200000000000000E+006  2.460600394940500E-010  3.370101666804804E-001  1.466744879383588E-010  3.809323191882990E-005  2.798440183493019E-004  7.581961848456222E-005
  1.300000000000000E+006  2.363339327294173E-010  3.520463592847306E-001  1.398890209606891E-010  3.658701943034499E-005  2.796470808292341E-004  7.571776020479643E-005
  1.400000000000000E+006  2.276669918739838E-010  3.665248426117314E-001  1.339292385351211E-010  3.524488000191065E-005  2.794721117596883E-004  7.562000651011681E-005
  1.600000000000000E+006  2.130511754838361E-010  3.935919933871004E-001  1.241508671331478E-010  3.298161592549628E-005  2.791784757977783E-004  7.543762887764771E-005
  1.800000000000000E+006  2.008958803660304E-010  4.190810131689067E-001  1.161700109362939E-010  3.109946254940239E-005  2.789351983192351E-004  7.526602313098978E-005
  2.000000000000000E+006  1.905855259135629E-010  4.432265976208174E-001  1.095120167587453E-010  2.950305409129042E-005  2.787295510985378E-004  7.510348019198228E-005
  2.200000000000000E+006  1.816995800869717E-010  4.662107156875983E-001  1.038570395315954E-010  2.812724641215036E-005  2.785528488812599E-004  7.494874687176902E-005
  2.400000000000000E+006  1.739399291536334E-010  4.881778165142792E-001  9.898173437848291E-011  2.692586191248932E-005  2.783989576407939E-004  7.480089402452228E-005
  2.600000000000000E+006  1.670887079343315E-010  5.092448226338395E-001  9.472538817614867E-011  2.586515523388985E-005  2.782634096438802E-004  7.465922448338173E-005
  2.800000000000000E+006  1.609825856545904E-010  5.295079441123712E-001  9.096935308045942E-011  2.491982908710319E-005  2.781428657566535E-004  7.452320743585054E-005
  3.000000000000000E+006  1.554964329145753E-010  5.490474687319277E-001  8.762407481686960E-011  2.407050375719058E-005  2.780347750280922E-004  7.439243090485619E-005
  3.200000000000000E+006  1.505325827853592E-010  5.679312173342620E-001  8.462064015463783E-011  2.330205340396577E-005  2.779371515348805E-004  7.426656704506577E-005
  3.400000000000000E+006  1.460135577518562E-010  5.862170922054647E-001  8.190511086356729E-011  2.260247935520629E-005  2.778484236630269E-004  7.414534675903415E-005
  3.600000000000000E+006  1.418770157465002E-010  6.039549932307812E-001  7.943462978465753E-011  2.196212720462858E-005  2.777673296436219E-004  7.402854122193030E-005
  3.800000000000000E+006  1.380721582783811E-010  6.211882833698057E-001  7.717468499681267E-011  2.137313042260103E-005  2.776928434875522E-004  7.391594858831232E-005
  4.000000000000000E+006  1.345571264328719E-010  6.379549264790418E-001  7.509714931964325E-011  2.082900700472461E-005  2.776241214110497E-004  7.380738460672148E-005
  4.200000000000000E+006  1.312970793648988E-010  6.542883827189175E-001  7.317885024597628E-011  2.032436184624585E-005  2.775604623864614E-004  7.370267617925033E-005
  4.400000000000000E+006  1.282627537715478E-010  6.702183217764639E-001  7.140050989974798E-011  1.985466362292597E-005  2.775012786267885E-004  7.360165712617700E-005
  4.600000000000000E+006  1.254293684290005E-010  6.857711972238768E-001  6.974594772434605E-011  1.941607512265082E-005  2.774460731827959E-004  7.350416558117158E-005
  4.800000000000000E+006  1.227757803035096E-010  7.009707136711105E-001  6.820147274642141E-011  1.900532254491301E-005  2.773944227159017E-004  7.341004256904252E-005
  5.000000000000000E+006  1.202838267748275E-010  7.158382101850307E-001  6.675541465972869E-011  1.861959362762395E-005  2.773459640932223E-004  7.331913141713033E-005
  5.200000000000000E+006  1.179378073894822E-010  7.303929776094329E-001  6.539775794708054E-011  1.825645738543063E-005  2.773003838432421E-004  7.323127773041847E-005
  5.400000000000000E+006  1.157240715030080E-010  7.446525231949994E-001  6.411985344083205E-011  1.791380024857360E-005  2.772574097788764E-004  7.314632972392348E-005
  5.600000000000000E+006  1.136306871857766E-010  7.586327928490171E-001  6.291418875665335E-011  1.758977478792159E-005  2.772168042813056E-004  7.306413875713957E-005
  5.800000000000000E+006  1.116471731408784E-010  7.723483590132749E-001  6.177420396633054E-011  1.728275819916040E-005  2.771783588696606E-004  7.298455995651771E-005
  6.000000000000000E+006  1.097642799503432E-010  7.858125804499887E-001  6.069414237897695E-011  1.699131842668348E-005  2.771418897758936E-004  7.290745284484517E-005
  6.200000000000000E+006  1.079738102809794E-010  7.990377389035879E-001  5.966892882103484E-011  1.671418632121977E-005  2.771072343124613E-004  7.283268192243495E-005
  6.400000000000000E+006  1.062684701150577E-010  8.120351566004773E-001  5.869406964080767E-011  1.645023260224128E-005  2.770742478705236E-004  7.276011716523449E-005
  6.600000000000000E+006  1.046417448775647E-010  8.248152977710201E-001  5.776557001419144E-011  1.619844867600664E-005  2.770428014234747E-004  7.268963442045163E-005
  6.800000000000000E+006  1.030877956862078E-010  8.373878567710206E-001  5.687986513292118E-011  1.595793056988685E-005  2.770127794384185E-004  7.262111569183374E-005
  7.000000000000000E+006  1.016013719754340E-010  8.497618349028108E-001  5.603376261098688E-011  1.572786540239096E-005  2.769840781191988E-004  7.255444931504372E-005
  7.200000000000000E+006  1.001777375284755E-010  8.619456076578735E-001  5.522439401645266E-011  1.550751992954457E-005  2.769566039206245E-004  7.248953002936866E-005
  7.400000000000000E+006  9.881260755407509E-011  8.739469838012347E-001  5.444917387270930E-011  1.529623080161142E-005  2.769302722858423E-004  7.242625895571490E-005
  7.600000000000000E+006  9.750209491214384E-011  8.857732574756102E-001  5.370576480967445E-011  1.509339623656985E-005  2.769050065683649E-004  7.236454349301424E-005
  7.800000000000000E+006  9.624266395813438E-011  8.974312543073995E-001  5.299204780667008E-011  1.489846887336746E-005  2.768807371077081E-004  7.230429714615687E-005
  8.000000000000000E+006  9.503109076360936E-011  9.089273723373983E-001  5.230609667292892E-011  1.471094961253445E-005  2.768574004334640E-004  7.224543929864687E-005
  8.200000000000000E+006  9.386442869839987E-011  9.202676184689856E-001  5.164615607243756E-011  1.453038228703282E-005  2.768349385772694E-004  7.218789494266856E-005
  8.400000000000000E+006  9.273997854145488E-011  9.314576410195656E-001  5.101062252719333E-011  1.435634903436079E-005  2.768132984758216E-004  7.213159437833388E-005
  8.600000000000000E+006  9.165526243319785E-011  9.425027588726314E-001  5.039802793448735E-011  1.418846626349668E-005  2.767924314510603E-004  7.207647289267328E-005
  8.800000000000000E+006  9.060800109967896E-011  9.534079876545702E-001  4.980702521522166E-011  1.402638112846032E-005  2.767722927560135E-004  7.202247042761479E-005
  9.000000000000000E+006  8.959609387407580E-011  9.641780632991264E-001  4.923637577590838E-011  1.386976843502196E-005  2.767528411767382E-004  7.196953124484660E-005
  9.200000000000000E+006  8.861760111868646E-011  9.748174633112738E-001  4.868493852018339E-011  1.371832791910534E-005  2.767340386823570E-004  7.191760359411502E-005
  9.400000000000000E+006  8.767072871409429E-011  9.853304259992210E-001  4.815166018899651E-011  1.357178184527007E-005  2.767158501164836E-004  7.186663939022549E-005
  9.600000000000000E+006  8.675381433443639E-011  9.957209679069284E-001  4.763556684409736E-011  1.342987288175061E-005  2.766982429243767E-004  7.181659390289121E-005
  9.800000000000000E+006  8.586531527086858E-011  1.005992899648779E+000  4.713575633859059E-011  1.329236221521256E-005  2.766811869110446E-004  7.176742546248601E-005
  1.000000000000000E+007  8.500379760113851E-011  1.016149840321794E+000  4.665139164241103E-011  1.315902787393419E-005  2.766646540262366E-004  7.171909518386141E-005
  1.020000000000000E+007  8.416792653298200E-011  1.026195230648552E+000  4.618169491052339E-011  1.302966323273541E-005  2.766486181728685E-004  7.167156670960291E-005
  1.040000000000000E+007  8.335645777400074E-011  1.036132344984838E+000  4.572594219827316E-011  1.290407567684009E-005  2.766330550359210E-004  7.162480597341164E-005
  1.060000000000000E+007  8.256822980161129E-011  1.045964302309546E+000  4.528345874220592E-011  1.278208540509756E-005  2.766179419292814E-004  7.157878098377164E-005
  1.080000000000000E+007  8.180215692425628E-011  1.055694076300384E+000  4.485361473631222E-011  1.266352435571600E-005  2.766032576583476E-004  7.153346162760860E-005
  1.100000000000000E+007  8.105722303997668E-011  1.065324504586553E+000  4.443582154346593E-011  1.254823523996753E-005  2.765889823965152E-004  7.148881949329009E-005
  1.120000000000000E+007  8.033247601105156E-011  1.074858297259141E+000  4.402952829009923E-011  1.243607067127822E-005  2.765750975739220E-004  7.144482771207572E-005
  1.140000000000000E+007  7.962702258415523E-011  1.084298044710684E+000  4.363421879917438E-011  1.232689237877907E-005  2.765615857770376E-004  7.140146081691932E-005
  1.160000000000000E+007  7.894002379463544E-011  1.093646224867394E+000  4.324940882247562E-011  1.222057049581158E-005  2.765484306578748E-004  7.135869461740411E-005
  1.180000000000000E+007  7.827069080135153E-011  1.102905209870540E+000  4.287464353832790E-011  1.211698291509512E-005  2.765356168517513E-004  7.131650608952084E-005
  1.200000000000000E+007  7.761828110522127E-011  1.112077272257406E+000  4.250949528518941E-011  1.201601470330158E-005  2.765231299026665E-004  7.127487327895930E-005
  1.220000000000000E+007  7.698209511042366E-011  1.121164590686834E+000  4.215356150530098E-011  1.191755756868129E-005  2.765109561954773E-004  7.123377521660299E-005
  1.240000000000000E+007  7.636147299217509E-011  1.130169255249656E+000  4.180646287576937E-011  1.182150937615349E-005  2.764990828941504E-004  7.119319184492069E-005
  1.260000000000000E+007  7.575579183931140E-011  1.139093272400231E+000  4.146784160722610E-011  1.172777370494261E-005  2.764874978854608E-004  7.115310395404190E-005
  1.280000000000000E+007  7.516446304365077E-011  1.147938569541521E+000  4.113735989259055E-011  1.163625944442145E-005  2.764761897275784E-004  7.111349312631723E-005
  1.300000000000000E+007  7.458692991135047E-011  1.156706999293001E+000  4.081469849052997E-011  1.154688042432338E-005  2.764651476030479E-004  7.107434168830005E-005
  1.320000000000000E+007  7.402266547430408E-011  1.165400343467760E+000  4.049955543000557E-011  1.145955507592472E-005  2.764543612757275E-004  7.103563266911168E-005
  1.340000000000000E+007  7.347117048208218E-011  1.174020316782641E+000  4.019164482385058E-011  1.137420612117854E-005  2.764438210512969E-004  7.099734976429829E-005
  1.360000000000000E+007  7.293197155709620E-011  1.182568570322937E+000  3.989069578069718E-011  1.129076028711821E-005  2.764335177409926E-004  7.095947730432624E-005
  1.380000000000000E+007  7.240461949753231E-011  1.191046694781193E+000  3.959645140574786E-011  1.120914804313839E-005  2.764234426282623E-004  7.092200022698485E-005
  1.400000000000000E+007  7.188868771428409E-011  1.199456223487824E+000  3.930866788193917E-011  1.112930335902099E-005  2.764135874380644E-004  7.088490405302566E-005
  1.420000000000000E+007  7.138377078955847E-011  1.207798635249640E+000  3.902711362395412E-011  1.105116348179821E-005  2.764039443085706E-004  7.084817486446569E-005
  1.440000000000000E+007  7.088948314612782E-011  1.216075357010934E+000  3.875156849834747E-011  1.097466872974498E-005  2.763945057650506E-004  7.081179928505441E-005
  1.460000000000000E+007  7.040545781733323E-011  1.224287766350459E+000  3.848182310375582E-011  1.089976230196940E-005  2.763852646957441E-004  7.077576446245735E-005
  1.480000000000000E+007  6.993134530894969E-011  1.232437193826506E+000  3.821767810578799E-011  1.082639010222427E-005  2.763762143295433E-004  7.074005805180279E-005
  1.500000000000000E+007  6.946681254492183E-011  1.240524925181161E+000  3.795894362174779E-011  1.075450057570307E-005  2.763673482153277E-004  7.070466820026662E-005
  1.520000000000000E+007  6.901154188976173E-011  1.248552203413975E+000  3.770543865082661E-011  1.068404455770403E-005  2.763586602028102E-004  7.066958353244574E-005
  1.540000000000000E+007  6.856523024111811E-011  1.256520230734282E+000  3.745699054584379E-011  1.061497513315750E-005  2.763501444247630E-004  7.063479313630930E-005
  1.560000000000000E+007  6.812758818663500E-011  1.264430170400792E+000  3.721343452299110E-011  1.054724750610604E-005  2.763417952805097E-004  7.060028654954933E-005
  1.580000000000000E+007  6.769833921979530E-011  1.272283148456246E+000  3.697461320638809E-011  1.048081887831595E-005  2.763336074205777E-004  7.056605374621137E-005
  1.600000000000000E+007  6.727721900993409E-011  1.280080255364363E+000  3.674037620455825E-011  1.041564833627471E-005  2.763255757324151E-004  7.053208512348744E-005
  1.620000000000000E+007  6.686397472205549E-011  1.287822547555690E+000  3.651057971620895E-011  1.035169674589854E-005  2.763176953270888E-004  7.049837148860886E-005
  1.640000000000000E+007  6.645836438249162E-011  1.295511048888478E+000  3.628508616294542E-011  1.028892665433659E-005  2.763099615268792E-004  7.046490404578159E-005
  1.660000000000000E+007  6.606015628679540E-011  1.303146752030200E+000  3.606376384676393E-011  1.022730219831325E-005  2.763023698537102E-004  7.043167438313145E-005
  1.680000000000000E+007  6.566912844658709E-011  1.310730619764914E+000  3.584648663036948E-011  1.016678901850077E-005  2.762949160183381E-004  7.039867445964319E-005
  1.700000000000000E+007  6.528506807236358E-011  1.318263586231255E+000  3.563313363853750E-011  1.010735417945922E-005  2.762875959102512E-004  7.036589659208957E-005
  1.720000000000000E+007  6.490777108954239E-011  1.325746558095489E+000  3.542358897889902E-011  1.004896609472116E-005  2.762804055882192E-004  7.033333344195426E-005
  1.740000000000000E+007  6.453704168524157E-011  1.333180415663767E+000  3.521774148066769E-011  9.991594456634638E-006  2.762733412714453E-004  7.030097800236768E-005
  1.760000000000000E+007  6.417269188352428E-011  1.340566013937316E+000  3.501548444996242E-011  9.935210170612436E-006  2.762663993312778E-004  7.026882358507329E-005
  1.780000000000000E+007  6.381454114701177E-011  1.347904183614168E+000  3.481671544048710E-011  9.879785293463315E-006  2.762595762834382E-004  7.023686380744336E-005
  1.800000000000000E+007  6.346241600295851E-011  1.355195732040641E+000  3.462133603844166E-011  9.825292975510180E-006  2.762528687807273E-004  7.020509257958364E-005
  1.820000000000000E+007  6.311614969203419E-011  1.362441444115623E+000  3.442925166062854E-011  9.771707406223141E-006  2.762462736061781E-004  7.017350409154536E-005
  1.840000000000000E+007  6.277558183819853E-011  1.369642083150502E+000  3.424037136480583E-011  9.719003763118009E-006  2.762397876666204E-004  7.014209280067855E-005
  1.860000000000000E+007  6.244055813819207E-011  1.376798391687336E+000  3.405460767141698E-011  9.667158163691160E-006  2.762334079866302E-004  7.011085341915374E-005
  1.880000000000000E+007  6.211093006927998E-011  1.383911092277725E+000  3.387187639589788E-011  9.616147620180180E-006  2.762271317028358E-004  7.007978090168757E-005
  1.900000000000000E+007  6.178655461399271E-011  1.390980888224678E+000  3.369209649082414E-011  9.565949996955507E-006  2.762209560585572E-004  7.004887043348818E-005
  1.920000000000000E+007  6.146729400071122E-011  1.398008464289561E+000  3.351518989722324E-011  9.516543970364882E-006  2.762148783987543E-004  7.001811741845351E-005
  1.940000000000000E+007  6.115301545902949E-011  1.404994487366124E+000  3.334108140442757E-011  9.467908990865325E-006  2.762088961652655E-004  6.998751746764844E-005
  1.960000000000000E+007  6.084359098890815E-011  1.411939607123489E+000  3.316969851789166E-011  9.420025247289898E-006  2.762030068923146E-004  6.995706638806792E-005
  1.980000000000000E+007  6.053889714271332E-011  1.418844456619772E+000  3.300097133444484E-011  9.372873633109197E-006  2.761972082022701E-004  6.992676017172417E-005
  2.000000000000000E+007  6.023881481929862E-011  1.425709652887971E+000  3.283483242448834E-011  9.326435714557001E-006  2.761914978016398E-004  6.989659498505921E-005
