! time                    vacancy_density         interstitial_density    
  0.000000000000000E+000  0.000000000000000E+000  0.000000000000000E+000
  9.999999999999999E-006 -1.508649503468198E-006  1.505152836109307E-006
  2.000000000000000E-005 -3.017297465885021E-006  3.003297454731583E-006
  3.000000000000000E-005 -4.525943770920921E-006  4.494270736532470E-006
  4.000000000000000E-005 -6.034588735311905E-006  5.979672018894562E-006
  5.999999999999999E-005 -9.051873220706788E-006  8.929165142922534E-006
  7.999999999999999E-005 -1.206915219023070E-005  1.185823076053093E-005
  9.999999999999999E-005 -1.508642556962477E-005  1.476766665127680E-005
  1.500000000000000E-004 -2.262957313984231E-005  2.192860210517483E-005
  2.000000000000000E-004 -3.017268389090705E-005  2.898508768987532E-005
  3.000000000000000E-004 -4.525875249361240E-005  4.272767109684451E-005
  4.000000000000000E-004 -6.034466286597395E-005  5.613548328974501E-005
  5.999999999999999E-004 -9.051582259351504E-005  8.179893718395116E-005
  7.999999999999999E-004 -1.206862945406410E-004  1.064420342120767E-004
  1.000000000000000E-003 -1.508560563414972E-004  1.301633392932809E-004
  1.500000000000000E-003 -2.262758267339276E-004  1.846737845743327E-004
  2.000000000000000E-003 -3.016907417898870E-004  2.350727908996925E-004
  2.500000000000000E-003 -3.771006205041386E-004  2.818802493884485E-004
  3.000000000000000E-003 -4.525053127243815E-004  3.255153374568090E-004
  3.500000000000000E-003 -5.279046931960257E-004  3.663284763311121E-004
  4.000000000000000E-003 -6.032986572673930E-004  4.046194810598429E-004
  5.000000000000000E-003 -7.540644911099624E-004  4.729730055127187E-004
  6.000000000000000E-003 -9.048077349727085E-004  5.345687429552004E-004
  7.000000000000000E-003 -1.055528037483273E-003  5.905829165386057E-004
  8.000000000000000E-003 -1.206225150643961E-003  6.419631748287391E-004
  1.000000000000000E-002 -1.507525928109408E-003  7.313761399102980E-004
  1.200000000000000E-002 -1.808732386171250E-003  8.110358010370239E-004
  1.400000000000000E-002 -2.109844019713676E-003  8.834631247561404E-004
  1.600000000000000E-002 -2.410860506364998E-003  9.504486416962407E-004
  1.800000000000000E-002 -2.711781609620703E-003  1.013280887811417E-003
  2.000000000000000E-002 -3.012607130103197E-003  1.072899866461230E-003
  2.500000000000000E-002 -3.764071102574484E-003  1.209841955235904E-003
  3.000000000000001E-002 -4.514932340334035E-003  1.339213859179045E-003
  3.500000000000000E-002 -5.265188485861699E-003  1.463706796818600E-003
  4.000000000000000E-002 -6.014837569513685E-003  1.584978959228672E-003
  5.000000000000000E-002 -7.511696173631903E-003  1.820928089688548E-003
  6.000000000000000E-002 -9.006107380608560E-003  2.053408467327888E-003
  7.000000000000001E-002 -1.049806616361842E-002  2.284031080716382E-003
  8.000000000000000E-002 -1.198756965757514E-002  2.513648525207394E-003
  1.000000000000000E-001 -1.495675474634569E-002  2.971406417312475E-003
  1.200000000000000E-001 -1.791613694323844E-002  3.428662003190118E-003
  1.400000000000000E-001 -2.086574897921683E-002  3.885796111087525E-003
  1.600000000000000E-001 -2.380563418956871E-002  4.342959614717153E-003
  1.800000000000000E-001 -2.673584412517811E-002  4.800212658675554E-003
  2.000000000000000E-001 -2.965643667405051E-002  5.257579048840381E-003
  2.500000000000000E-001 -3.689881293720444E-002  6.401772576761932E-003
  3.000000000000000E-001 -4.408319226516684E-002  7.546746449976828E-003
  3.500000000000000E-001 -5.121070808702741E-002  8.692485804826221E-003
  4.000000000000000E-001 -5.828249363401834E-002  9.838972266088330E-003
  4.500000000000000E-001 -6.529966668855250E-002  1.098618679207537E-002
  4.999999999999999E-001 -7.226332065999533E-002  1.213411032237855E-002
  6.000000000000000E-001 -8.598459317574431E-002  1.443267104953883E-002
  7.000000000000000E-001 -9.950758574064401E-002  1.673380909266006E-002
  7.999999999999999E-001 -1.128395474919014E-001  1.903738157703348E-002
  8.999999999999999E-001 -1.259872483148681E-001  2.134324912911935E-002
  9.999999999999999E-001 -1.389570112170417E-001  2.365127638309845E-002
  1.100000000000000E+000 -1.517547458903560E-001  2.596133198021480E-002
  1.200000000000000E+000 -1.643859814391876E-001  2.827328849914408E-002
  1.400000000000000E+000 -1.890203822288072E-001  3.290406512584035E-002
  1.600000000000000E+000 -2.130616133758573E-001  3.754081737407461E-002
  1.800000000000000E+000 -2.365408209985357E-001  4.218267551275954E-002
  2.000000000000000E+000 -2.594859537866296E-001  4.682881888882187E-002
  2.200000000000000E+000 -2.819222244994555E-001  5.147847333027686E-002
  2.400000000000000E+000 -3.038724936192601E-001  5.613090793457159E-002
  2.600000000000000E+000 -3.253575887446240E-001  6.078543209733555E-002
  2.800000000000000E+000 -3.463965712376338E-001  6.544139280460898E-002
  3.000000000000000E+000 -3.670069597046835E-001  7.009817217034790E-002
  3.200000000000001E+000 -3.872049181719758E-001  7.475518519625919E-002
  3.400000000000001E+000 -4.070054153495570E-001  7.941187773103447E-002
  3.600000000000001E+000 -4.264223601569286E-001  8.406772460758739E-002
  3.800000000000001E+000 -4.454687176845590E-001  8.872222793896949E-002
  4.000000000000001E+000 -4.641566089577608E-001  9.337491555580303E-002
  4.500000000000001E+000 -5.087940139954478E-001  1.049912599304861E-001
  5.000000000000001E+000 -5.514938914313173E-001  1.165862430909102E-001
  5.500000000000001E+000 -5.923838185976559E-001  1.281545077083399E-001
  6.000000000000001E+000 -6.315773392666227E-001  1.396913485192210E-001
  6.500000000000001E+000 -6.691764118569890E-001  1.511926413531213E-001
  7.000000000000001E+000 -7.052733217728075E-001  1.626547811016712E-001
  7.500000000000001E+000 -7.399521894979195E-001  1.740746279473481E-001
  8.000000000000000E+000 -7.732901703008767E-001  1.854494603590481E-001
  8.500000000000000E+000 -8.053584165110386E-001  1.967769336752720E-001
  9.000000000000000E+000 -8.362228555884869E-001  2.080550433524591E-001
  9.500000000000000E+000 -8.659448243361672E-001  2.192820921518237E-001
  1.000000000000000E+001 -8.945815901095676E-001  2.304566606876388E-001
  1.100000000000000E+001 -9.479158807601429E-001  2.525945769736498E-001
  1.200000000000000E+001 -9.976734784565083E-001  2.745152087415451E-001
  1.300000000000000E+001 -1.044178317839272E+000  2.962151564885452E-001
  1.400000000000000E+001 -1.087721181700691E+000  3.176932651896878E-001
  1.500000000000000E+001 -1.128564013496814E+000  3.389502018960856E-001
  1.600000000000000E+001 -1.166943416580219E+000  3.599881009231924E-001
  1.700000000000000E+001 -1.203073554822103E+000  3.808102659422616E-001
  1.800000000000000E+001 -1.237148601066068E+000  4.014209198720821E-001
  1.900000000000000E+001 -1.269344835073529E+000  4.218249951119885E-001
  2.000000000000000E+001 -1.299822462974336E+000  4.420279579276338E-001
  2.200000000000000E+001 -1.354974948598237E+000  4.816899682062871E-001
  2.400000000000000E+001 -1.405219322000758E+000  5.206531892289055E-001
  2.600000000000000E+001 -1.451305044826668E+000  5.589639257362403E-001
  2.800000000000000E+001 -1.493860889635525E+000  5.966680220797460E-001
  3.000000000000000E+001 -1.533414992805791E+000  6.338097378948004E-001
  3.200000000000000E+001 -1.570411377362167E+000  6.704310391612546E-001
  3.400000000000000E+001 -1.605223637936031E+000  7.065711885662105E-001
  3.600000000000000E+001 -1.638166321425626E+000  7.422665489627213E-001
  3.800000000000000E+001 -1.669504421215398E+000  7.775505360257966E-001
  4.000000000000000E+001 -1.699461316720527E+000  8.124536728345920E-001
  4.500000000000000E+001 -1.768108353723783E+000  8.977247815837353E-001
  5.000000000000000E+001 -1.832145908483597E+000  9.812966258064766E-001
  5.500000000000000E+001 -1.892706824306311E+000  1.063399527145250E+000
  6.000000000000000E+001 -1.950580834468440E+000  1.144217428529254E+000
  6.500000000000000E+001 -2.006323391451912E+000  1.223897565464369E+000
  7.000000000000000E+001 -2.060329723233495E+000  1.302558548743285E+000
  7.500000000000000E+001 -2.112885170663097E+000  1.380296834753815E+000
  8.000000000000000E+001 -2.164199374861413E+000  1.457191768606324E+000
  8.500000000000000E+001 -2.214429492079682E+000  1.533309449519873E+000
  9.000000000000000E+001 -2.263695969695251E+000  1.608705664038740E+000
  9.500000000000000E+001 -2.312093288263890E+000  1.683428100940269E+000
  1.000000000000000E+002 -2.359697301417108E+000  1.757518022315009E+000
  1.100000000000000E+002 -2.452147440827889E+000  1.903422431655746E+000
  1.200000000000000E+002 -2.542175643238545E+000  2.047264426042116E+000
  1.300000000000000E+002 -2.630041541982854E+000  2.189219531181054E+000
  1.400000000000000E+002 -2.715953390247128E+000  2.329435106456032E+000
  1.500000000000000E+002 -2.800082895316046E+000  2.468036740887517E+000
  1.600000000000000E+002 -2.882574555657695E+000  2.605132793837688E+000
  1.700000000000000E+002 -2.963551869524319E+000  2.740817720398324E+000
  1.800000000000000E+002 -3.043121675349556E+000  2.875174575102100E+000
  1.900000000000000E+002 -3.121377317205506E+000  3.008276941779801E+000
  2.000000000000000E+002 -3.198401032436915E+000  3.140190450218054E+000
  2.100000000000000E+002 -3.274265799926640E+000  3.270973987174512E+000
  2.200000000000000E+002 -3.349036799521721E+000  3.400680676105959E+000
  2.400000000000000E+002 -3.494590548472868E+000  3.656121905119121E+000
  2.600000000000000E+002 -3.636549168944702E+000  3.907903691597481E+000
  2.800000000000000E+002 -3.775223527698084E+000  4.156287199958775E+000
  3.000000000000000E+002 -3.910873762260364E+000  4.401496436927276E+000
  3.200000000000000E+002 -4.043723261833249E+000  4.643726497519512E+000
  3.400000000000000E+002 -4.173966593023038E+000  4.883149097659700E+000
  3.600000000000000E+002 -4.301774858670014E+000  5.119916641601730E+000
  3.800000000000000E+002 -4.427299682138534E+000  5.354165358795696E+000
  4.000000000000000E+002 -4.550676308299939E+000  5.586017786662482E+000
  4.200000000000000E+002 -4.672026074903718E+000  5.815584767877459E+000
  4.400000000000000E+002 -4.791458411664959E+000  6.042967076576721E+000
  4.600000000000000E+002 -4.909072475650381E+000  6.268256755803325E+000
  4.800000000000000E+002 -5.024958502019751E+000  6.491538227317108E+000
  5.000000000000000E+002 -5.139198929287074E+000  6.712889220026046E+000
  5.200000000000000E+002 -5.251869344125242E+000  6.932381552523957E+000
  5.400000000000000E+002 -5.363039280404961E+000  7.150081797257177E+000
  5.600000000000000E+002 -5.472772899480590E+000  7.366051847876504E+000
  5.800000000000000E+002 -5.581129572959490E+000  7.580349406809299E+000
  6.000000000000000E+002 -5.688164384799559E+000  7.793028406626346E+000
  6.500000000000000E+002 -5.948119349794542E+000  8.315255624184347E+000
  7.000000000000000E+002 -6.201170305773791E+000  8.828698492593363E+000
  7.500000000000000E+002 -6.447863756707801E+000  9.333920726963461E+000
  8.000000000000000E+002 -6.688667533738485E+000  9.831416208116748E+000
  8.500000000000000E+002 -6.923991584227962E+000  1.032162400805943E+001
  9.000000000000000E+002 -7.154198089890421E+000  1.080493733170408E+001
  9.500000000000000E+002 -7.379608964402159E+000  1.128171036997742E+001
  1.000000000000000E+003 -7.600511884299027E+000  1.175226383175617E+001
  1.050000000000000E+003 -7.817165218906191E+000  1.221688947840948E+001
  1.100000000000000E+003 -8.029802091934162E+000  1.267585387667749E+001
  1.150000000000000E+003 -8.238633751037954E+000  1.312940153056344E+001
  1.200000000000000E+003 -8.443852382149519E+000  1.357775751503324E+001
  1.250000000000000E+003 -8.645633475327987E+000  1.402112970649091E+001
  1.300000000000000E+003 -8.844137825856208E+000  1.445971068419363E+001
  1.350000000000000E+003 -9.039513236670961E+000  1.489367936105051E+001
  1.400000000000000E+003 -9.231895974642315E+000  1.532320239025847E+001
  1.450000000000000E+003 -9.421412022718348E+000  1.574843538499852E+001
  1.500000000000000E+003 -9.608178161777165E+000  1.616952398124945E+001
  1.550000000000000E+003 -9.792302909621021E+000  1.658660476816348E+001
  1.600000000000000E+003 -9.973887339491887E+000  1.699980610602033E+001
  1.650000000000000E+003 -1.015302579647163E+001  1.740924884825373E+001
  1.700000000000000E+003 -1.032980652692033E+001  1.781504698122426E+001
  1.800000000000000E+003 -1.067449280960558E+001  1.861278958053524E+001
  1.900000000000000E+003 -1.101093215032327E+001  1.939747126250911E+001
  2.000000000000000E+003 -1.133962245553016E+001  2.016977010731861E+001
  2.100000000000000E+003 -1.166100961622677E+001  2.093030132184850E+001
  2.200000000000000E+003 -1.197549675355295E+001  2.167962673336405E+001
  2.300000000000000E+003 -1.228344980072559E+001  2.241826134619384E+001
  2.400000000000000E+003 -1.258520218145104E+001  2.314667885234105E+001
  2.500000000000000E+003 -1.288105878455487E+001  2.386531632793671E+001
  2.600000000000000E+003 -1.317129934518117E+001  2.457457825489345E+001
  2.700000000000000E+003 -1.345618133045421E+001  2.527483998117728E+001
  2.800000000000000E+003 -1.373594241256641E+001  2.596645071246680E+001
  2.900000000000000E+003 -1.401080259779240E+001  2.664973611086706E+001
  3.000000000000000E+003 -1.428096606753003E+001  2.732500056249439E+001
  3.100000000000000E+003 -1.454662277728531E+001  2.799252916462507E+001
  3.200000000000000E+003 -1.480794985127486E+001  2.865258947417669E+001
  3.300000000000000E+003 -1.506511280367259E+001  2.930543305211112E+001
  3.400000000000000E+003 -1.531826661216224E+001  2.995129683254705E+001
  3.500000000000000E+003 -1.556755666511579E+001  3.059040434066199E+001
  3.600000000000000E+003 -1.581311960019053E+001  3.122296677962071E+001
  3.700000000000000E+003 -1.605508404925940E+001  3.184918400361736E+001
  3.800000000000000E+003 -1.629357130223166E+001  3.246924539152202E+001
  3.900000000000000E+003 -1.652869590037912E+001  3.308333063347260E+001
  4.000000000000000E+003 -1.676056616817966E+001  3.369161044096497E+001
  4.100000000000000E+003 -1.698928469135682E+001  3.429424718949974E+001
  4.200000000000000E+003 -1.721494874768408E+001  3.489139550158982E+001
  4.300000000000000E+003 -1.743765069619253E+001  3.548320277687672E+001
  4.400000000000000E+003 -1.765747832963963E+001  3.606980967520924E+001
  4.500000000000000E+003 -1.787451519443745E+001  3.665135055777915E+001
  4.600000000000000E+003 -1.808884088168085E+001  3.722795389076156E+001
  4.700000000000000E+003 -1.830053129244205E+001  3.779974261535450E+001
  4.800000000000000E+003 -1.850965888009365E+001  3.836683448763706E+001
  4.900000000000000E+003 -1.871629287207685E+001  3.892934239125722E+001
  5.000000000000000E+003 -1.892049947323428E+001  3.948737462560715E+001
  5.100000000000000E+003 -1.912234205257240E+001  4.004103517183820E+001
  5.200000000000000E+003 -1.932188131509723E+001  4.059042393880271E+001
  5.300000000000000E+003 -1.951917546017697E+001  4.113563699077778E+001
  5.400000000000000E+003 -1.971428032771921E+001  4.167676675862491E+001
  5.500000000000000E+003 -1.990724953330628E+001  4.221390223586247E+001
  5.600000000000000E+003 -2.009813459330670E+001  4.274712916097260E+001
  5.700000000000000E+003 -2.028698504087050E+001  4.327653018712807E+001
  5.800000000000000E+003 -2.047384853361999E+001  4.380218504040388E+001
  5.900000000000000E+003 -2.065877095376232E+001  4.432417066743262E+001
  6.000000000000000E+003 -2.084179650127607E+001  4.484256137336764E+001
  6.100000000000000E+003 -2.102296778075798E+001  4.535742895093566E+001
  6.200000000000000E+003 -2.120232588245735E+001  4.586884280128503E+001
  6.300000000000000E+003 -2.137991045797462E+001  4.637687004727043E+001
  6.400000000000000E+003 -2.155575979105394E+001  4.688157563975545E+001
  6.500000000000000E+003 -2.172991086385955E+001  4.738302245746181E+001
  6.600000000000000E+003 -2.190239941908882E+001  4.788127140084654E+001
  6.700000000000000E+003 -2.207326001824236E+001  4.837638148044616E+001
  6.800000000000000E+003 -2.224252609634291E+001  4.886840990008854E+001
  6.900000000000000E+003 -2.241023001336822E+001  4.935741213533919E+001
  7.000000000000000E+003 -2.257640310264000E+001  4.984344200751729E+001
  7.100000000000000E+003 -2.274107571638987E+001  5.032655175358926E+001
  7.200000000000000E+003 -2.290427726870458E+001  5.080679209222205E+001
  7.300000000000000E+003 -2.306603627603523E+001  5.128421228625573E+001
  7.400000000000000E+003 -2.322638039544016E+001  5.175886020183420E+001
  7.500000000000000E+003 -2.338533646071731E+001  5.223078236441359E+001
  7.600000000000000E+003 -2.354293051656881E+001  5.270002401185157E+001
  7.700000000000000E+003 -2.369918785092969E+001  5.316662914476424E+001
  7.800000000000000E+003 -2.385413302558140E+001  5.363064057432400E+001
  7.900000000000000E+003 -2.400778990516253E+001  5.409209996765827E+001
  8.000000000000000E+003 -2.416018168467912E+001  5.455104789099698E+001
  8.100000000000000E+003 -2.431133091561047E+001  5.500752385070654E+001
  8.200000000000000E+003 -2.446125953069814E+001  5.546156633233743E+001
  8.300000000000000E+003 -2.460998886749999E+001  5.591321283780371E+001
  8.400000000000000E+003 -2.475753969078463E+001  5.636249992080464E+001
  8.500000000000000E+003 -2.490393221383652E+001  5.680946322059029E+001
  8.600000000000000E+003 -2.504918611873706E+001  5.725413749416682E+001
  8.700000000000000E+003 -2.519332057568158E+001  5.769655664702984E+001
  8.800000000000000E+003 -2.533635426138923E+001  5.813675376250869E+001
  8.900000000000000E+003 -2.547830537665745E+001  5.857476112979914E+001
  9.000000000000000E+003 -2.561919166311036E+001  5.901061027075614E+001
  9.100000000000000E+003 -2.575903041918634E+001  5.944433196551459E+001
  9.200000000000000E+003 -2.589783851540720E+001  5.987595627700092E+001
  9.300000000000000E+003 -2.603563240896872E+001  6.030551257439470E+001
  9.400000000000000E+003 -2.617242815768967E+001  6.073302955559545E+001
  9.500000000000000E+003 -2.630824143335361E+001  6.115853526874672E+001
  9.600000000000000E+003 -2.644308753447659E+001  6.158205713286608E+001
  9.700000000000000E+003 -2.657698139853034E+001  6.200362195762649E+001
  9.800000000000000E+003 -2.670993761365007E+001  6.242325596233233E+001
  9.900000000000000E+003 -2.684197042985325E+001  6.284098479413014E+001
  1.000000000000000E+004 -2.697309376979457E+001  6.325683354549219E+001
