 time    0.0000000000000000     
          -5   1  0.000000000000000E+000
          -4   1  0.000000000000000E+000
          -3   1  0.000000000000000E+000
          -2   1  0.000000000000000E+000
          -1   1  0.000000000000000E+000
 time    1.0000000000000001E-009
          -5   1  7.495245675451422E-012
          -4   1  1.234152163917974E-011
          -3   1  2.354850724977943E-011
          -2   1  5.989903715712738E-011
          -1   1  3.166770483296745E-010
 time    2.0000000000000001E-009
          -5   1  1.499011735370935E-011
          -4   1  2.468254563902895E-011
          -3   1  4.709608330099759E-011
          -2   1  1.197940927373833E-010
          -1   1  6.333687126741711E-010
 time    4.0000000000000002E-009
          -5   1  2.997836487070977E-011
          -4   1  4.936260321325940E-011
          -3   1  9.418751089828366E-011
          -2   1  2.395682800956638E-010
          -1   1  1.266810498269211E-009
 time    6.0000000000000008E-009
          -5   1  4.496511669737541E-011
          -4   1  7.404067049382390E-011
          -3   1  1.412752142793944E-010
          -2   1  3.593265461562421E-010
          -1   1  1.900310733616221E-009
 time    8.0000000000000005E-009
          -5   1  5.995037298289518E-011
          -4   1  9.871674761253806E-011
          -3   1  1.883591937333128E-010
          -2   1  4.790688934233115E-010
          -1   1  2.533869411562850E-009
 time    1.0000000000000000E-008
          -5   1  7.493413387644315E-011
          -4   1  1.233908347012137E-010
          -3   1  2.354394495489964E-010
          -2   1  5.987953244006250E-010
          -1   1  3.167486524957795E-009
 time    1.5000000000000002E-008
          -5   1  1.123841922412863E-010
          -4   1  1.850636167948327E-010
          -3   1  3.531168208637085E-010
          -2   1  8.980119641387532E-010
          -1   1  4.751894418312595E-009
 time    2.0000000000000000E-008
          -5   1  1.498249090665711E-010
          -4   1  2.467239653196573E-010
          -3   1  4.707709284668836E-010
          -2   1  1.197129205258283E-009
          -1   1  6.336667309873274E-009
 time    3.0000000000000004E-008
          -5   1  2.246689951856824E-010
          -4   1  3.699949445593108E-010
          -3   1  7.059861249022771E-010
          -2   1  1.794966405415557E-009
          -1   1  9.507672193089356E-009
 time    4.0000000000000001E-008
          -5   1  2.994757523958182E-010
          -4   1  4.932162224668863E-010
          -3   1  9.411083386544434E-010
          -2   1  2.392406635676690E-009
          -1   1  1.268013528463028E-008
 time    6.0000000000000008E-008
          -5   1  4.489400998258919E-010
          -4   1  7.394601043786087E-010
          -3   1  1.410981123185618E-009
          -2   1  3.585701708027501E-009
          -1   1  1.903088716859713E-008
 time    8.0000000000000002E-008
          -5   1  5.982554290959094E-010
          -4   1  9.855054443764381E-010
          -3   1  1.880482553395708E-009
          -2   1  4.777413882125945E-009
          -1   1  2.538745764628946E-008
 time    9.9999999999999995E-008
          -5   1  7.474218887137870E-010
          -4   1  1.231352374104590E-009
          -3   1  2.349612917095969E-009
          -2   1  5.967545642061414E-009
          -1   1  3.174983961325346E-008
 time    1.4999999999999999E-007
          -5   1  1.119409918369663E-009
          -4   1  1.844731691192364E-009
          -3   1  3.520124150666334E-009
          -2   1  8.933036105630534E-009
          -1   1  4.769200578094887E-008
 time    1.9999999999999999E-007
          -5   1  1.490472136594603E-009
          -4   1  2.456875053788524E-009
          -3   1  4.688325183459085E-009
          -2   1  1.188872610254762E-008
          -1   1  6.367027296115625E-008
 time    2.9999999999999999E-007
          -5   1  2.228911712221656E-009
          -4   1  3.676234373148741E-009
          -3   1  7.015522115661715E-009
          -2   1  1.776120938871085E-008
          -1   1  9.577033629868374E-008
 time    3.9999999999999998E-007
          -5   1  2.963684712645831E-009
          -4   1  4.890682667431245E-009
          -3   1  9.333549414711266E-009
          -2   1  2.359509843804442E-008
          -1   1  1.280130596005170E-007
 time    5.9999999999999997E-007
          -5   1  4.418709315819715E-009
          -4   1  7.300065855591460E-009
          -3   1  1.393320712033147E-008
          -2   1  3.511087803565292E-008
          -1   1  1.930622954749124E-007
 time    7.9999999999999996E-007
          -5   1  5.859355935022725E-009
          -4   1  9.690065886246538E-009
          -3   1  1.849674704599518E-008
          -2   1  4.647699643794361E-008
          -1   1  2.586685659251915E-007
 time    9.9999999999999995E-007
          -5   1  7.285766591452267E-009
          -4   1  1.206081260569645E-008
          -3   1  2.302444594008798E-008
          -2   1  5.769575093430181E-008
          -1   1  3.248252132271549E-007
 time    1.5000000000000000E-006
          -5   1  1.076498376116902E-008
          -4   1  1.786935822469099E-008
          -3   1  3.412392029343645E-008
          -2   1  8.485601016452777E-008
          -1   1  4.935562757245201E-007
 time    1.9999999999999999E-006
          -5   1  1.415950398030693E-008
          -4   1  2.356157689409508E-008
          -3   1  4.500776695102578E-008
          -2   1  1.111626064566149E-007
          -1   1  6.655298323478942E-007
 time    3.0000000000000001E-006
          -5   1  2.062585504631234E-008
          -4   1  3.449635932646385E-008
          -3   1  6.594478189685307E-008
          -2   1  1.606038642224237E-007
          -1   1  1.021722589263101E-006
 time    3.9999999999999998E-006
          -5   1  2.678484920978413E-008
          -4   1  4.499682092800575E-008
          -3   1  8.608169158228705E-008
          -2   1  2.070966597000216E-007
          -1   1  1.389483946979053E-006
 time    6.0000000000000002E-006
          -5   1  3.798495426951529E-008
          -4   1  6.437771642217924E-008
          -3   1  1.233815838773068E-007
          -2   1  2.898159027684352E-007
          -1   1  2.166517671325632E-006
 time    7.9999999999999996E-006
          -5   1  4.816859586803052E-008
          -4   1  8.225019235791567E-008
          -3   1  1.579176333426346E-007
          -2   1  3.635759781996579E-007
          -1   1  2.980861545662937E-006
 time    9.9999999999999991E-006
          -5   1  5.742799625670054E-008
          -4   1  9.872011175623520E-008
          -3   1  1.898850038188550E-007
          -2   1  4.294975265420160E-007
          -1   1  3.828801688137231E-006
 time    1.4999999999999999E-005
          -5   1  7.595339892409221E-008
          -4   1  1.325641751268251E-007
          -3   1  2.563212494248198E-007
          -2   1  5.577832644023670E-007
          -1   1  6.114434814676062E-006
 time    1.9999999999999998E-005
          -5   1  9.077879743738606E-008
          -4   1  1.603083747943833E-007
          -3   1  3.114496745138247E-007
          -2   1  6.585232889105503E-007
          -1   1  8.531812721314641E-006
 time    2.9999999999999997E-005
          -5   1  1.105566330489716E-007
          -4   1  1.986098321666152E-007
          -3   1  3.892135705451193E-007
          -2   1  7.912980290174187E-007
          -1   1  1.371875291666544E-005
 time    3.9999999999999996E-005
          -5   1  1.237484340289218E-007
          -4   1  2.249126891802835E-007
          -3   1  4.437747781139281E-007
          -2   1  8.800857584412354E-007
          -1   1  1.914323373930648E-005
 time    4.9999999999999996E-005
          -5   1  1.325470176810882E-007
          -4   1  2.428990718824654E-007
          -3   1  4.818682547955507E-007
          -2   1  9.400841067137559E-007
          -1   1  2.472885654763430E-005
 time    5.9999999999999995E-005
          -5   1  1.384152147062863E-007
          -4   1  2.551547762382386E-007
          -3   1  5.083429505567389E-007
          -2   1  9.809127125166515E-007
          -1   1  3.042410331081516E-005
 time    7.9999999999999993E-005
          -5   1  1.442865940877242E-007
          -4   1  2.677401492609633E-007
          -3   1  5.362787378108887E-007
          -2   1  1.023351329323517E-006
          -1   1  4.204032190518470E-005
 time    9.9999999999999991E-005
          -5   1  1.472236046333876E-007
          -4   1  2.741694002767858E-007
          -3   1  5.508987865001646E-007
          -2   1  1.045458874065790E-006
          -1   1  5.377144113380839E-005
 time    1.1999999999999999E-004
          -5   1  1.486926800603223E-007
          -4   1  2.774404452323106E-007
          -3   1  5.584970255062841E-007
          -2   1  1.056965088257261E-006
          -1   1  6.555968530196113E-005
 time    1.3999999999999999E-004
          -5   1  1.494275289486955E-007
          -4   1  2.790991956202394E-007
          -3   1  5.624222919694550E-007
          -2   1  1.062937695307586E-006
          -1   1  7.737496927726658E-005
 time    1.5999999999999999E-004
          -5   1  1.497952159420760E-007
          -4   1  2.799381168431151E-007
          -3   1  5.644395723689427E-007
          -2   1  1.066026973211905E-006
          -1   1  8.920167246556820E-005
 time    1.7999999999999998E-004
          -5   1  1.499793564224330E-007
          -4   1  2.803615383568101E-007
          -3   1  5.654716154011901E-007
          -2   1  1.067618743389271E-006
          -1   1  1.010317156753210E-004
 time    1.9999999999999998E-004
          -5   1  1.500717847236151E-007
          -4   1  2.805749756867229E-007
          -3   1  5.659975409403778E-007
          -2   1  1.068435847373616E-006
          -1   1  1.128609388518590E-004
 time    2.5000000000000001E-004
          -5   1  1.501394867747369E-007
          -4   1  2.807297819601576E-007
          -3   1  5.663814513442753E-007
          -2   1  1.069039039156919E-006
          -1   1  1.424099889337595E-004
 time    3.0000000000000003E-004
          -5   1  1.501608671174113E-007
          -4   1  2.807760022751744E-007
          -3   1  5.664939593077941E-007
          -2   1  1.069219030140305E-006
          -1   1  1.719293836951951E-004
 time    4.0000000000000002E-004
          -5   1  1.501733827826398E-007
          -4   1  2.807968605900456E-007
          -3   1  5.665368972534729E-007
          -2   1  1.069294683914733E-006
          -1   1  2.308433343323587E-004
 time    5.0000000000000001E-004
          -5   1  1.501812315066529E-007
          -4   1  2.808065152953047E-007
          -3   1  5.665506263400582E-007
          -2   1  1.069327819117594E-006
          -1   1  2.896319468389022E-004
 time    6.0000000000000006E-004
          -5   1  1.501884420901772E-007
          -4   1  2.808146653368003E-007
          -3   1  5.665602760221701E-007
          -2   1  1.069358575774485E-006
          -1   1  3.482960811051710E-004
 time    8.0000000000000004E-004
          -5   1  1.502026913979360E-007
          -4   1  2.808308150236043E-007
          -3   1  5.665792604049679E-007
          -2   1  1.069432499592994E-006
          -1   1  4.651347907735509E-004
 time    1.0000000000000000E-003
          -5   1  1.502169544320852E-007
          -4   1  2.808471317818609E-007
          -3   1  5.665987377596405E-007
          -2   1  1.069523837922183E-006
          -1   1  5.814913589160872E-004
 time    1.5000000000000000E-003
          -5   1  1.502526416427377E-007
          -4   1  2.808880997251147E-007
          -3   1  5.666480531909243E-007
          -2   1  1.069823325317713E-006
          -1   1  8.694617025438778E-004
 time    2.0000000000000000E-003
          -5   1  1.502882732922802E-007
          -4   1  2.809290216852979E-007
          -3   1  5.666973169255917E-007
          -2   1  1.070220517027902E-006
          -1   1  1.154608544994210E-003
 time    3.0000000000000001E-003
          -5   1  1.503598883438310E-007
          -4   1  2.810109746774608E-007
          -3   1  5.667955124729595E-007
          -2   1  1.071292837956371E-006
          -1   1  1.714209391328709E-003
 time    4.0000000000000001E-003
          -5   1  1.504311569431507E-007
          -4   1  2.810922738674890E-007
          -3   1  5.668924436001077E-007
          -2   1  1.072719667598772E-006
          -1   1  2.263755308642739E-003
 time    6.0000000000000001E-003
          -5   1  1.505744521958092E-007
          -4   1  2.812545116235282E-007
          -3   1  5.670843663953103E-007
          -2   1  1.076536560284631E-006
          -1   1  3.326275624984949E-003
 time    8.0000000000000002E-003
          -5   1  1.507156301097487E-007
          -4   1  2.814133592405416E-007
          -3   1  5.672710765535220E-007
          -2   1  1.081558679972602E-006
          -1   1  4.355874870675132E-003
 time    1.0000000000000000E-002
          -5   1  1.508545712480899E-007
          -4   1  2.815687650458994E-007
          -3   1  5.674527877785819E-007
          -2   1  1.087684821731323E-006
          -1   1  5.355594731844617E-003
 time    1.2000000000000000E-002
          -5   1  1.509912246943747E-007
          -4   1  2.817207714139329E-007
          -3   1  5.676297412835444E-007
          -2   1  1.094826854555495E-006
          -1   1  6.328009070760287E-003
 time    1.4000000000000000E-002
          -5   1  1.511255731680721E-007
          -4   1  2.818694502742103E-007
          -3   1  5.678021621940847E-007
          -2   1  1.102908565331381E-006
          -1   1  7.275324283642677E-003
 time    1.6000000000000000E-002
          -5   1  1.512576235554846E-007
          -4   1  2.820148905730688E-007
          -3   1  5.679702638720965E-007
          -2   1  1.111863443685263E-006
          -1   1  8.199452545431236E-003
 time    1.8000000000000002E-002
          -5   1  1.513873998666803E-007
          -4   1  2.821571908295791E-007
          -3   1  5.681342487775696E-007
          -2   1  1.121632976510483E-006
          -1   1  9.102066515016584E-003
 time    2.0000000000000004E-002
          -5   1  1.515149379537449E-007
          -4   1  2.822964541471948E-007
          -3   1  5.682943083627342E-007
          -2   1  1.132165316232607E-006
          -1   1  9.984641070321900E-003
 time    2.5000000000000005E-002
          -5   1  1.518297085832621E-007
          -4   1  2.826370264591239E-007
          -3   1  5.686835865166232E-007
          -2   1  1.161103745973140E-006
          -1   1  1.208130356779097E-002
 time    3.0000000000000006E-002
          -5   1  1.521300377061655E-007
          -4   1  2.829594194525031E-007
          -3   1  5.690505045211089E-007
          -2   1  1.193870949251498E-006
          -1   1  1.408324958394474E-002
 time    3.5000000000000003E-002
          -5   1  1.524171795290878E-007
          -4   1  2.832654713261311E-007
          -3   1  5.693975828188317E-007
          -2   1  1.230017349416152E-006
          -1   1  1.600233276044085E-002
 time    4.0000000000000001E-002
          -5   1  1.526922329088358E-007
          -4   1  2.835567513519450E-007
          -3   1  5.697269233253969E-007
          -2   1  1.269174235050405E-006
          -1   1  1.784809874611713E-002
 time    4.4999999999999998E-002
          -5   1  1.529561582321787E-007
          -4   1  2.838345969062495E-007
          -3   1  5.700402789284338E-007
          -2   1  1.311035845134296E-006
          -1   1  1.962837083629701E-002
 time    4.9999999999999996E-002
          -5   1  1.532097974784823E-007
          -4   1  2.841001568959560E-007
          -3   1  5.703391301367644E-007
          -2   1  1.355344486011236E-006
          -1   1  2.134965462860220E-002
 time    5.4999999999999993E-002
          -5   1  1.534538916068706E-007
          -4   1  2.843544256284541E-007
          -3   1  5.706247408918312E-007
          -2   1  1.401879968022684E-006
          -1   1  2.301742706009860E-002
 time    5.9999999999999991E-002
          -5   1  1.536890957023855E-007
          -4   1  2.845982699180976E-007
          -3   1  5.708982007887845E-007
          -2   1  1.450451929958126E-006
          -1   1  2.463634844839883E-002
 time    6.9999999999999993E-002
          -5   1  1.541382282948680E-007
          -4   1  2.850604383304174E-007
          -3   1  5.714151258392095E-007
          -2   1  1.551729381511977E-006
          -1   1  2.770443796591877E-002
 time    7.9999999999999988E-002
          -5   1  1.545566713547066E-007
          -4   1  2.854877342075401E-007
          -3   1  5.718921446936577E-007
          -2   1  1.659378073600515E-006
          -1   1  3.062614537322481E-002
 time    8.9999999999999983E-002
          -5   1  1.549481005273590E-007
          -4   1  2.858846596852186E-007
          -3   1  5.723346498973345E-007
          -2   1  1.772539331213382E-006
          -1   1  3.341974233582173E-002
 time    9.9999999999999978E-002
          -5   1  1.553154641618574E-007
          -4   1  2.862548034416846E-007
          -3   1  5.727469175712394E-007
          -2   1  1.890507460412681E-006
          -1   1  3.609983676495647E-002
 time   0.10999999999999997     
          -5   1  1.556611864449621E-007
          -4   1  2.866010948778689E-007
          -3   1  5.731324175108696E-007
          -2   1  2.012695496994443E-006
          -1   1  3.867832402604129E-002
 time   0.11999999999999997     
          -5   1  1.559872946468295E-007
          -4   1  2.869259666223289E-007
          -3   1  5.734940157096135E-007
          -2   1  2.138608717268552E-006
          -1   1  4.116504518103707E-002
 time   0.13999999999999996     
          -5   1  1.565864588027713E-007
          -4   1  2.875184905542744E-007
          -3   1  5.741535533546764E-007
          -2   1  2.395862223221205E-006
          -1   1  4.582454268693484E-002
 time   0.15999999999999995     
          -5   1  1.571242167767113E-007
          -4   1  2.880457970819463E-007
          -3   1  5.747414832750498E-007
          -2   1  2.663814546851508E-006
          -1   1  5.021636416898390E-002
 time   0.17999999999999994     
          -5   1  1.576095825425200E-007
          -4   1  2.885182258122647E-007
          -3   1  5.752696792529190E-007
          -2   1  2.940416006955155E-006
          -1   1  5.437577021590215E-002
 time   0.19999999999999993     
          -5   1  1.580495412542242E-007
          -4   1  2.889437108755556E-007
          -3   1  5.757471978013904E-007
          -2   1  3.224034669286607E-006
          -1   1  5.833038726139125E-002
 time   0.21999999999999992     
          -5   1  1.584496797367532E-007
          -4   1  2.893285281795014E-007
          -3   1  5.761811548531894E-007
          -2   1  3.513343658376327E-006
          -1   1  6.210234305804449E-002
 time   0.23999999999999991     
          -5   1  1.588145735140475E-007
          -4   1  2.896777572675329E-007
          -3   1  5.765772700612805E-007
          -2   1  3.807241978930037E-006
          -1   1  6.570968602170908E-002
 time   0.25999999999999990     
          -5   1  1.591480426265838E-007
          -4   1  2.899955871946139E-007
          -3   1  5.769402265693257E-007
          -2   1  4.104799408218322E-006
          -1   1  6.916736329924600E-002
 time   0.27999999999999992     
          -5   1  1.594533275999376E-007
          -4   1  2.902855273565792E-007
          -3   1  5.772739188505503E-007
          -2   1  4.405217256381059E-006
          -1   1  7.248791510861603E-002
 time   0.29999999999999993     
          -5   1  1.597332138720851E-007
          -4   1  2.905505567411141E-007
          -3   1  5.775816278462016E-007
          -2   1  4.707799928937702E-006
          -1   1  7.568198100536251E-002
 time   0.34999999999999992     
          -5   1  1.603207141699743E-007
          -4   1  2.911060116693617E-007
          -3   1  5.782385763536739E-007
          -2   1  5.450840726703556E-006
          -1   1  8.299232037489009E-002
 time   0.39999999999999991     
          -5   1  1.608025303018519E-007
          -4   1  2.915598680148982E-007
          -3   1  5.787913078617794E-007
          -2   1  6.197514641595395E-006
          -1   1  8.972102217562927E-002
 time   0.44999999999999990     
          -5   1  1.611989461936018E-007
          -4   1  2.919327777365528E-007
          -3   1  5.792616996705652E-007
          -2   1  6.941395700951865E-006
          -1   1  9.593772818547888E-002
 time   0.49999999999999989     
          -5   1  1.615258400869561E-007
          -4   1  2.922405006835954E-007
          -3   1  5.796660953962798E-007
          -2   1  7.677231645087106E-006
          -1   1  1.016963115759450E-001
 time   0.54999999999999993     
          -5   1  1.617959052126026E-007
          -4   1  2.924953659135598E-007
          -3   1  5.800170144763409E-007
          -2   1  8.400663721460558E-006
          -1   1  1.070397224977217E-001
 time   0.59999999999999998     
          -5   1  1.620194273085352E-007
          -4   1  2.927071858635494E-007
          -3   1  5.803242168878592E-007
          -2   1  9.108050160792742E-006
          -1   1  1.120031386236704E-001
 time   0.65000000000000002     
          -5   1  1.622048188211223E-007
          -4   1  2.928838693497127E-007
          -3   1  5.805954126642391E-007
          -2   1  9.796350965365738E-006
          -1   1  1.166160804036340E-001
 time   0.70000000000000007     
          -5   1  1.623590042545516E-007
          -4   1  2.930318514474270E-007
          -3   1  5.808367555490594E-007
          -2   1  1.046304796100479E-005
          -1   1  1.209038673507491E-001
 time   0.75000000000000011     
          -5   1  1.624877088528853E-007
          -4   1  2.931564059681803E-007
          -3   1  5.810531984350745E-007
          -2   1  1.110608539338208E-005
          -1   1  1.248886406398229E-001
 time   0.80000000000000016     
          -5   1  1.625956811554536E-007
          -4   1  2.932618791649287E-007
          -3   1  5.812487562692195E-007
          -2   1  1.172382257747873E-005
          -1   1  1.285900923953936E-001
 time   0.85000000000000020     
          -5   1  1.626868682660447E-007
          -4   1  2.933518684885245E-007
          -3   1  5.814267045998218E-007
          -2   1  1.231499366386671E-005
          -1   1  1.320259921645559E-001
 time   0.90000000000000024     
          -5   1  1.627645560444045E-007
          -4   1  2.934293617339131E-007
          -3   1  5.815897319032262E-007
          -2   1  1.287867167560242E-005
          -1   1  1.352125706347793E-001
 time   0.95000000000000029     
          -5   1  1.628314825017100E-007
          -4   1  2.934968468472551E-007
          -3   1  5.817400578275906E-007
          -2   1  1.341423522337925E-005
          -1   1  1.381648014659028E-001
 time    1.0000000000000002     
          -5   1  1.628899302577411E-007
          -4   1  2.935563995191865E-007
          -3   1  5.818795257678286E-007
          -2   1  1.392133706460040E-005
          -1   1  1.408966096446566E-001
 time    1.1000000000000003     
          -5   1  1.629873691151684E-007
          -4   1  2.936572909378318E-007
          -3   1  5.821260035974659E-007
          -2   1  1.481774144309748E-005
          -1   1  1.455838275747126E-001
 time    1.2000000000000004     
          -5   1  1.630739657581956E-007
          -4   1  2.937475657648763E-007
          -3   1  5.823492737703638E-007
          -2   1  1.560843344859972E-005
          -1   1  1.495800819973761E-001
 time    1.3000000000000005     
          -5   1  1.631555652876485E-007
          -4   1  2.938326300136132E-007
          -3   1  5.825541770019277E-007
          -2   1  1.629711405102362E-005
          -1   1  1.529626463260426E-001
 time    1.4000000000000006     
          -5   1  1.632363690108686E-007
          -4   1  2.939164138339619E-007
          -3   1  5.827445615966598E-007
          -2   1  1.688922096595116E-005
          -1   1  1.558015971773228E-001
 time    1.5000000000000007     
          -5   1  1.633193215008343E-007
          -4   1  2.940017055180540E-007
          -3   1  5.829235176793301E-007
          -2   1  1.739134845640174E-005
          -1   1  1.581604772709640E-001
 time    1.6000000000000008     
          -5   1  1.634064093203823E-007
          -4   1  2.940904113784612E-007
          -3   1  5.830935401999492E-007
          -2   1  1.781077161208850E-005
          -1   1  1.600967983586761E-001
 time    1.7000000000000008     
          -5   1  1.634988924126800E-007
          -4   1  2.941837600672875E-007
          -3   1  5.832566462064637E-007
          -2   1  1.815506871707603E-005
          -1   1  1.616624664694324E-001
 time    1.8000000000000009     
          -5   1  1.635974832053504E-007
          -4   1  2.942824633952206E-007
          -3   1  5.834144613185342E-007
          -2   1  1.843183120483736E-005
          -1   1  1.629041711278535E-001
 time    1.9000000000000010     
          -5   1  1.637024852713225E-007
          -4   1  2.943868429609838E-007
          -3   1  5.835682855824011E-007
          -2   1  1.864844912798353E-005
          -1   1  1.638637577630388E-001
 time    2.0000000000000009     
          -5   1  1.638139007368401E-007
          -4   1  2.944969298167106E-007
          -3   1  5.837191454825881E-007
          -2   1  1.881195975656874E-005
          -1   1  1.645785905787683E-001
 time    2.1000000000000010     
          -5   1  1.639315135098338E-007
          -4   1  2.946125428074900E-007
          -3   1  5.838678365166531E-007
          -2   1  1.892894750605961E-005
          -1   1  1.650819071838655E-001
 time    2.2000000000000011     
          -5   1  1.640549537548090E-007
          -4   1  2.947333500090535E-007
          -3   1  5.840149591358543E-007
          -2   1  1.900548452497852E-005
          -1   1  1.654031636147928E-001
 time    2.3000000000000012     
          -5   1  1.641837477771059E-007
          -4   1  2.948589167503625E-007
          -3   1  5.841609497980654E-007
          -2   1  1.904710265810060E-005
          -1   1  1.655683674691683E-001
 time    2.4000000000000012     
          -5   1  1.643173565161789E-007
          -4   1  2.949887429773490E-007
          -3   1  5.843061082015517E-007
          -2   1  1.905878894634244E-005
          -1   1  1.656003968291570E-001
 time    2.5000000000000013     
          -5   1  1.644552051140696E-007
          -4   1  2.951222921401627E-007
          -3   1  5.844506213467331E-007
          -2   1  1.904499820655317E-005
          -1   1  1.655193030056749E-001
 time    2.6000000000000014     
          -5   1  1.645967054662299E-007
          -4   1  2.952590133333694E-007
          -3   1  5.845945848212478E-007
          -2   1  1.900967748640359E-005
          -1   1  1.653425956250516E-001
 time    2.7000000000000015     
          -5   1  1.647412732352652E-007
          -4   1  2.953983580607828E-007
          -3   1  5.847380215616530E-007
          -2   1  1.895629828226662E-005
          -1   1  1.650855090840946E-001
 time    2.8000000000000016     
          -5   1  1.648883404822919E-007
          -4   1  2.955397927143833E-007
          -3   1  5.848808982722331E-007
          -2   1  1.888789333577842E-005
          -1   1  1.647612498610111E-001
 time    2.9000000000000017     
          -5   1  1.650373648214589E-007
          -4   1  2.956828076347644E-007
          -3   1  5.850231396501727E-007
          -2   1  1.880709559567281E-005
          -1   1  1.643812245674005E-001
 time    3.0000000000000018     
          -5   1  1.651878358125015E-007
          -4   1  2.958269234463381E-007
          -3   1  5.851646405586391E-007
          -2   1  1.871617756048779E-005
          -1   1  1.639552489566354E-001
 time    3.1000000000000019     
          -5   1  1.653392791599488E-007
          -4   1  2.959716952240352E-007
          -3   1  5.853052762932270E-007
          -2   1  1.861708972271088E-005
          -1   1  1.634917383701122E-001
 time    3.2000000000000020     
          -5   1  1.654912591749999E-007
          -4   1  2.961167149411993E-007
          -3   1  5.854449110953563E-007
          -2   1  1.851149723408281E-005
          -1   1  1.629978803114933E-001
 time    3.4000000000000021     
          -5   1  1.657951227384958E-007
          -4   1  2.964058311767543E-007
          -3   1  5.857198458790231E-007
          -2   1  1.828352637360551E-005
          -1   1  1.619305148971951E-001
 time    3.6000000000000023     
          -5   1  1.660958495701415E-007
          -4   1  2.966910058694128E-007
          -3   1  5.859884960679756E-007
          -2   1  1.804615267350381E-005
          -1   1  1.608141761951609E-001
 time    3.8000000000000025     
          -5   1  1.663917342247773E-007
          -4   1  2.969706789613327E-007
          -3   1  5.862501251642047E-007
          -2   1  1.780443492761625E-005
          -1   1  1.596710702810772E-001
 time    4.0000000000000027     
          -5   1  1.666815288502935E-007
          -4   1  2.972437249857879E-007
          -3   1  5.865041870383376E-007
          -2   1  1.756192334066646E-005
          -1   1  1.585170190036822E-001
 time    4.2000000000000028     
          -5   1  1.669643602415698E-007
          -4   1  2.975093736981824E-007
          -3   1  5.867503128628854E-007
          -2   1  1.732105133949705E-005
          -1   1  1.573630891806634E-001
 time    4.4000000000000030     
          -5   1  1.672396587365102E-007
          -4   1  2.977671416582901E-007
          -3   1  5.869882933637179E-007
          -2   1  1.708343860927666E-005
          -1   1  1.562168508183820E-001
 time    4.6000000000000032     
          -5   1  1.675070965448555E-007
          -4   1  2.980167728611348E-007
          -3   1  5.872180571759440E-007
          -2   1  1.685012104868566E-005
          -1   1  1.550833359458010E-001
 time    4.8000000000000034     
          -5   1  1.677665347107233E-007
          -4   1  2.982581877720318E-007
          -3   1  5.874396473573700E-007
          -2   1  1.662172231908278E-005
          -1   1  1.539657594777829E-001
 time    5.0000000000000036     
          -5   1  1.680179782561664E-007
          -4   1  2.984914403487106E-007
          -3   1  5.876531980483146E-007
          -2   1  1.639857984231608E-005
          -1   1  1.528660539942983E-001
 time    5.2000000000000037     
          -5   1  1.682615389794551E-007
          -4   1  2.987166825239576E-007
          -3   1  5.878589127514428E-007
          -2   1  1.618083599885466E-005
          -1   1  1.517852613174854E-001
 time    5.4000000000000039     
          -5   1  1.684974052221006E-007
          -4   1  2.989341354575697E-007
          -3   1  5.880570451266655E-007
          -2   1  1.596850321404700E-005
          -1   1  1.507238155559735E-001
 time    5.6000000000000041     
          -5   1  1.687258177937212E-007
          -4   1  2.991440667470411E-007
          -3   1  5.882478827055378E-007
          -2   1  1.576150976407407E-005
          -1   1  1.496817450767136E-001
 time    5.8000000000000043     
          -5   1  1.689470511865669E-007
          -4   1  2.993467727367723E-007
          -3   1  5.884317335705244E-007
          -2   1  1.555973155420680E-005
          -1   1  1.486588147477639E-001
 time    6.0000000000000044     
          -5   1  1.691613992184827E-007
          -4   1  2.995425650789774E-007
          -3   1  5.886089158121156E-007
          -2   1  1.536301383112969E-005
          -1   1  1.476546247558642E-001
 time    6.2000000000000046     
          -5   1  1.693691642981167E-007
          -4   1  2.997317607586090E-007
          -3   1  5.887797494475152E-007
          -2   1  1.517118576732237E-005
          -1   1  1.466686782547419E-001
 time    6.4000000000000048     
          -5   1  1.695706495909446E-007
          -4   1  2.999146748812918E-007
          -3   1  5.889445504307356E-007
          -2   1  1.498407006324324E-005
          -1   1  1.457004269206721E-001
 time    6.6000000000000050     
          -5   1  1.697661534634236E-007
          -4   1  3.000916156220659E-007
          -3   1  5.891036263803140E-007
          -2   1  1.480148911249945E-005
          -1   1  1.447493010435351E-001
 time    6.8000000000000052     
          -5   1  1.699559656835456E-007
          -4   1  3.002628808325511E-007
          -3   1  5.892572736774565E-007
          -2   1  1.462326882805127E-005
          -1   1  1.438147289297868E-001
 time    7.0000000000000053     
          -5   1  1.701403649514531E-007
          -4   1  3.004287558976098E-007
          -3   1  5.894057756294912E-007
          -2   1  1.444924089988780E-005
          -1   1  1.428961490157032E-001
 time    7.5000000000000053     
          -5   1  1.705725112478400E-007
          -4   1  3.008151010360597E-007
          -3   1  5.897496692702821E-007
          -2   1  1.403444072450479E-005
          -1   1  1.406820479719128E-001
 time    8.0000000000000053     
          -5   1  1.709779518023622E-007
          -4   1  3.011749306751849E-007
          -3   1  5.900684689513074E-007
          -2   1  1.364126489345098E-005
          -1   1  1.385502382163020E-001
 time    8.5000000000000053     
          -5   1  1.713596371839105E-007
          -4   1  3.015112318931107E-007
          -3   1  5.903651735457134E-007
          -2   1  1.326834574639768E-005
          -1   1  1.364970329619521E-001
 time    9.0000000000000053     
          -5   1  1.717200354028033E-007
          -4   1  3.018265087240506E-007
          -3   1  5.906422449980062E-007
          -2   1  1.291419689450403E-005
          -1   1  1.345177085349158E-001
 time    9.5000000000000053     
          -5   1  1.720612895537448E-007
          -4   1  3.021229300590586E-007
          -3   1  5.909017922017577E-007
          -2   1  1.257739377278157E-005
          -1   1  1.326074862222399E-001
 time    10.000000000000005     
          -5   1  1.723852757117262E-007
          -4   1  3.024023888150155E-007
          -3   1  5.911456436888759E-007
          -2   1  1.225663042510905E-005
          -1   1  1.307618783019957E-001
 time    10.500000000000005     
          -5   1  1.726936386427297E-007
          -4   1  3.026665400852723E-007
          -3   1  5.913753906978641E-007
          -2   1  1.195072840549705E-005
          -1   1  1.289767826636160E-001
 time    11.000000000000005     
          -5   1  1.729878217545233E-007
          -4   1  3.029168330421776E-007
          -3   1  5.915924208051892E-007
          -2   1  1.165862875154946E-005
          -1   1  1.272484826602727E-001
 time    11.500000000000005     
          -5   1  1.732690939932300E-007
          -4   1  3.031545392027248E-007
          -3   1  5.917979467632436E-007
          -2   1  1.137937922194735E-005
          -1   1  1.255736152544352E-001
 time    12.000000000000005     
          -5   1  1.735385737645635E-007
          -4   1  3.033807772874939E-007
          -3   1  5.919930315136259E-007
          -2   1  1.111212130502453E-005
          -1   1  1.239491318785406E-001
 time    12.500000000000005     
          -5   1  1.737972497925231E-007
          -4   1  3.035965347271809E-007
          -3   1  5.921786096915319E-007
          -2   1  1.085607846085116E-005
          -1   1  1.223722607756177E-001
 time    13.000000000000005     
          -5   1  1.740459990412431E-007
          -4   1  3.038026860404182E-007
          -3   1  5.923555059366470E-007
          -2   1  1.061054591220861E-005
          -1   1  1.208404734558218E-001
 time    13.500000000000005     
          -5   1  1.742856019821787E-007
          -4   1  3.040000084282142E-007
          -3   1  5.925244503892234E-007
          -2   1  1.037488190466870E-005
          -1   1  1.193514556390324E-001
 time    14.000000000000005     
          -5   1  1.745167555494725E-007
          -4   1  3.041891949681431E-007
          -3   1  5.926860917683867E-007
          -2   1  1.014850024606663E-005
          -1   1  1.179030823039498E-001
 time    14.500000000000005     
          -5   1  1.747400841250099E-007
          -4   1  3.043708657759661E-007
          -3   1  5.928410084076879E-007
          -2   1  9.930863926757136E-006
          -1   1  1.164933962819963E-001
 time    15.000000000000005     
          -5   1  1.749561488635442E-007
          -4   1  3.045455774625086E-007
          -3   1  5.929897175805749E-007
          -2   1  9.721479644204516E-006
          -1   1  1.151205898481066E-001
 time    15.500000000000005     
          -5   1  1.751654556269279E-007
          -4   1  3.047138311668123E-007
          -3   1  5.931326834003641E-007
          -2   1  9.519893083609409E-006
          -1   1  1.137829888306176E-001
 time    16.000000000000007     
          -5   1  1.753684617548412E-007
          -4   1  3.048760794013967E-007
          -3   1  5.932703235332408E-007
          -2   1  9.325684832315175E-006
          -1   1  1.124790388397043E-001
 time    16.500000000000007     
          -5   1  1.755655818616975E-007
          -4   1  3.050327319053831E-007
          -3   1  5.934030149220175E-007
          -2   1  9.138466827689211E-006
          -1   1  1.112072932829324E-001
 time    17.000000000000007     
          -5   1  1.757571928169370E-007
          -4   1  3.051841606671436E-007
          -3   1  5.935310986837176E-007
          -2   1  8.957879256095592E-006
          -1   1  1.099664028944172E-001
 time    17.500000000000007     
          -5   1  1.759436380387228E-007
          -4   1  3.053307042497951E-007
          -3   1  5.936548843152544E-007
          -2   1  8.783587835041293E-006
          -1   1  1.087551065513782E-001
 time    18.000000000000007     
          -5   1  1.761252312085657E-007
          -4   1  3.054726715295396E-007
          -3   1  5.937746533177761E-007
          -2   1  8.615281422255848E-006
          -1   1  1.075722231903272E-001
 time    19.000000000000007     
          -5   1  1.764717892473741E-007
          -4   1  3.057411585506664E-007
          -3   1  5.940003243188321E-007
          -2   1  8.296640846174942E-006
          -1   1  1.052956969831071E-001
 time    20.000000000000007     
          -5   1  1.768030909334296E-007
          -4   1  3.059953486354401E-007
          -3   1  5.942136295410692E-007
          -2   1  7.998096285218165E-006
          -1   1  1.031163098636322E-001
 time    21.000000000000007     
          -5   1  1.771204843349647E-007
          -4   1  3.062365847286567E-007
          -3   1  5.944157710397252E-007
          -2   1  7.718225750415621E-006
          -1   1  1.010297233980947E-001
 time    22.000000000000007     
          -5   1  1.774252118906098E-007
          -4   1  3.064660955699606E-007
          -3   1  5.946078259006382E-007
          -2   1  7.455488976761709E-006
          -1   1  9.903006951459285E-002
 time    23.000000000000007     
          -5   1  1.777184134549418E-007
          -4   1  3.066849991266399E-007
          -3   1  5.947907744341651E-007
          -2   1  7.208470795512064E-006
          -1   1  9.711172592545932E-002
 time    24.000000000000007     
          -5   1  1.780011090267741E-007
          -4   1  3.068942907449772E-007
          -3   1  5.949654894159499E-007
          -2   1  6.975901607454706E-006
          -1   1  9.526955121442394E-002
 time    25.000000000000007     
          -5   1  1.782742023424724E-007
          -4   1  3.070948490731716E-007
          -3   1  5.951327401407061E-007
          -2   1  6.756643716222266E-006
          -1   1  9.349886705890791E-002
 time    26.000000000000007     
          -5   1  1.785384925903710E-007
          -4   1  3.072874486429637E-007
          -3   1  5.952932031869405E-007
          -2   1  6.549674880394771E-006
          -1   1  9.179540744881307E-002
 time    27.000000000000007     
          -5   1  1.787946874591700E-007
          -4   1  3.074727732457147E-007
          -3   1  5.954474742993829E-007
          -2   1  6.354073715169978E-006
          -1   1  9.015527014024580E-002
 time    28.000000000000007     
          -5   1  1.790434152468372E-007
          -4   1  3.076514281652312E-007
          -3   1  5.955960793897353E-007
          -2   1  6.169007249368840E-006
          -1   1  8.857487466011063E-002
 time    29.000000000000007     
          -5   1  1.792852354689151E-007
          -4   1  3.078239508250748E-007
          -3   1  5.957394841480887E-007
          -2   1  5.993720341039582E-006
          -1   1  8.705092639888957E-002
 time    30.000000000000007     
          -5   1  1.795206479650147E-007
          -4   1  3.079908198947571E-007
          -3   1  5.958781022655464E-007
          -2   1  5.827526634229014E-006
          -1   1  8.558038581402881E-002
 time    31.000000000000007     
          -5   1  1.797501006640199E-007
          -4   1  3.081524630350418E-007
          -3   1  5.960123024186392E-007
          -2   1  5.669800792532209E-006
          -1   1  8.416044187598133E-002
 time    32.000000000000007     
          -5   1  1.799739961985102E-007
          -4   1  3.083092634823547E-007
          -3   1  5.961424141941509E-007
          -2   1  5.519971796092494E-006
          -1   1  8.278848905015136E-002
 time    33.000000000000007     
          -5   1  1.801926975469870E-007
          -4   1  3.084615656559121E-007
          -3   1  5.962687331216419E-007
          -2   1  5.377517129718827E-006
          -1   1  8.146210724361624E-002
 time    34.000000000000007     
          -5   1  1.804065328592283E-007
          -4   1  3.086096799456965E-007
          -3   1  5.963915249588543E-007
          -2   1  5.241957722011956E-006
          -1   1  8.017904425268575E-002
 time    35.000000000000007     
          -5   1  1.806157995958794E-007
          -4   1  3.087538868140336E-007
          -3   1  5.965110293522270E-007
          -2   1  5.112853520820276E-006
          -1   1  7.893720033187808E-002
 time    36.000000000000007     
          -5   1  1.808207680915684E-007
          -4   1  3.088944403210525E-007
          -3   1  5.966274629741160E-007
          -2   1  4.989799610562163E-006
          -1   1  7.773461457198787E-002
 time    38.000000000000007     
          -5   1  1.812157069649443E-007
          -4   1  3.091629391148426E-007
          -3   1  5.968493499386249E-007
          -2   1  4.760966917002834E-006
          -1   1  7.544601259454964E-002
 time    40.000000000000007     
          -5   1  1.815972461742519E-007
          -4   1  3.094202909691938E-007
          -3   1  5.970620474069080E-007
          -2   1  4.551909981970011E-006
          -1   1  7.329107365498073E-002
 time    42.000000000000007     
          -5   1  1.819662898483211E-007
          -4   1  3.096673657798733E-007
          -3   1  5.972662233132172E-007
          -2   1  4.360576045043725E-006
          -1   1  7.126014364979665E-002
 time    44.000000000000007     
          -5   1  1.823238434553955E-007
          -4   1  3.099050978151483E-007
          -3   1  5.974626313803087E-007
          -2   1  4.185031345709538E-006
          -1   1  6.934302419060168E-002
 time    46.000000000000007     
          -5   1  1.826708525885087E-007
          -4   1  3.101343536873191E-007
          -3   1  5.976519846928741E-007
          -2   1  4.023590719470469E-006
          -1   1  6.753052394884390E-002
 time    48.000000000000007     
          -5   1  1.830081619584687E-007
          -4   1  3.103559005555253E-007
          -3   1  5.978349189016057E-007
          -2   1  3.874787525524448E-006
          -1   1  6.581441484192573E-002
 time    50.000000000000007     
          -5   1  1.833365166160614E-007
          -4   1  3.105704096037421E-007
          -3   1  5.980119916442939E-007
          -2   1  3.737340669024789E-006
          -1   1  6.418731054523705E-002
 time    52.000000000000007     
          -5   1  1.836565726483261E-007
          -4   1  3.107784672189193E-007
          -3   1  5.981836906548471E-007
          -2   1  3.610126990235283E-006
          -1   1  6.264255951595497E-002
 time    54.000000000000007     
          -5   1  1.839689089764226E-007
          -4   1  3.109805867535148E-007
          -3   1  5.983504431179655E-007
          -2   1  3.492158378975209E-006
          -1   1  6.117415435313409E-002
 time    56.000000000000007     
          -5   1  1.842740381558479E-007
          -4   1  3.111772191203650E-007
          -3   1  5.985126243259399E-007
          -2   1  3.382562709009165E-006
          -1   1  5.977665469632211E-002
 time    58.000000000000007     
          -5   1  1.845724157429876E-007
          -4   1  3.113687618997649E-007
          -3   1  5.986705652018084E-007
          -2   1  3.280567867417049E-006
          -1   1  5.844512125577930E-002
 time    60.000000000000007     
          -5   1  1.848644482644617E-007
          -4   1  3.115555670395908E-007
          -3   1  5.988245586920313E-007
          -2   1  3.185488308828522E-006
          -1   1  5.717505906595534E-002
 time    62.000000000000007     
          -5   1  1.851504999535389E-007
          -4   1  3.117379473309600E-007
          -3   1  5.989748651549955E-007
          -2   1  3.096713682557425E-006
          -1   1  5.596236843758778E-002
 time    64.000000000000000     
          -5   1  1.854308984374933E-007
          -4   1  3.119161818507407E-007
          -3   1  5.991217168942131E-007
          -2   1  3.013699171403314E-006
          -1   1  5.480330237773523E-002
 time    66.000000000000000     
          -5   1  1.857059395453269E-007
          -4   1  3.120905205429635E-007
          -3   1  5.992653219753249E-007
          -2   1  2.935957251325060E-006
          -1   1  5.369442947564433E-002
 time    68.000000000000000     
          -5   1  1.859758913819367E-007
          -4   1  3.122611880855896E-007
          -3   1  5.994058674473792E-007
          -2   1  2.863050636377946E-006
          -1   1  5.263260143226389E-002
 time    70.000000000000000     
          -5   1  1.862409977912162E-007
          -4   1  3.124283871644408E-007
          -3   1  5.995435220694482E-007
          -2   1  2.794586216887601E-006
          -1   1  5.161492455422215E-002
 time    75.000000000000000     
          -5   1  1.868768675635390E-007
          -4   1  3.128267329173651E-007
          -3   1  5.998704336103893E-007
          -2   1  2.641098929912503E-006
          -1   1  4.925459159591008E-002
 time    80.000000000000000     
          -5   1  1.874895659455530E-007
          -4   1  3.132092633831566E-007
          -3   1  6.001845688741319E-007
          -2   1  2.508374301301339E-006
          -1   1  4.711494608542287E-002
 time    85.000000000000000     
          -5   1  1.880800617511844E-007
          -4   1  3.135766818916820E-007
          -3   1  6.004862893613785E-007
          -2   1  2.392878655418763E-006
          -1   1  4.516769084329022E-002
 time    90.000000000000000     
          -5   1  1.886498567808458E-007
          -4   1  3.139301268623058E-007
          -3   1  6.007764597808805E-007
          -2   1  2.291743037616497E-006
          -1   1  4.338823075562030E-002
 time    95.000000000000000     
          -5   1  1.892004205848178E-007
          -4   1  3.142707073379821E-007
          -3   1  6.010559667560684E-007
          -2   1  2.202668911067371E-006
          -1   1  4.175592346428844E-002
 time    100.00000000000000     
          -5   1  1.897330847003774E-007
          -4   1  3.145994165171172E-007
          -3   1  6.013256186101651E-007
          -2   1  2.123798662103279E-006
          -1   1  4.025333716919079E-002
 time    105.00000000000000     
          -5   1  1.902490353494783E-007
          -4   1  3.149171274219484E-007
          -3   1  6.015861320461135E-007
          -2   1  2.053618330238457E-006
          -1   1  3.886565667006660E-002
 time    110.00000000000000     
          -5   1  1.907493277328040E-007
          -4   1  3.152246062248501E-007
          -3   1  6.018381392123970E-007
          -2   1  1.990884368421365E-006
          -1   1  3.758021543442584E-002
 time    115.00000000000000     
          -5   1  1.912349037075442E-007
          -4   1  3.155225279633548E-007
          -3   1  6.020821988681818E-007
          -2   1  1.934567906585370E-006
          -1   1  3.638612377436006E-002
 time    120.00000000000000     
          -5   1  1.917066081611355E-007
          -4   1  3.158114908060914E-007
          -3   1  6.023188072514633E-007
          -2   1  1.883811913712895E-006
          -1   1  3.527397098303505E-002
 time    125.00000000000000     
          -5   1  1.921652030521447E-007
          -4   1  3.160920281040466E-007
          -3   1  6.025484075421634E-007
          -2   1  1.837897970109819E-006
          -1   1  3.423558492743439E-002
 time    130.00000000000000     
          -5   1  1.926113791434611E-007
          -4   1  3.163646183265227E-007
          -3   1  6.027713977948280E-007
          -2   1  1.796220272535431E-006
          -1   1  3.326383665825843E-002
 time    135.00000000000000     
          -5   1  1.930457657328702E-007
          -4   1  3.166296931956532E-007
          -3   1  6.029881375010418E-007
          -2   1  1.758265134256404E-006
          -1   1  3.235248056882342E-002
 time    140.00000000000000     
          -5   1  1.934689387238441E-007
          -4   1  3.168876443485521E-007
          -3   1  6.031989530024813E-007
          -2   1  1.723594696485074E-006
          -1   1  3.149602283227655E-002
 time    145.00000000000000     
          -5   1  1.938814273444107E-007
          -4   1  3.171388288145676E-007
          -3   1  6.034041419644018E-007
          -2   1  1.691833894177954E-006
          -1   1  3.068961248824189E-002
 time    150.00000000000000     
          -5   1  1.942837197706821E-007
          -4   1  3.173835735432467E-007
          -3   1  6.036039770884685E-007
          -2   1  1.662659956224040E-006
          -1   1  2.992895078783666E-002
 time    155.00000000000000     
          -5   1  1.946762678625154E-007
          -4   1  3.176221791711355E-007
          -3   1  6.037987092110883E-007
          -2   1  1.635793893818483E-006
          -1   1  2.921021534711027E-002
 time    160.00000000000000     
          -5   1  1.950594911770347E-007
          -4   1  3.178549231760886E-007
          -3   1  6.039885699044825E-007
          -2   1  1.610993559347758E-006
          -1   1  2.852999638010379E-002
 time    165.00000000000000     
          -5   1  1.954337803919016E-007
          -4   1  3.180820625362496E-007
          -3   1  6.041737736738327E-007
          -2   1  1.588047953996362E-006
          -1   1  2.788524283940069E-002
 time    170.00000000000000     
          -5   1  1.957995002433806E-007
          -4   1  3.183038359861457E-007
          -3   1  6.043545198247242E-007
          -2   1  1.566772534392600E-006
          -1   1  2.727321672473930E-002
 time    175.00000000000000     
          -5   1  1.961569920631180E-007
          -4   1  3.185204659430895E-007
          -3   1  6.045309940599914E-007
          -2   1  1.547005323252730E-006
          -1   1  2.669145415880370E-002
 time    180.00000000000000     
          -5   1  1.965065759809909E-007
          -4   1  3.187321601620914E-007
          -3   1  6.047033698531922E-007
          -2   1  1.528603670689775E-006
          -1   1  2.613773209584409E-002
 time    190.00000000000000     
          -5   1  1.971766708751429E-007
          -4   1  3.191365962609361E-007
          -3   1  6.050317634513174E-007
          -2   1  1.495495635488038E-006
          -1   1  2.510946681651898E-002
 time    200.00000000000000     
          -5   1  1.978209754908539E-007
          -4   1  3.195254222072448E-007
          -3   1  6.053475122720869E-007
          -2   1  1.466485490954425E-006
          -1   1  2.417083620055914E-002
 time    210.00000000000000     
          -5   1  1.984402066035489E-007
          -4   1  3.198988878148590E-007
          -3   1  6.056506631841800E-007
          -2   1  1.440910031332883E-006
          -1   1  2.331050543621190E-002
 time    220.00000000000000     
          -5   1  1.990356377223671E-007
          -4   1  3.202577217281046E-007
          -3   1  6.059417615418932E-007
          -2   1  1.418234136154952E-006
          -1   1  2.251889999163058E-002
 time    230.00000000000000     
          -5   1  1.996086260328301E-007
          -4   1  3.206027462020805E-007
          -3   1  6.062214644798523E-007
          -2   1  1.398024032017811E-006
          -1   1  2.178794581451459E-002
 time    240.00000000000000     
          -5   1  2.001604821462417E-007
          -4   1  3.209347689424642E-007
          -3   1  6.064904304902441E-007
          -2   1  1.379924982883198E-006
          -1   1  2.111078757582234E-002
 time    250.00000000000000     
          -5   1  2.006924351503200E-007
          -4   1  3.212545523051787E-007
          -3   1  6.067492865194892E-007
          -2   1  1.363644534503564E-006
          -1   1  2.048156775322529E-002
 time    260.00000000000000     
          -5   1  2.012056261658107E-007
          -4   1  3.215628058891464E-007
          -3   1  6.069986187778325E-007
          -2   1  1.348939774086528E-006
          -1   1  1.989525190545622E-002
 time    270.00000000000000     
          -5   1  2.017011111344011E-007
          -4   1  3.218601868931442E-007
          -3   1  6.072389716088716E-007
          -2   1  1.335607537212089E-006
          -1   1  1.934748927656983E-002
 time    280.00000000000000     
          -5   1  2.021798665833663E-007
          -4   1  3.221473031272605E-007
          -3   1  6.074708492557392E-007
          -2   1  1.323476806374802E-006
          -1   1  1.883450070274178E-002
 time    290.00000000000000     
          -5   1  2.026427961268102E-007
          -4   1  3.224247168258185E-007
          -3   1  6.076947186228651E-007
          -2   1  1.312402757380975E-006
          -1   1  1.835298780643319E-002
 time    300.00000000000000     
          -5   1  2.030907368571948E-007
          -4   1  3.226929485451786E-007
          -3   1  6.079110122789723E-007
          -2   1  1.302262057199578E-006
          -1   1  1.790005892422428E-002
 time    310.00000000000000     
          -5   1  2.035244653129725E-007
          -4   1  3.229524808668682E-007
          -3   1  6.081201313925401E-007
          -2   1  1.292949121053074E-006
          -1   1  1.747316828998671E-002
 time    320.00000000000000     
          -5   1  2.039447029246551E-007
          -4   1  3.232037618063428E-007
          -3   1  6.083224484773697E-007
          -2   1  1.284373111141102E-006
          -1   1  1.707006579429123E-002
 time    330.00000000000000     
          -5   1  2.043521209323012E-007
          -4   1  3.234472079045443E-007
          -3   1  6.085183099076076E-007
          -2   1  1.276455513415392E-006
          -1   1  1.668875524027097E-002
 time    340.00000000000000     
          -5   1  2.047473448045732E-007
          -4   1  3.236832070122143E-007
          -3   1  6.087080381980416E-007
          -2   1  1.269128168348066E-006
          -1   1  1.632745946936199E-002
 time    350.00000000000000     
          -5   1  2.051309582030441E-007
          -4   1  3.239121207900693E-007
          -3   1  6.088919340614240E-007
          -2   1  1.262331660826547E-006
          -1   1  1.598459107577863E-002
 time    360.00000000000000     
          -5   1  2.055035065383509E-007
          -4   1  3.241342869520926E-007
          -3   1  6.090702782608490E-007
          -2   1  1.256013996061493E-006
          -1   1  1.565872769387775E-002
 time    370.00000000000000     
          -5   1  2.058655001630116E-007
          -4   1  3.243500212792581E-007
          -3   1  6.092433332769725E-007
          -2   1  1.250129504741622E-006
          -1   1  1.534859104778865E-002
 time    380.00000000000000     
          -5   1  2.062174172420563E-007
          -4   1  3.245596194292698E-007
          -3   1  6.094113448094097E-007
          -2   1  1.244637933052672E-006
          -1   1  1.505302911253016E-002
 time    390.00000000000000     
          -5   1  2.065597063383521E-007
          -4   1  3.247633585655120E-007
          -3   1  6.095745431303481E-007
          -2   1  1.239503682629108E-006
          -1   1  1.477100086115472E-002
 time    400.00000000000000     
          -5   1  2.068927887452735E-007
          -4   1  3.249614988258644E-007
          -3   1  6.097331443066709E-007
          -2   1  1.234695172772594E-006
          -1   1  1.450156317132146E-002
 time    420.00000000000000     
          -5   1  2.075265295242969E-007
          -4   1  3.253373873725738E-007
          -3   1  6.100331204143925E-007
          -2   1  1.225971594355711E-006
          -1   1  1.399877168688380E-002
 time    440.00000000000000     
          -5   1  2.081304315840846E-007
          -4   1  3.256955412044603E-007
          -3   1  6.103188268225837E-007
          -2   1  1.218244469361751E-006
          -1   1  1.353666346056890E-002
 time    460.00000000000000     
          -5   1  2.087057126390950E-007
          -4   1  3.260365013214224E-007
          -3   1  6.105905647281864E-007
          -2   1  1.211361670515848E-006
          -1   1  1.311032600185255E-002
 time    480.00000000000000     
          -5   1  2.092541954456501E-007
          -4   1  3.263613166015799E-007
          -3   1  6.108491522422833E-007
          -2   1  1.205199694739351E-006
          -1   1  1.271560832737450E-002
 time    500.00000000000000     
          -5   1  2.097777222994835E-007
          -4   1  3.266710869040382E-007
          -3   1  6.110954775309013E-007
          -2   1  1.199657305805837E-006
          -1   1  1.234898511904384E-002
 time    520.00000000000000     
          -5   1  2.102780242895783E-007
          -4   1  3.269668576061807E-007
          -3   1  6.113303936586265E-007
          -2   1  1.194650791552321E-006
          -1   1  1.200744255081159E-002
 time    540.00000000000000     
          -5   1  2.107566958422747E-007
          -4   1  3.272495960040920E-007
          -3   1  6.115546933449879E-007
          -2   1  1.190110396834876E-006
          -1   1  1.168838842825052E-002
 time    560.00000000000000     
          -5   1  2.112151963637094E-007
          -4   1  3.275201892593327E-007
          -3   1  6.117691050405392E-007
          -2   1  1.185977588099479E-006
          -1   1  1.138958065491395E-002
 time    580.00000000000000     
          -5   1  2.116548594915413E-007
          -4   1  3.277794487311702E-007
          -3   1  6.119742955163752E-007
          -2   1  1.182202929544380E-006
          -1   1  1.110906979069720E-002
 time    600.00000000000000     
          -5   1  2.120769041825449E-007
          -4   1  3.280281161356433E-007
          -3   1  6.121708744734277E-007
          -2   1  1.178744417597462E-006
          -1   1  1.084515256844607E-002
 time    620.00000000000000     
          -5   1  2.124824457094956E-007
          -4   1  3.282668699683299E-007
          -3   1  6.123593996052492E-007
          -2   1  1.175566163230201E-006
          -1   1  1.059633400794189E-002
 time    640.00000000000000     
          -5   1  2.128725059070554E-007
          -4   1  3.284963316236376E-007
          -3   1  6.125403815277482E-007
          -2   1  1.172637341015146E-006
          -1   1  1.036129632922154E-002
 time    660.00000000000000     
          -5   1  2.132480224720459E-007
          -4   1  3.287170710155505E-007
          -3   1  6.127142883589716E-007
          -2   1  1.169931344630165E-006
          -1   1  1.013887328355289E-002
 time    680.00000000000000     
          -5   1  2.136098573052175E-007
          -4   1  3.289296116540435E-007
          -3   1  6.128815498828784E-007
          -2   1  1.167425103494324E-006
          -1   1  9.928028831640259E-003
 time    700.00000000000000     
          -5   1  2.139588039523925E-007
          -4   1  3.291344351926976E-007
          -3   1  6.130425612948461E-007
          -2   1  1.165098526154807E-006
          -1   1  9.727839333389098E-003
 time    720.00000000000000     
          -5   1  2.142955942274171E-007
          -4   1  3.293319854871615E-007
          -3   1  6.131976865532551E-007
          -2   1  1.162934044112546E-006
          -1   1  9.537478592077467E-003
 time    740.00000000000000     
          -5   1  2.146209041040307E-007
          -4   1  3.295226722117600E-007
          -3   1  6.133472613714586E-007
          -2   1  1.160916235785750E-006
          -1   1  9.356205232593597E-003
 time    760.00000000000000     
          -5   1  2.149353589599705E-007
          -4   1  3.297068740818824E-007
          -3   1  6.134915958867028E-007
          -2   1  1.159031514829428E-006
          -1   1  9.183351999026926E-003
 time    780.00000000000000     
          -5   1  2.152395382495121E-007
          -4   1  3.298849417268975E-007
          -3   1  6.136309770413668E-007
          -2   1  1.157267870454355E-006
          -1   1  9.018316639027975E-003
 time    800.00000000000000     
          -5   1  2.155339796725628E-007
          -4   1  3.300572002542820E-007
          -3   1  6.137656707091821E-007
          -2   1  1.155614650005403E-006
          -1   1  8.860554106639881E-003
 time    820.00000000000000     
          -5   1  2.158191829004599E-007
          -4   1  3.302239515412511E-007
          -3   1  6.138959235959284E-007
          -2   1  1.154062376072650E-006
          -1   1  8.709569865948934E-003
 time    840.00000000000000     
          -5   1  2.160956129112450E-007
          -4   1  3.303854762859739E-007
          -3   1  6.140219649407986E-007
          -2   1  1.152602591968703E-006
          -1   1  8.564914118042834E-003
 time    860.00000000000000     
          -5   1  2.163637029805458E-007
          -4   1  3.305420358465548E-007
          -3   1  6.141440080416317E-007
          -2   1  1.151227730622521E-006
          -1   1  8.426176805767046E-003
 time    880.00000000000000     
          -5   1  2.166238573683433E-007
          -4   1  3.306938738924749E-007
          -3   1  6.142622516243541E-007
          -2   1  1.149931002894972E-006
          -1   1  8.292983276423459E-003
 time    900.00000000000000     
          -5   1  2.168764537367681E-007
          -4   1  3.308412178901031E-007
          -3   1  6.143768810745188E-007
          -2   1  1.148706302075318E-006
          -1   1  8.164990503230914E-003
 time    920.00000000000000     
          -5   1  2.171218453296220E-007
          -4   1  3.309842804411790E-007
          -3   1  6.144880695466096E-007
          -2   1  1.147548121916418E-006
          -1   1  8.041883783112842E-003
 time    940.00000000000000     
          -5   1  2.173603629404431E-007
          -4   1  3.311232604908176E-007
          -3   1  6.145959789648350E-007
          -2   1  1.146451486044287E-006
          -1   1  7.923373842007366E-003
 time    960.00000000000000     
          -5   1  2.175923166925919E-007
          -4   1  3.312583444195234E-007
          -3   1  6.147007609274715E-007
          -2   1  1.145411886961079E-006
          -1   1  7.809194290039729E-003
 time    980.00000000000000     
          -5   1  2.178179976519312E-007
          -4   1  3.313897070319344E-007
          -3   1  6.148025575253167E-007
          -2   1  1.144425233169669E-006
          -1   1  7.699099378049879E-003
 time    1000.0000000000000     
          -5   1  2.180376792901588E-007
          -4   1  3.315175124534579E-007
          -3   1  6.149015020835614E-007
          -2   1  1.143487803198525E-006
          -1   1  7.592862014517066E-003
 time    1050.0000000000000     
          -5   1  2.185563545306532E-007
          -4   1  3.318184199164430E-007
          -3   1  6.151335893337833E-007
          -2   1  1.141345881837746E-006
          -1   1  7.343972635393334E-003
 time    1100.0000000000000     
          -5   1  2.190450892074169E-007
          -4   1  3.321019086708515E-007
          -3   1  6.153519634192229E-007
          -2   1  1.139444195330160E-006
          -1   1  7.114791121192834E-003
 time    1150.0000000000000     
          -5   1  2.195056949440417E-007
          -4   1  3.323688776481528E-007
          -3   1  6.155572181439485E-007
          -2   1  1.137746038455237E-006
          -1   1  6.902953729278631E-003
 time    1200.0000000000000     
          -5   1  2.199404990290762E-007
          -4   1  3.326206640581899E-007
          -3   1  6.157503962032080E-007
          -2   1  1.136221900992113E-006
          -1   1  6.706467583012607E-003
 time    1250.0000000000000     
          -5   1  2.203516979482072E-007
          -4   1  3.328585555168056E-007
          -3   1  6.159325208977507E-007
          -2   1  1.134847609404436E-006
          -1   1  6.523639699589627E-003
 time    1300.0000000000000     
          -5   1  2.207412761527619E-007
          -4   1  3.330837223430394E-007
          -3   1  6.161045274439622E-007
          -2   1  1.133603157875958E-006
          -1   1  6.353022026354705E-003
 time    1350.0000000000000     
          -5   1  2.211110095692185E-007
          -4   1  3.332972142219849E-007
          -3   1  6.162672563208667E-007
          -2   1  1.132471854204003E-006
          -1   1  6.193368288624105E-003
 time    1400.0000000000000     
          -5   1  2.214624852281343E-007
          -4   1  3.334999699416928E-007
          -3   1  6.164214596984966E-007
          -2   1  1.131439670214515E-006
          -1   1  6.043599695787059E-003
 time    1450.0000000000000     
          -5   1  2.217971230183262E-007
          -4   1  3.336928295450608E-007
          -3   1  6.165678106550560E-007
          -2   1  1.130494738929954E-006
          -1   1  5.902777442511061E-003
 time    1500.0000000000000     
          -5   1  2.221161960250453E-007
          -4   1  3.338765460871227E-007
          -3   1  6.167069124045648E-007
          -2   1  1.129626960667619E-006
          -1   1  5.770080481597268E-003
 time    1550.0000000000000     
          -5   1  2.224208485980872E-007
          -4   1  3.340517962340500E-007
          -3   1  6.168393067320485E-007
          -2   1  1.128827691450514E-006
          -1   1  5.644787423946944E-003
 time    1600.0000000000000     
          -5   1  2.227121121013839E-007
          -4   1  3.342191895699479E-007
          -3   1  6.169654814511161E-007
          -2   1  1.128089494406616E-006
          -1   1  5.526261696485652E-003
 time    1650.0000000000000     
          -5   1  2.229909185431181E-007
          -4   1  3.343792766829392E-007
          -3   1  6.170858769069827E-007
          -2   1  1.127405939869954E-006
          -1   1  5.413939291966177E-003
 time    1700.0000000000000     
          -5   1  2.232581123468817E-007
          -4   1  3.345325561634481E-007
          -3   1  6.172008916158024E-007
          -2   1  1.126771443480886E-006
          -1   1  5.307318595870240E-003
 time    1750.0000000000000     
          -5   1  2.235144605208865E-007
          -4   1  3.346794806569318E-007
          -3   1  6.173108871471092E-007
          -2   1  1.126181134180385E-006
          -1   1  5.205951889379794E-003
 time    1800.0000000000000     
          -5   1  2.237606614571437E-007
          -4   1  3.348204621038355E-007
          -3   1  6.174161923525800E-007
          -2   1  1.125630745901625E-006
          -1   1  5.109438213638570E-003
 time    1850.0000000000000     
          -5   1  2.239973525621559E-007
          -4   1  3.349558762842635E-007
          -3   1  6.175171070340421E-007
          -2   1  1.125116528180226E-006
          -1   1  5.017417346452101E-003
 time    1900.0000000000000     
          -5   1  2.242251168912606E-007
          -4   1  3.350860667687165E-007
          -3   1  6.176139051316841E-007
          -2   1  1.124635171968804E-006
          -1   1  4.929564693357477E-003
 time    1950.0000000000000     
          -5   1  2.244444889324310E-007
          -4   1  3.352113483613059E-007
          -3   1  6.177068375018750E-007
          -2   1  1.124183747747189E-006
          -1   1  4.845586934397877E-003
 time    2000.0000000000000     
          -5   1  2.246559596626192E-007
          -4   1  3.353320101086636E-007
          -3   1  6.177961343436363E-007
          -2   1  1.123759653634815E-006
          -1   1  4.765218298725948E-003
 time    2050.0000000000000     
          -5   1  2.248599809804522E-007
          -4   1  3.354483179364698E-007
          -3   1  6.178820073238195E-007
          -2   1  1.123360571685014E-006
          -1   1  4.688217363376904E-003
 time    2100.0000000000000     
          -5   1  2.250569696028980E-007
          -4   1  3.355605169659378E-007
          -3   1  6.179646514433531E-007
          -2   1  1.122984430907497E-006
          -1   1  4.614364291720550E-003
 time    2150.0000000000000     
          -5   1  2.252473104999558E-007
          -4   1  3.356688335545396E-007
          -3   1  6.180442466804320E-007
          -2   1  1.122629375851379E-006
          -1   1  4.543458442365088E-003
 time    2200.0000000000000     
          -5   1  2.254313599301042E-007
          -4   1  3.357734770985070E-007
          -3   1  6.181209594410838E-007
          -2   1  1.122293739805554E-006
          -1   1  4.475316291509052E-003
 time    2250.0000000000000     
          -5   1  2.256094481297632E-007
          -4   1  3.358746416289735E-007
          -3   1  6.181949438429440E-007
          -2   1  1.121976021850581E-006
          -1   1  4.409769621580882E-003
 time    2300.0000000000000     
          -5   1  2.257818817021100E-007
          -4   1  3.359725072288929E-007
          -3   1  6.182663428542365E-007
          -2   1  1.121674867137128E-006
          -1   1  4.346663936972399E-003
 time    2350.0000000000000     
          -5   1  2.259489457439411E-007
          -4   1  3.360672412938792E-007
          -3   1  6.183352893067270E-007
          -2   1  1.121389049878484E-006
          -1   1  4.285857074153081E-003
 time    2400.0000000000000     
          -5   1  2.261109057436960E-007
          -4   1  3.361589996567830E-007
          -3   1  6.184019067987066E-007
          -2   1  1.121117458635067E-006
          -1   1  4.227217978748693E-003
 time    2450.0000000000000     
          -5   1  2.262680092790591E-007
          -4   1  3.362479275929825E-007
          -3   1  6.184663105017550E-007
          -2   1  1.120859083541692E-006
          -1   1  4.170625626516249E-003
 time    2500.0000000000000     
          -5   1  2.264204875385914E-007
          -4   1  3.363341607210140E-007
          -3   1  6.185286078831357E-007
          -2   1  1.120613005187504E-006
          -1   1  4.115968068732950E-003
 time    2550.0000000000000     
          -5   1  2.265685566884829E-007
          -4   1  3.364178258111269E-007
          -3   1  6.185888993539991E-007
          -2   1  1.120378384906641E-006
          -1   1  4.063141585485796E-003
 time    2600.0000000000000     
          -5   1  2.267124191026711E-007
          -4   1  3.364990415126677E-007
          -3   1  6.186472788522291E-007
          -2   1  1.120154456277029E-006
          -1   1  4.012049932816395E-003
 time    2650.0000000000000     
          -5   1  2.268522644721450E-007
          -4   1  3.365779190097243E-007
          -3   1  6.187038343675408E-007
          -2   1  1.119940517657098E-006
          -1   1  3.962603671735253E-003
 time    2700.0000000000000     
          -5   1  2.269882708071878E-007
          -4   1  3.366545626132310E-007
          -3   1  6.187586484154731E-007
          -2   1  1.119735925616894E-006
          -1   1  3.914719568844609E-003
 time    2750.0000000000000     
          -5   1  2.271206053445401E-007
          -4   1  3.367290702966828E-007
          -3   1  6.188117984660463E-007
          -2   1  1.119540089142128E-006
          -1   1  3.868320059758780E-003
 time    2800.0000000000000     
          -5   1  2.272494253699502E-007
          -4   1  3.368015341816824E-007
          -3   1  6.188633573321042E-007
          -2   1  1.119352464508090E-006
          -1   1  3.823332767733541E-003
 time    2850.0000000000000     
          -5   1  2.273748789652762E-007
          -4   1  3.368720409787868E-007
          -3   1  6.189133935217522E-007
          -2   1  1.119172550735639E-006
          -1   1  3.779690070950664E-003
 time    2900.0000000000000     
          -5   1  2.274971056881759E-007
          -4   1  3.369406723884247E-007
          -3   1  6.189619715587462E-007
          -2   1  1.118999885554336E-006
          -1   1  3.737328712781677E-003
 time    2950.0000000000000     
          -5   1  2.276162371914552E-007
          -4   1  3.370075054660957E-007
          -3   1  6.190091522742210E-007
          -2   1  1.118834041808470E-006
          -1   1  3.696189450102360E-003
 time    3000.0000000000000     
          -5   1  2.277323977883028E-007
          -4   1  3.370726129555498E-007
          -3   1  6.190549930727358E-007
          -2   1  1.118674624250895E-006
          -1   1  3.656216735367746E-003
 time    3050.0000000000000     
          -5   1  2.278457049689099E-007
          -4   1  3.371360635932128E-007
          -3   1  6.190995481752700E-007
          -2   1  1.118521266677121E-006
          -1   1  3.617358428703748E-003
 time    3100.0000000000000     
          -5   1  2.279562698733408E-007
          -4   1  3.371979223867483E-007
          -3   1  6.191428688414978E-007
          -2   1  1.118373629358722E-006
          -1   1  3.579565536740578E-003
 time    3150.0000000000000     
          -5   1  2.280641977249652E-007
          -4   1  3.372582508703136E-007
          -3   1  6.191850035733878E-007
          -2   1  1.118231396740512E-006
          -1   1  3.542791975317084E-003
 time    3200.0000000000000     
          -5   1  2.281695882282822E-007
          -4   1  3.373171073387776E-007
          -3   1  6.192259983019695E-007
          -2   1  1.118094275370731E-006
          -1   1  3.506994353533314E-003
 time    3300.0000000000000     
          -5   1  2.283718668255072E-007
          -4   1  3.374298009315789E-007
          -3   1  6.193040471796018E-007
          -2   1  1.117834658145459E-006
          -1   1  3.438363581174485E-003
 time    3400.0000000000000     
          -5   1  2.285654818438273E-007
          -4   1  3.375375236641133E-007
          -3   1  6.193782951477525E-007
          -2   1  1.117592509741508E-006
          -1   1  3.373149684738981E-003
 time    3500.0000000000000     
          -5   1  2.287508404160688E-007
          -4   1  3.376404824418148E-007
          -3   1  6.194488810389697E-007
          -2   1  1.117366010558607E-006
          -1   1  3.311087815911311E-003
 time    3600.0000000000000     
          -5   1  2.289284492851977E-007
          -4   1  3.377389645686353E-007
          -3   1  6.195160240122387E-007
          -2   1  1.117153637599316E-006
          -1   1  3.251940647296053E-003
 time    3700.0000000000000     
          -5   1  2.290987979407118E-007
          -4   1  3.378332521205374E-007
          -3   1  6.195799427886015E-007
          -2   1  1.116954065805078E-006
          -1   1  3.195494713434956E-003
 time    3800.0000000000000     
          -5   1  2.292623417996651E-007
          -4   1  3.379236088840171E-007
          -3   1  6.196408428864845E-007
          -2   1  1.116766129957584E-006
          -1   1  3.141557429015419E-003
 time    3900.0000000000000     
          -5   1  2.294195008058799E-007
          -4   1  3.380102786152225E-007
          -3   1  6.196989145495125E-007
          -2   1  1.116588799741150E-006
          -1   1  3.089954562455093E-003
 time    4000.0000000000000     
          -5   1  2.295706613985691E-007
          -4   1  3.380934858478697E-007
          -3   1  6.197543331267840E-007
          -2   1  1.116421160460329E-006
          -1   1  3.040528072371961E-003
 time    4100.0000000000000     
          -5   1  2.297161792318987E-007
          -4   1  3.381734373293865E-007
          -3   1  6.198072600926469E-007
          -2   1  1.116262397292034E-006
          -1   1  2.993134245311482E-003
 time    4200.0000000000000     
          -5   1  2.298563819399831E-007
          -4   1  3.382503235590411E-007
          -3   1  6.198578442039167E-007
          -2   1  1.116111782142165E-006
          -1   1  2.947642086447107E-003
 time    4300.0000000000000     
          -5   1  2.299915717358719E-007
          -4   1  3.383243202638053E-007
          -3   1  6.199062226339577E-007
          -2   1  1.115968662553569E-006
          -1   1  2.903931923905131E-003
 time    4400.0000000000000     
          -5   1  2.301220277852290E-007
          -4   1  3.383955897602894E-007
          -3   1  6.199525220299431E-007
          -2   1  1.115832452278062E-006
          -1   1  2.861894194252286E-003
 time    4500.0000000000000     
          -5   1  2.302480083481667E-007
          -4   1  3.384642821909416E-007
          -3   1  6.199968594779746E-007
          -2   1  1.115702623219532E-006
          -1   1  2.821428382205950E-003
 time    4600.0000000000000     
          -5   1  2.303697527018153E-007
          -4   1  3.385305366377772E-007
          -3   1  6.200393433755472E-007
          -2   1  1.115578698517641E-006
          -1   1  2.782442092109808E-003
 time    4700.0000000000000     
          -5   1  2.304874828626478E-007
          -4   1  3.385944821225153E-007
          -3   1  6.200800742167320E-007
          -2   1  1.115460246587085E-006
          -1   1  2.744850232380776E-003
 time    4800.0000000000000     
          -5   1  2.306014051288990E-007
          -4   1  3.386562385037175E-007
          -3   1  6.201191452974845E-007
          -2   1  1.115346875961781E-006
          -1   1  2.708574297138712E-003
 time    4900.0000000000000     
          -5   1  2.307117114626521E-007
          -4   1  3.387159172816052E-007
          -3   1  6.201566433489637E-007
          -2   1  1.115238230820325E-006
          -1   1  2.673541731707248E-003
 time    5000.0000000000000     
          -5   1  2.308185807295749E-007
          -4   1  3.387736223205737E-007
          -3   1  6.201926491064234E-007
          -2   1  1.115133987090437E-006
          -1   1  2.639685370722391E-003
 time    5100.0000000000000     
          -5   1  2.309221798124691E-007
          -4   1  3.388294504985604E-007
          -3   1  6.202272378207132E-007
          -2   1  1.115033849047381E-006
          -1   1  2.606942939286299E-003
 time    5200.0000000000000     
          -5   1  2.310226646129865E-007
          -4   1  3.388834922914477E-007
          -3   1  6.202604797187010E-007
          -2   1  1.114937546335285E-006
          -1   1  2.575256609020374E-003
 time    5300.0000000000000     
          -5   1  2.311201809541764E-007
          -4   1  3.389358322997769E-007
          -3   1  6.202924404182989E-007
          -2   1  1.114844831351751E-006
          -1   1  2.544572602056818E-003
 time    5400.0000000000000     
          -5   1  2.312148653950130E-007
          -4   1  3.389865497242034E-007
          -3   1  6.203231813030903E-007
          -2   1  1.114755476945478E-006
          -1   1  2.514840837001825E-003
 time    5500.0000000000000     
          -5   1  2.313068459666843E-007
          -4   1  3.390357187953473E-007
          -3   1  6.203527598610190E-007
          -2   1  1.114669274384445E-006
          -1   1  2.486014611740550E-003
 time    5600.0000000000000     
          -5   1  2.313962428392478E-007
          -4   1  3.390834091630308E-007
          -3   1  6.203812299910399E-007
          -2   1  1.114586031558576E-006
          -1   1  2.458050318660917E-003
 time    5700.0000000000000     
          -5   1  2.314831689262054E-007
          -4   1  3.391296862492889E-007
          -3   1  6.204086422811847E-007
          -2   1  1.114505571386184E-006
          -1   1  2.430907188472202E-003
 time    5800.0000000000000     
          -5   1  2.315677304336449E-007
          -4   1  3.391746115690172E-007
          -3   1  6.204350442610913E-007
          -2   1  1.114427730397995E-006
          -1   1  2.404547059303318E-003
 time    5900.0000000000000     
          -5   1  2.316500273597983E-007
          -4   1  3.392182430216691E-007
          -3   1  6.204604806316831E-007
          -2   1  1.114352357476287E-006
          -1   1  2.378934168199652E-003
 time    6000.0000000000000     
          -5   1  2.317301539501847E-007
          -4   1  3.392606351570052E-007
          -3   1  6.204849934743673E-007
          -2   1  1.114279312729857E-006
          -1   1  2.354034962507960E-003
 time    6100.0000000000000     
          -5   1  2.318081991128886E-007
          -4   1  3.393018394175567E-007
          -3   1  6.205086224418493E-007
          -2   1  1.114208466488208E-006
          -1   1  2.329817928956843E-003
 time    6200.0000000000000     
          -5   1  2.318842467980122E-007
          -4   1  3.393419043601546E-007
          -3   1  6.205314049324290E-007
          -2   1  1.114139698400602E-006
          -1   1  2.306253438513314E-003
 time    6300.0000000000000     
          -5   1  2.319583763448767E-007
          -4   1  3.393808758586137E-007
          -3   1  6.205533762494186E-007
          -2   1  1.114072896627563E-006
          -1   1  2.283313605331383E-003
 time    6400.0000000000000     
          -5   1  2.320306628001371E-007
          -4   1  3.394187972894171E-007
          -3   1  6.205745697471485E-007
          -2   1  1.114007957114056E-006
          -1   1  2.260972158311891E-003
 time    6500.0000000000000     
          -5   1  2.321011772096394E-007
          -4   1  3.394557097020582E-007
          -3   1  6.205950169648632E-007
          -2   1  1.113944782934959E-006
          -1   1  2.239204323968694E-003
 time    6600.0000000000000     
          -5   1  2.321699868865247E-007
          -4   1  3.394916519754970E-007
          -3   1  6.206147477496615E-007
          -2   1  1.113883283704659E-006
          -1   1  2.217986719449176E-003
 time    6700.0000000000000     
          -5   1  2.322371556578229E-007
          -4   1  3.395266609620471E-007
          -3   1  6.206337903695263E-007
          -2   1  1.113823375043624E-006
          -1   1  2.197297254689820E-003
 time    6800.0000000000000     
          -5   1  2.323027440915353E-007
          -4   1  3.395607716198610E-007
          -3   1  6.206521716173572E-007
          -2   1  1.113764978095704E-006
          -1   1  2.177115042803418E-003
 time    6900.0000000000000     
          -5   1  2.323668097059973E-007
          -4   1  3.395940171350564E-007
          -3   1  6.206699169068375E-007
          -2   1  1.113708019090678E-006
          -1   1  2.157420317895635E-003
 time    7000.0000000000000     
          -5   1  2.324294071631242E-007
          -4   1  3.396264290344258E-007
          -3   1  6.206870503608720E-007
          -2   1  1.113652428947195E-006
          -1   1  2.138194359597240E-003
 time    7100.0000000000000     
          -5   1  2.324905884469802E-007
          -4   1  3.396580372895724E-007
          -3   1  6.207035948932756E-007
          -2   1  1.113598142911910E-006
          -1   1  2.119419423675908E-003
 time    7200.0000000000000     
          -5   1  2.325504030289640E-007
          -4   1  3.396888704132194E-007
          -3   1  6.207195722842865E-007
          -2   1  1.113545100231007E-006
          -1   1  2.101078678159844E-003
 time    7300.0000000000000     
          -5   1  2.326088980207764E-007
          -4   1  3.397189555483857E-007
          -3   1  6.207350032504620E-007
          -2   1  1.113493243850850E-006
          -1   1  2.083156144465505E-003
 time    7400.0000000000000     
          -5   1  2.326661183162175E-007
          -4   1  3.397483185510343E-007
          -3   1  6.207499075094330E-007
          -2   1  1.113442520144774E-006
          -1   1  2.065636643074745E-003
 time    7500.0000000000000     
          -5   1  2.327221067227632E-007
          -4   1  3.397769840667496E-007
          -3   1  6.207643038399594E-007
          -2   1  1.113392878663461E-006
          -1   1  2.048505743353552E-003
 time    7600.0000000000000     
          -5   1  2.327769040837747E-007
          -4   1  3.398049756019425E-007
          -3   1  6.207782101376743E-007
          -2   1  1.113344271906542E-006
          -1   1  2.031749717145953E-003
 time    7700.0000000000000     
          -5   1  2.328305493921175E-007
          -4   1  3.398323155900383E-007
          -3   1  6.207916434668746E-007
          -2   1  1.113296655113387E-006
          -1   1  2.015355495813497E-003
 time    7800.0000000000000     
          -5   1  2.328830798958905E-007
          -4   1  3.398590254530591E-007
          -3   1  6.208046201087028E-007
          -2   1  1.113249986071261E-006
          -1   1  1.999310630423391E-003
 time    8000.0000000000000     
          -5   1  2.329844351540432E-007
          -4   1  3.399103294469006E-007
          -3   1  6.208290392924348E-007
          -2   1  1.113159434542958E-006
          -1   1  1.968300972113958E-003
 time    8200.0000000000000     
          -5   1  2.330818837068025E-007
          -4   1  3.399594471482763E-007
          -3   1  6.208518989243210E-007
          -2   1  1.113072265765767E-006
          -1   1  1.938545249230263E-003
 time    8400.0000000000000     
          -5   1  2.331755904166958E-007
          -4   1  3.400064621781189E-007
          -3   1  6.208732527709157E-007
          -2   1  1.112988179346456E-006
          -1   1  1.909963610859069E-003
 time    8600.0000000000000     
          -5   1  2.332657589109640E-007
          -4   1  3.400514887041718E-007
          -3   1  6.208931848343538E-007
          -2   1  1.112906932582505E-006
          -1   1  1.882483088582146E-003
 time    8800.0000000000000     
          -5   1  2.333525854456212E-007
          -4   1  3.400946380770891E-007
          -3   1  6.209117781332423E-007
          -2   1  1.112828311511014E-006
          -1   1  1.856036816976204E-003
 time    9000.0000000000000     
          -5   1  2.334362538923251E-007
          -4   1  3.401360149852016E-007
          -3   1  6.209291109649013E-007
          -2   1  1.112752124498921E-006
          -1   1  1.830563396115773E-003
 time    9200.0000000000000     
          -5   1  2.335169354942806E-007
          -4   1  3.401757170636749E-007
          -3   1  6.209452564026475E-007
          -2   1  1.112678198882495E-006
          -1   1  1.806006336407168E-003
 time    9400.0000000000000     
          -5   1  2.335947894918330E-007
          -4   1  3.402138351543813E-007
          -3   1  6.209602824154239E-007
          -2   1  1.112606378494817E-006
          -1   1  1.782313570428055E-003
 time    9600.0000000000000     
          -5   1  2.336699639575378E-007
          -4   1  3.402504537381992E-007
          -3   1  6.209742521618884E-007
          -2   1  1.112536521665002E-006
          -1   1  1.759437022230700E-003
 time    9800.0000000000000     
          -5   1  2.337425966619293E-007
          -4   1  3.402856514081029E-007
          -3   1  6.209872243343626E-007
          -2   1  1.112468499541014E-006
          -1   1  1.737332226354073E-003
 time    10000.000000000000     
          -5   1  2.338128159067535E-007
          -4   1  3.403195013350519E-007
          -3   1  6.209992535063509E-007
          -2   1  1.112402194658293E-006
          -1   1  1.715957989979492E-003
 time    10200.000000000000     
          -5   1  2.338807413024028E-007
          -4   1  3.403520717078627E-007
          -3   1  6.210103904647903E-007
          -2   1  1.112337499704813E-006
          -1   1  1.695276092629970E-003
 time    10400.000000000000     
          -5   1  2.339464844827008E-007
          -4   1  3.403834261403749E-007
          -3   1  6.210206825197040E-007
          -2   1  1.112274316447781E-006
          -1   1  1.675251018622980E-003
 time    10600.000000000000     
          -5   1  2.340101497573085E-007
          -4   1  3.404136240446080E-007
          -3   1  6.210301737890824E-007
          -2   1  1.112212554795748E-006
          -1   1  1.655849718169005E-003
 time    10800.000000000000     
          -5   1  2.340718347050879E-007
          -4   1  3.404427209710222E-007
          -3   1  6.210389054592432E-007
          -2   1  1.112152131975561E-006
          -1   1  1.637041393585121E-003
 time    11000.000000000000     
          -5   1  2.341316307129422E-007
          -4   1  3.404707689180148E-007
          -3   1  6.210469160219392E-007
          -2   1  1.112092971807480E-006
          -1   1  1.618797307581185E-003
 time    11200.000000000000     
          -5   1  2.341896234649637E-007
          -4   1  3.404978166131751E-007
          -3   1  6.210542414899618E-007
          -2   1  1.112035004064801E-006
          -1   1  1.601090610990587E-003
 time    11400.000000000000     
          -5   1  2.342458933866042E-007
          -4   1  3.405239097688373E-007
          -3   1  6.210609155930798E-007
          -2   1  1.111978163906520E-006
          -1   1  1.583896187669666E-003
 time    11600.000000000000     
          -5   1  2.343005160482915E-007
          -4   1  3.405490913143941E-007
          -3   1  6.210669699561437E-007
          -2   1  1.111922391373465E-006
          -1   1  1.567190514590089E-003
 time    11800.000000000000     
          -5   1  2.343535625325416E-007
          -4   1  3.405734016076393E-007
          -3   1  6.210724342610589E-007
          -2   1  1.111867630939675E-006
          -1   1  1.550951535404877E-003
 time    12000.000000000000     
          -5   1  2.344050997682391E-007
          -4   1  3.405968786272150E-007
          -3   1  6.210773363942148E-007
          -2   1  1.111813831112119E-006
          -1   1  1.535158545988395E-003
 time    12200.000000000000     
          -5   1  2.344551908353808E-007
          -4   1  3.406195581480492E-007
          -3   1  6.210817025808033E-007
          -2   1  1.111760944072781E-006
          -1   1  1.519792090639089E-003
 time    12400.000000000000     
          -5   1  2.345038952432372E-007
          -4   1  3.406414739014690E-007
          -3   1  6.210855575073252E-007
          -2   1  1.111708925357954E-006
          -1   1  1.504833867796011E-003
 time    12600.000000000000     
          -5   1  2.345512691845698E-007
          -4   1  3.406626577215015E-007
          -3   1  6.210889244334492E-007
          -2   1  1.111657733570347E-006
          -1   1  1.490266644260142E-003
 time    12800.000000000000     
          -5   1  2.345973657682601E-007
          -4   1  3.406831396787230E-007
          -3   1  6.210918252942698E-007
          -2   1  1.111607330120170E-006
          -1   1  1.476074177032553E-003
 time    13000.000000000000     
          -5   1  2.346422352324476E-007
          -4   1  3.407029482028584E-007
          -3   1  6.210942807938943E-007
          -2   1  1.111557678991828E-006
          -1   1  1.462241141986276E-003
 time    13200.000000000000     
          -5   1  2.346859251400574E-007
          -4   1  3.407221101952166E-007
          -3   1  6.210963104911977E-007
          -2   1  1.111508746533380E-006
          -1   1  1.448753068679970E-003
 time    13400.000000000000     
          -5   1  2.347284805583914E-007
          -4   1  3.407406511319322E-007
          -3   1  6.210979328784987E-007
          -2   1  1.111460501266184E-006
          -1   1  1.435596280700728E-003
 time    13600.000000000000     
          -5   1  2.347699442242770E-007
          -4   1  3.407585951588696E-007
          -3   1  6.210991654538120E-007
          -2   1  1.111412913712542E-006
          -1   1  1.422757840992595E-003
 time    13800.000000000000     
          -5   1  2.348103566961195E-007
          -4   1  3.407759651789715E-007
          -3   1  6.211000247872912E-007
          -2   1  1.111365956239388E-006
          -1   1  1.410225501687876E-003
 time    14000.000000000000     
          -5   1  2.348497564940556E-007
          -4   1  3.407927829327436E-007
          -3   1  6.211005265823918E-007
          -2   1  1.111319602916316E-006
          -1   1  1.397987658011303E-003
 time    14200.000000000000     
          -5   1  2.348881802292856E-007
          -4   1  3.408090690724960E-007
          -3   1  6.211006857322334E-007
          -2   1  1.111273829386446E-006
          -1   1  1.386033305873709E-003
 time    14400.000000000000     
          -5   1  2.349256627235530E-007
          -4   1  3.408248432309040E-007
          -3   1  6.211005163716011E-007
          -2   1  1.111228612748795E-006
          -1   1  1.374352002812656E-003
 time    14600.000000000000     
          -5   1  2.349622371196399E-007
          -4   1  3.408401240843881E-007
          -3   1  6.211000319249732E-007
          -2   1  1.111183931450990E-006
          -1   1  1.362933831973668E-003
 time    14800.000000000000     
          -5   1  2.349979349836629E-007
          -4   1  3.408549294117699E-007
          -3   1  6.210992451509161E-007
          -2   1  1.111139765191278E-006
          -1   1  1.351769368857395E-003
 time    15000.000000000000     
          -5   1  2.350327863998743E-007
          -4   1  3.408692761486066E-007
          -3   1  6.210981681831798E-007
          -2   1  1.111096094828907E-006
          -1   1  1.340849650586278E-003
 time    15200.000000000000     
          -5   1  2.350668200586074E-007
          -4   1  3.408831804375770E-007
          -3   1  6.210968125687562E-007
          -2   1  1.111052902302068E-006
          -1   1  1.330166147469115E-003
 time    15400.000000000000     
          -5   1  2.351000633379409E-007
          -4   1  3.408966576752539E-007
          -3   1  6.210951893031813E-007
          -2   1  1.111010170552662E-006
          -1   1  1.319710736664149E-003
 time    15600.000000000000     
          -5   1  2.351325423796031E-007
          -4   1  3.409097225555544E-007
          -3   1  6.210933088632927E-007
          -2   1  1.110967883457246E-006
          -1   1  1.309475677760804E-003
 time    15800.000000000000     
          -5   1  2.351642821595907E-007
          -4   1  3.409223891101530E-007
          -3   1  6.210911812376668E-007
          -2   1  1.110926025763578E-006
          -1   1  1.299453590117828E-003
 time    16000.000000000000     
          -5   1  2.351953065539273E-007
          -4   1  3.409346707460963E-007
          -3   1  6.210888159549191E-007
          -2   1  1.110884583032225E-006
          -1   1  1.289637431811095E-003
 time    16200.000000000000     
          -5   1  2.352256383999527E-007
          -4   1  3.409465802808488E-007
          -3   1  6.210862221100447E-007
          -2   1  1.110843541582805E-006
          -1   1  1.280020480058263E-003
 time    16400.000000000000     
          -5   1  2.352552995534964E-007
          -4   1  3.409581299749711E-007
          -3   1  6.210834083889547E-007
          -2   1  1.110802888444406E-006
          -1   1  1.270596312999951E-003
 time    16600.000000000000     
          -5   1  2.352843109422560E-007
          -4   1  3.409693315626180E-007
          -3   1  6.210803830913517E-007
          -2   1  1.110762611309822E-006
          -1   1  1.261358792728199E-003
 time    16800.000000000000     
          -5   1  2.353126926156756E-007
          -4   1  3.409801962800234E-007
          -3   1  6.210771541520704E-007
          -2   1  1.110722698493292E-006
          -1   1  1.252302049463019E-003
 time    17000.000000000000     
          -5   1  2.353404637915892E-007
          -4   1  3.409907348921310E-007
          -3   1  6.210737291610127E-007
          -2   1  1.110683138891386E-006
          -1   1  1.243420466786741E-003
 time    17200.000000000000     
          -5   1  2.353676428998776E-007
          -4   1  3.410009577175086E-007
          -3   1  6.210701153817766E-007
          -2   1  1.110643921946827E-006
          -1   1  1.234708667854010E-003
 time    17400.000000000000     
          -5   1  2.353942476233564E-007
          -4   1  3.410108746516711E-007
          -3   1  6.210663197690748E-007
          -2   1  1.110605037614941E-006
          -1   1  1.226161502502452E-003
 time    17600.000000000000     
          -5   1  2.354202949361048E-007
          -4   1  3.410204951889385E-007
          -3   1  6.210623489850474E-007
          -2   1  1.110566476332562E-006
          -1   1  1.217774035195658E-003
 time    17800.000000000000     
          -5   1  2.354458011394198E-007
          -4   1  3.410298284429315E-007
          -3   1  6.210582094145341E-007
          -2   1  1.110528228989145E-006
          -1   1  1.209541533735986E-003
 time    18000.000000000000     
          -5   1  2.354707818955659E-007
          -4   1  3.410388831658005E-007
          -3   1  6.210539071793984E-007
          -2   1  1.110490286899955E-006
          -1   1  1.201459458690010E-003
 time    18200.000000000000     
          -5   1  2.354952522594829E-007
          -4   1  3.410476677662885E-007
          -3   1  6.210494481519583E-007
          -2   1  1.110452641781104E-006
          -1   1  1.193523453474323E-003
 time    18400.000000000000     
          -5   1  2.355192267085902E-007
          -4   1  3.410561903266996E-007
          -3   1  6.210448379675967E-007
          -2   1  1.110415285726341E-006
          -1   1  1.185729335053705E-003
 time    18600.000000000000     
          -5   1  2.355427191708244E-007
          -4   1  3.410644586188592E-007
          -3   1  6.210400820366078E-007
          -2   1  1.110378211185415E-006
          -1   1  1.178073085207667E-003
 time    18800.000000000000     
          -5   1  2.355657430510334E-007
          -4   1  3.410724801191298E-007
          -3   1  6.210351855553302E-007
          -2   1  1.110341410943916E-006
          -1   1  1.170550842324978E-003
 time    19000.000000000000     
          -5   1  2.355883112558363E-007
          -4   1  3.410802620225520E-007
          -3   1  6.210301535166274E-007
          -2   1  1.110304878104470E-006
          -1   1  1.163158893689041E-003
 time    19200.000000000000     
          -5   1  2.356104362170559E-007
          -4   1  3.410878112561670E-007
          -3   1  6.210249907197361E-007
          -2   1  1.110268606069160E-006
          -1   1  1.155893668219933E-003
 time    19400.000000000000     
          -5   1  2.356321299138179E-007
          -4   1  3.410951344915767E-007
          -3   1  6.210197017795605E-007
          -2   1  1.110232588523129E-006
          -1   1  1.148751729641681E-003
 time    19600.000000000000     
          -5   1  2.356534038934080E-007
          -4   1  3.411022381567955E-007
          -3   1  6.210142911354186E-007
          -2   1  1.110196819419223E-006
          -1   1  1.141729770045755E-003
 time    19800.000000000000     
          -5   1  2.356742692909645E-007
          -4   1  3.411091284474330E-007
          -3   1  6.210087630592919E-007
          -2   1  1.110161292963633E-006
          -1   1  1.134824603824059E-003
 time    20000.000000000000     
          -5   1  2.356947368480870E-007
          -4   1  3.411158113372619E-007
          -3   1  6.210031216636150E-007
          -2   1  1.110126003602452E-006
          -1   1  1.128033161946716E-003
