! time                    int_density             frank_density           perfect_density         vac_density             faulted_density         void_density            
  0.000000000000000E+000  0.000000000000000E+000  0.000000000000000E+000  0.000000000000000E+000  2.140585232712487E-007  0.000000000000000E+000  0.000000000000000E+000
  1.000000000000001E-001  4.847143155811922E-004  8.836127812447500E-004  6.634363651625412E-004  3.593870166441925E-002  3.952652777187522E-004  2.015980883345258E-011
  2.000000000000001E-001  3.603306998839859E-004  1.634455028674372E-003  5.370083015783258E-004  5.621137786206164E-002  7.195526596154069E-004  3.210701734434485E-011
  3.000000000000002E-001  2.977016776684686E-004  2.315593196389668E-003  4.370832674966014E-004  7.175657429273262E-002  1.015838924937926E-003  4.143595958466498E-011
  4.000000000000003E-001  2.592124851222759E-004  2.949099903282752E-003  3.629403679837526E-004  8.460039402964982E-002  1.296967704268178E-003  4.920861582085320E-011
  5.000000000000003E-001  2.327534315807794E-004  3.544507754082862E-003  3.084065295138760E-004  9.566438245312557E-002  1.569690246555107E-003  5.592269632240144E-011
  6.000000000000004E-001  2.134306709120559E-004  4.105239957888297E-003  2.697200607782030E-004  1.053306916285127E-001  1.837012936784849E-003  6.178597369890753E-011
  7.000000000000005E-001  1.987919226412679E-004  4.633457616413062E-003  2.426866001970958E-004  1.138032723510139E-001  2.100283015969394E-003  6.691453155099466E-011
  8.000000000000006E-001  1.875875023077615E-004  5.126865045005251E-003  2.237698885835660E-004  1.210752750856690E-001  2.359569318517652E-003  7.130406706873102E-011
  9.000000000000007E-001  1.786802101744684E-004  5.592113032335333E-003  2.094351698142053E-004  1.274217829268217E-001  2.615804501408318E-003  7.512655419099150E-011
  1.000000000000001E+000  1.714919984314562E-004  6.031083907553319E-003  1.982353440290735E-004  1.329320213181527E-001  2.869269987305451E-003  7.843901715917376E-011
  1.100000000000001E+000  1.656129327111077E-004  6.445740615950878E-003  1.892309092782325E-004  1.376885956793529E-001  3.120176806928963E-003  8.129463299452736E-011
  1.200000000000001E+000  1.607484294240050E-004  6.838090687447326E-003  1.818239699667993E-004  1.417686091951147E-001  3.368679308711508E-003  8.374302954177718E-011
  1.300000000000001E+000  1.566820175761177E-004  7.210138397898822E-003  1.756207148022854E-004  1.452438169233210E-001  3.614883014169822E-003  8.583009414477992E-011
  1.400000000000001E+000  1.532514400166228E-004  7.563838210036768E-003  1.703491813784611E-004  1.481806749328608E-001  3.858853980139047E-003  8.759790336000031E-011
  1.500000000000001E+000  1.503329138615857E-004  7.901056073514788E-003  1.658134487603659E-004  1.506404104849043E-001  4.100628633983796E-003  8.908477266690140E-011
  1.600000000000001E+000  1.478305246202810E-004  8.223541131584447E-003  1.618677344271087E-004  1.526791230990820E-001  4.340222621310251E-003  9.032538042381643E-011
  1.700000000000001E+000  1.456689257085352E-004  8.532907884723375E-003  1.584009217695646E-004  1.543479210658665E-001  4.577638071041998E-003  9.135093679729050E-011
  1.800000000000001E+000  1.437882123777293E-004  8.830627487160058E-003  1.553267457246562E-004  1.556930979447714E-001  4.812869260643921E-003  9.218938179581146E-011
  1.900000000000001E+000  1.421402562396433E-004  9.118026285435390E-003  1.525772516710082E-004  1.567563487808649E-001  5.045906887902444E-003  9.286560222967519E-011
  2.000000000000001E+000  1.407154091553912E-004  9.394387649503242E-003  1.501337539499696E-004  1.575275417231141E-001  5.276168227813075E-003  9.337493073824763E-011
  2.100000000000001E+000  1.394426385246994E-004  9.663089903404068E-003  1.479033564421684E-004  1.581021137876824E-001  5.504201858125647E-003  9.377210716031472E-011
  2.200000000000002E+000  1.382983537279154E-004  9.924976358330758E-003  1.458561778818950E-004  1.585065358470073E-001  5.730008931424791E-003  9.407236075010404E-011
  2.300000000000002E+000  1.372627491240661E-004  1.018079063526638E-002  1.439658431267910E-004  1.587642792084309E-001  5.953594965837430E-003  9.428910240331143E-011
  2.400000000000002E+000  1.363192662034452E-004  1.043118633746223E-002  1.422102245536265E-004  1.588960723580472E-001  6.174970138040411E-003  9.443411073384529E-011
  2.500000000000002E+000  1.354540241718401E-004  1.067673640442307E-002  1.405708683485607E-004  1.589201445525536E-001  6.394149198591223E-003  9.451769138916375E-011
  2.600000000000002E+000  1.346553592527177E-004  1.091794197300112E-002  1.390323554897096E-004  1.588524614391678E-001  6.611151253753754E-003  9.454882729760062E-011
  2.700000000000002E+000  1.339134526620869E-004  1.115524063008387E-002  1.375817606980696E-004  1.587069508504815E-001  6.825999472497330E-003  9.453532020898419E-011
  2.800000000000002E+000  1.332200277441731E-004  1.138901399342496E-002  1.362082133047280E-004  1.584957165632225E-001  7.038720743351922E-003  9.448392270632436E-011
  2.900000000000002E+000  1.325681013573854E-004  1.161959459756896E-002  1.349025419920729E-004  1.582292383974734E-001  7.249345298422022E-003  9.440046011021322E-011
  3.000000000000002E+000  1.319517782622742E-004  1.184727209102669E-002  1.336569860380310E-004  1.579165576717187E-001  7.457906319040348E-003  9.428994205441613E-011
  3.100000000000002E+000  1.313660799748673E-004  1.207229877076489E-002  1.324649592559114E-004  1.575654475703390E-001  7.664439535358922E-003  9.415666380646340E-011
  3.200000000000002E+000  1.308068015427957E-004  1.229489449275607E-002  1.313208559891553E-004  1.571825684106586E-001  7.868982830065889E-003  9.400429762710983E-011
  3.300000000000002E+000  1.302703911729763E-004  1.251525100463506E-002  1.302198909482698E-004  1.567736081278985E-001  8.071575854388171E-003  9.383597461862390E-011
  3.400000000000003E+000  1.297538487321736E-004  1.273353574993378E-002  1.291579664938638E-004  1.563434085432663E-001  8.272259662659862E-003  9.365435761712904E-011
  3.500000000000003E+000  1.292546399594992E-004  1.294989519408269E-002  1.281315623322326E-004  1.558960781569277E-001  8.471076370049624E-003  9.346170574978872E-011
  3.600000000000003E+000  1.287706238477565E-004  1.316445772125597E-002  1.271376436213617E-004  1.554350923261566E-001  8.668068836568602E-003  9.325993131241817E-011
  3.700000000000003E+000  1.282999911225043E-004  1.337733614884168E-002  1.261735842746359E-004  1.549633817603626E-001  8.863280379227824E-003  9.305064963425609E-011
  3.800000000000003E+000  1.278412121128077E-004  1.358862990330443E-002  1.252371028607029E-004  1.544834102982626E-001  9.056754513173207E-003  9.283522258980552E-011
  3.900000000000003E+000  1.273929925939947E-004  1.379842689780659E-002  1.243262089765303E-004  1.539972429362305E-001  9.248534721783032E-003  9.261479639745238E-011
  4.000000000000003E+000  1.269542364106628E-004  1.400680514839549E-002  1.234391583496664E-004  1.535066050576629E-001  9.438664255048815E-003  9.239033431469479E-011
  4.100000000000002E+000  1.265240138723370E-004  1.421383416200813E-002  1.225744152289968E-004  1.530129337768618E-001  9.627185955056036E-003  9.216264480327585E-011
  4.200000000000002E+000  1.261015350651415E-004  1.441957612609625E-002  1.217306208683788E-004  1.525174222623389E-001  9.814142107015030E-003  9.193240569674364E-011
  4.300000000000002E+000  1.256861273482667E-004  1.462408692640362E-002  1.209065671073765E-004  1.520210578476371E-001  9.999574314044139E-003  9.170018485991835E-011
  4.400000000000001E+000  1.252772164094329E-004  1.482741701637361E-002  1.201011742175158E-004  1.515246546760547E-001  1.018352339375774E-002  9.146645778597290E-011
  4.500000000000001E+000  1.248743103430219E-004  1.502961215885214E-002  1.193134723182826E-004  1.510288815617269E-001  1.036602929464255E-002  9.123162253354382E-011
  4.600000000000001E+000  1.244769862910582E-004  1.523071405818625E-002  1.185425857800139E-004  1.505342856854218E-001  1.054713103020078E-002  9.099601236437962E-011
  4.700000000000000E+000  1.240848792530028E-004  1.543076089850169E-002  1.177877201251287E-004  1.500413126807814E-001  1.072686662888335E-002  9.075990640218338E-011
  4.800000000000000E+000  1.236976727270806E-004  1.562978780186525E-002  1.170481510181279E-004  1.495503236067330E-001  1.090527309791828E-002  9.052353859596014E-011
  5.000000000000000E+000  1.229385306107517E-004  1.602397569996851E-002  1.156161459791320E-004  1.485777044494556E-001  1.125702979689395E-002  9.005135927456674E-011
  5.200000000000000E+000  1.221958181073709E-004  1.641451512807638E-002  1.142369452289386E-004  1.476158610313176E-001  1.160399824966114E-002  8.958017889285028E-011
  5.299999999999998E+000  1.218290272585308E-004  1.660926209338205E-002  1.135626374478214E-004  1.471367949680295E-001  1.177679105372710E-002  8.934439995662072E-011
  5.399999999999998E+000  1.214661362268474E-004  1.680300439364334E-002  1.129019264338848E-004  1.466613262201227E-001  1.194825264144793E-002  8.910940684925210E-011
  5.499999999999997E+000  1.211070515362146E-004  1.699569983369162E-002  1.122535327603754E-004  1.461897131797671E-001  1.211833117729029E-002  8.887529944010805E-011
  5.599999999999997E+000  1.207513631392375E-004  1.718758216389451E-002  1.116161126382482E-004  1.457212316652000E-001  1.228733784606176E-002  8.864185218194512E-011
  5.799999999999997E+000  1.200507844870409E-004  1.756822027843808E-002  1.103759085168802E-004  1.447963677812085E-001  1.262126545199204E-002  8.817805522504106E-011
  5.999999999999997E+000  1.193625613991798E-004  1.794587432085606E-002  1.091755233694212E-004  1.438838615561110E-001  1.295131141529114E-002  8.771727555590597E-011
  6.199999999999998E+000  1.186860057035751E-004  1.832067487568006E-002  1.080128672207928E-004  1.429837766192284E-001  1.327766440149080E-002  8.725982662961070E-011
  6.399999999999998E+000  1.180205055349523E-004  1.869274217212684E-002  1.068857234212534E-004  1.420960673022346E-001  1.360050023526771E-002  8.680593001350414E-011
  6.599999999999998E+000  1.173655238280785E-004  1.906218739508388E-002  1.057920597198251E-004  1.412206162799809E-001  1.391998300373928E-002  8.635574665214574E-011
  6.799999999999998E+000  1.167205833937467E-004  1.942911378258831E-002  1.047300212253099E-004  1.403572588915707E-001  1.423626598016681E-002  8.590939347801629E-011
  6.999999999999998E+000  1.160852557511324E-004  1.979361753774166E-002  1.036979091660578E-004  1.395057997029649E-001  1.454949246472788E-002  8.546695445245410E-011
  7.199999999999998E+000  1.154591527940570E-004  2.015578858840907E-002  1.026941623808151E-004  1.386660239131298E-001  1.485979655737579E-002  8.502848828223673E-011
  7.399999999999999E+000  1.148419204481100E-004  2.051571122516171E-002  1.017173417993848E-004  1.378377052389202E-001  1.516730386897220E-002  8.459403396398804E-011
  7.599999999999999E+000  1.142332337437890E-004  2.087346464248829E-002  1.007661173197837E-004  1.370206113744375E-001  1.547213217505726E-002  8.416361485997754E-011
  7.799999999999999E+000  1.136327929135386E-004  2.122912340289748E-002  9.983925659203116E-005  1.362145077727221E-001  1.577439201610764E-002  8.373724175920782E-011
  7.999999999999999E+000  1.130403202420343E-004  2.158275783899821E-002  9.893561533953342E-005  1.354191602634516E-001  1.607418724798773E-002  8.331491522445328E-011
  8.199999999999999E+000  1.124555574806605E-004  2.193443440510244E-002  9.805412893855262E-005  1.346343368602377E-001  1.637161554623933E-002  8.289662742765375E-011
  8.399999999999999E+000  1.118782636925009E-004  2.228421598721694E-002  9.719380504092753E-005  1.338598090012667E-001  1.666676886778184E-002  8.248236361166135E-011
  8.599999999999998E+000  1.113082134320285E-004  2.263216217829513E-002  9.635371707230051E-005  1.330953523915822E-001  1.695973387347894E-002  8.207210327357300E-011
  8.799999999999997E+000  1.107451951897996E-004  2.297832952413765E-002  9.553299847278822E-005  1.323407475635600E-001  1.725059231487003E-002  8.166582113627824E-011
  8.999999999999996E+000  1.101890100506014E-004  2.332277174422482E-002  9.473083757295892E-005  1.315957802366315E-001  1.753942138817552E-002  8.126348795556502E-011
  9.199999999999996E+000  1.096394705262581E-004  2.366553993093351E-002  9.394647301764240E-005  1.308602415329702E-001  1.782629405847554E-002  8.086507119703805E-011
  9.399999999999995E+000  1.090963995333480E-004  2.400668272995937E-002  9.317918966525962E-005  1.301339280891328E-001  1.811127935674421E-002  8.047053560813217E-011
  9.599999999999994E+000  1.085596294926149E-004  2.434624650427869E-002  9.242831490222836E-005  1.294166420921185E-001  1.839444265220297E-002  8.007984370427958E-011
  9.799999999999994E+000  1.080290015316326E-004  2.468427548360482E-002  9.169321532144040E-005  1.287081912603117E-001  1.867584590224502E-002  7.969295618390701E-011
  9.999999999999993E+000  1.075043647758392E-004  2.502081190099269E-002  9.097329372141568E-005  1.280083887842029E-001  1.895554788198057E-002  7.930983228379888E-011
  1.049999999999999E+001  1.062207037104631E-004  2.585322884494498E-002  8.924127856326125E-005  1.263037947301558E-001  1.964494760306410E-002  7.837198108958871E-011
  1.099999999999999E+001  1.049718109577483E-004  2.667733541104607E-002  8.759196353101650E-005  1.246462889305713E-001  2.032522073972721E-002  7.745509851078741E-011
  1.149999999999999E+001  1.037554160401172E-004  2.749365441232570E-002  8.601850287982399E-005  1.230351207536860E-001  2.099701302305912E-002  7.655951895263177E-011
  1.199999999999999E+001  1.025697420581676E-004  2.830264678011763E-002  8.451476430683323E-005  1.214686269275032E-001  2.166090386593001E-002  7.568488363771564E-011
  1.249999999999999E+001  1.014132754416825E-004  2.910472662087409E-002  8.307538282286336E-005  1.199449152845802E-001  2.231741476405172E-002  7.483061530719197E-011
  1.299999999999999E+001  1.002846671423607E-004  2.990026980645269E-002  8.169561052383073E-005  1.184621007470198E-001  2.296701623308242E-002  7.399607735942056E-011
  1.349999999999999E+001  9.918268942463386E-005  3.068961957244720E-002  8.037121410937420E-005  1.170183817968691E-001  2.361013385534093E-002  7.318062835891610E-011
  1.399999999999999E+001  9.810621330876961E-005  3.147309063425353E-002  7.909839902394223E-005  1.156120605768146E-001  2.424715356502538E-002  7.238364070425978E-011
  1.449999999999999E+001  9.705419429059095E-005  3.225097246938435E-002  7.787374932771588E-005  1.142415436472593E-001  2.487842624913263E-002  7.160450692968591E-011
  1.499999999999999E+001  9.602566187727170E-005  3.302353205718404E-002  7.669417829207119E-005  1.129053365501308E-001  2.550427174182711E-002  7.084264167717402E-011
  1.549999999999999E+001  9.501971124376077E-005  3.379101622099911E-002  7.555688704504514E-005  1.116020367630524E-001  2.612498229041848E-002  7.009748208932227E-011
  1.599999999999999E+001  9.403549629130531E-005  3.455365365647969E-002  7.445932958589623E-005  1.103303265905635E-001  2.674082556612801E-002  6.936848757406028E-011
  1.649999999999999E+001  9.307222374771333E-005  3.531165670175609E-002  7.339918297713811E-005  1.090889664785885E-001  2.735204728483565E-002  6.865513928439808E-011
  1.699999999999999E+001  9.212914809202219E-005  3.606522289073344E-002  7.237432180724125E-005  1.078767888749852E-001  2.795887349424550E-002  6.795693945053294E-011
  1.749999999999999E+001  9.120556715248927E-005  3.681453632196929E-002  7.138279620779866E-005  1.066926926381656E-001  2.856151257560355E-002  6.727341062959873E-011
  1.799999999999999E+001  9.030081826374520E-005  3.755976886955424E-002  7.042281284836564E-005  1.055356379581755E-001  2.916015700072749E-002  6.660409491056742E-011
  1.849999999999999E+001  8.941427489311184E-005  3.830108125788123E-002  6.949271843919789E-005  1.044046417452007E-001  2.975498487877776E-002  6.594855309897895E-011
  1.899999999999999E+001  8.854534366359505E-005  3.903862401862506E-002  6.859098535634293E-005  1.032987734404124E-001  3.034616132185147E-002  6.530636389879967E-011
  1.949999999999999E+001  8.769346171444539E-005  3.977253834537720E-002  6.771619907076069E-005  1.022171512069780E-001  3.093383965400008E-002  6.467712310373712E-011
  1.999999999999999E+001  8.685809435068177E-005  4.050295685902797E-002  6.686704711727586E-005  1.011589384627938E-001  3.151816248452720E-002  6.406044280670907E-011
  2.099999999999999E+001  8.523763415525097E-005  4.195039824977356E-002  6.524431015594760E-005  9.911621145692392E-002  3.267438935375370E-002  6.286669288808636E-011
  2.199999999999999E+001  8.367738890479391E-005  4.338549125832606E-002  6.371004923668200E-005  9.715495284765427E-002  3.381905270858591E-002  6.171720963219493E-011
  2.299999999999999E+001  8.217360691540328E-005  4.480905221835854E-002  6.225655307178624E-005  9.527207494025901E-002  3.495291796412652E-002  6.061072374638600E-011
  2.399999999999999E+001  8.072313833156569E-005  4.622178970668496E-002  6.087713138834594E-005  9.346311929278957E-002  3.607667064123932E-002  5.954503346603910E-011
  2.499999999999999E+001  7.932312712763073E-005  4.762433670597202E-002  5.956589241521964E-005  9.172374741395380E-002  3.719092346128243E-002  5.851795415586300E-011
  2.599999999999999E+001  7.797094197455509E-005  4.901726396508636E-002  5.831760122639651E-005  9.004993935259049E-002  3.829622458690053E-002  5.752744168876211E-011
  2.699999999999999E+001  7.666414752085120E-005  5.040108856204834E-002  5.712758215870254E-005  8.843799209512870E-002  3.939306554549513E-002  5.657159578469529E-011
  2.799999999999999E+001  7.540048378425019E-005  5.177628059790453E-002  5.599164108821381E-005  8.688449087860420E-002  4.048188830787787E-002  5.564864830299790E-011
  2.899999999999999E+001  7.417784876796603E-005  5.314326877082965E-002  5.490600121316629E-005  8.538628018030568E-002  4.156309144656645E-002  5.475695129095600E-011
  2.999999999999999E+001  7.299428334311479E-005  5.450244511681941E-002  5.386724935283041E-005  8.394043787686881E-002  4.263703544592578E-002  5.389496637309512E-011
  3.099999999999999E+001  7.184795800684710E-005  5.585416908100079E-002  5.287229071567605E-005  8.254425258321987E-002  4.370404727201867E-002  5.306125538562905E-011
  3.199999999999999E+001  7.073716123518292E-005  5.719877103625217E-002  5.191831056855747E-005  8.119520375650968E-002  4.476442430905653E-002  5.225447204802057E-011
  3.299999999999999E+001  6.966028919855729E-005  5.853655533944498E-002  5.100274157065622E-005  7.989094416456083E-002  4.581843775769881E-002  5.147335451030010E-011
  3.399999999999999E+001  6.861583664575827E-005  5.986780299761026E-002  5.012323578732149E-005  7.862928438007212E-002  4.686633557684265E-002  5.071671865437154E-011
  3.599999999999999E+001  6.662246775065882E-005  6.250530372511424E-002  4.846793128310901E-005  7.623247502590351E-002  4.893951597016445E-002  4.927607780558398E-011
  3.799999999999999E+001  6.474227233765130E-005  6.512001183759417E-002  4.693247189669586E-005  7.398005745403549E-002  5.099141244146827E-002  4.791919799729331E-011
  3.999999999999999E+001  6.296600455732108E-005  6.771351851588985E-002  4.550398313536953E-005  7.186127671457523E-002  5.302323176780594E-002  4.664015705079825E-011
  4.199999999999999E+001  6.128553354207236E-005  7.028718016025734E-002  4.417146959725504E-005  6.986484588658926E-002  5.503604299970865E-002  4.543261136369780E-011
  4.399999999999999E+001  5.969355450890076E-005  7.284218346935818E-002  4.292542747011622E-005  6.798061847649832E-002  5.703078756340056E-002  4.429083898694698E-011
  4.599999999999999E+001  5.818347876310140E-005  7.537957609809681E-002  4.175758903813639E-005  6.619953384419915E-002  5.900829592957198E-002  4.320970814370249E-011
  4.799999999999999E+001  5.674934673276027E-005  7.790028878739609E-002  4.066072341182353E-005  6.451347837721150E-002  6.096930377035328E-002  4.218460199194898E-011
  4.999999999999999E+001  5.538575379713685E-005  8.040515290217111E-002  3.962847574922470E-005  6.291516343128975E-002  6.291446605882141E-002  4.121135437473138E-011
  5.199999999999999E+001  5.408778666042843E-005  8.289491470931012E-002  3.865523616838947E-005  6.139802199637402E-002  6.484436899598231E-002  4.028619575999734E-011
  5.399999999999999E+001  5.285096854803212E-005  8.537024715669285E-002  3.773603199876761E-005  5.995612090035692E-002  6.675954000108544E-002  3.940570715827030E-011
  5.599999999999999E+001  5.167121178435367E-005  8.783175967881354E-002  3.686643856203082E-005  5.858408579702222E-002  6.866045606203382E-002  3.856678048981749E-011
  5.799999999999999E+001  5.054477657011784E-005  9.028000641837065E-002  3.604250479389986E-005  5.727703674736359E-002  7.054755072286703E-002  3.776658428959771E-011
  5.999999999999999E+001  4.946823499399903E-005  9.271549316214865E-002  3.526069085002926E-005  5.603053263992382E-002  7.242121994586700E-002  3.700253388997229E-011
  6.500000000000000E+001  4.698343207707247E-005  9.872830327916729E-002  3.347796585500341E-005  5.316422008301731E-002  7.702840797255858E-002  3.524117213018370E-011
  7.000000000000000E+001  4.474650190716718E-005  1.046724526214178E-001  3.189554190340693E-005  5.059318884057493E-002  8.156182972234860E-002  3.365750674230292E-011
  7.500000000000000E+001  4.272305429444926E-005  1.105528993588619E-001  3.048120396449361E-005  4.827600292335647E-002  8.602477410685627E-002  3.222686408738413E-011
  8.000000000000000E+001  4.088461117457885E-005  1.163737592181266E-001  2.920930144995082E-005  4.617727493124735E-002  9.042027712164645E-002  3.092818096842330E-011
  8.500000000000000E+001  3.920741227382907E-005  1.221385425081784E-001  2.805914523029868E-005  4.426778946919336E-002  9.475109097977336E-002  2.974405084383247E-011
  9.000000000000000E+001  3.767150288286721E-005  1.278502897692175E-001  2.701386485894248E-005  4.252324837319819E-002  9.901971289558147E-002  2.865996623475023E-011
  9.009999999999999E+001  3.764195745349518E-005  1.279645118553452E-001  2.699380416847403E-005  4.248918419075159E-002  9.910505871060155E-002  2.863878669643959E-011
  9.019999999999999E+001  3.761246695861951E-005  1.280787168850942E-001  2.697378509178578E-005  4.245550304242084E-002  9.919037777459880E-002  2.861786275774488E-011
  9.039999999999999E+001  3.755364534165577E-005  1.283070490528422E-001  2.693385710265639E-005  4.238868587460003E-002  9.936090957122932E-002  2.857636303820102E-011
  9.059999999999999E+001  3.749502450699910E-005  1.285353009650020E-001  2.689407359281641E-005  4.232218459414262E-002  9.953133568242241E-002  2.853505473093537E-011
  9.080000000000000E+001  3.743660299913291E-005  1.287634719036699E-001  2.685443489670526E-005  4.225593601256242E-002  9.970165670687249E-002  2.849389638114291E-011
  9.100000000000000E+001  3.737837957745027E-005  1.289915616422790E-001  2.681494046479843E-005  4.218992209379716E-002  9.987187318807911E-002  2.845287679214153E-011
  9.150000000000000E+001  3.723372420261634E-005  1.295612741083628E-001  2.671686828531262E-005  4.202597661655742E-002  1.002967706122995E-001  2.835096406892662E-011
  9.200000000000000E+001  3.709028104536574E-005  1.301304788758722E-001  2.661967992538880E-005  4.186339089914651E-002  1.007210301197998E-001  2.824986141832881E-011
  9.300000000000000E+001  3.680710876331810E-005  1.312668565731582E-001  2.642802623513677E-005  4.154256932252298E-002  1.015670508570142E-001  2.805023901439832E-011
  9.400000000000000E+001  3.652859716693327E-005  1.324012319112242E-001  2.623975845496753E-005  4.122706189722394E-002  1.024106033392009E-001  2.785382246802893E-011
  9.600000000000000E+001  3.598561202494535E-005  1.346620337955625E-001  2.587346256557165E-005  4.061237565173710E-002  1.040881373400920E-001  2.747078834059047E-011
  9.800000000000000E+001  3.545990786825088E-005  1.369150855529755E-001  2.551962213366116E-005  4.001750549702585E-002  1.057562490362506E-001  2.709980322389648E-011
  1.000000000000000E+002  3.495068337586012E-005  1.391605321945408E-001  2.517760047326167E-005  3.944165002081138E-002  1.074150828671953E-001  2.674039455405982E-011
  1.050000000000000E+002  3.374789792242724E-005  1.447277802541193E-001  2.437312001349292E-005  3.808309733553333E-002  1.115074508721215E-001  2.589088317490134E-011
  1.100000000000000E+002  3.263226544733755E-005  1.502509859618565E-001  2.363015437270004E-005  3.682435531539747E-002  1.155463742308819E-001  2.510249504447302E-011
  1.150000000000000E+002  3.159473530029337E-005  1.557319127609725E-001  2.294179099917165E-005  3.565514323382532E-002  1.195332964957540E-001  2.436894575586479E-011
  1.200000000000000E+002  3.062743436524513E-005  1.611721503762741E-001  2.230211427842236E-005  3.456622556143241E-002  1.234696729139573E-001  2.368461502704504E-011
  1.250000000000000E+002  2.972349533459818E-005  1.665731533488903E-001  2.170603308842500E-005  3.354958090511588E-002  1.273569203414157E-001  2.304463189307398E-011
  1.300000000000000E+002  2.887690520042964E-005  1.719362617254266E-001  2.114914274276931E-005  3.259821390874323E-002  1.311964019483760E-001  2.244474924432041E-011
  1.350000000000000E+002  2.808237887672749E-005  1.772627164287430E-001  2.062761347006951E-005  3.170599766688194E-002  1.349894237621367E-001  2.188124526052784E-011
  1.400000000000000E+002  2.733525398902715E-005  1.825536715416467E-001  2.013809979486565E-005  3.086754412020817E-002  1.387372355470053E-001  2.135084429160248E-011
  1.450000000000000E+002  2.663140304033429E-005  1.878102044114967E-001  1.967766645600167E-005  3.007809681716039E-002  1.424410332790039E-001  2.085065202562737E-011
  1.500000000000000E+002  2.596715979905896E-005  1.930333240996215E-001  1.924372747565197E-005  2.933344168337302E-002  1.461019621304444E-001  2.037810175411310E-011
  1.600000000000000E+002  2.474867847892573E-005  2.033514985897314E-001  1.844982728171718E-005  2.796827838694729E-002  1.532642561761644E-001  1.950924605834753E-011
  1.700000000000000E+002  2.365266594766949E-005  2.135488262670936E-001  1.773679521890775E-005  2.674106131498129E-002  1.602726039879234E-001  1.872609911791754E-011
  1.800000000000000E+002  2.266145378698792E-005  2.236313330010367E-001  1.709253632572831E-005  2.563179049714425E-002  1.671333245027359E-001  1.801625499562917E-011
  1.900000000000000E+002  2.176057947997132E-005  2.336044472054994E-001  1.650725611243950E-005  2.462401851855209E-002  1.738527047457604E-001  1.736957027525781E-011
  2.000000000000000E+002  2.093810865461004E-005  2.434731047004866E-001  1.597294231036683E-005  2.370421546332950E-002  1.804367859591371E-001  1.677771353774657E-011
  2.100000000000000E+002  2.018411197684518E-005  2.532418212277154E-001  1.548297832085705E-005  2.286115280676805E-002  1.868913017661841E-001  1.623376928484311E-011
  2.200000000000000E+002  1.949026444430044E-005  2.629147490302380E-001  1.503185234368656E-005  2.208543596992191E-002  1.932216671822926E-001  1.573194688316432E-011
  2.300000000000000E+002  1.884953599412570E-005  2.724957225160642E-001  1.461493603769679E-005  2.136914581475179E-002  1.994329865436575E-001  1.526735995707475E-011
  2.400000000000000E+002  1.825595044667316E-005  2.819882958276257E-001  1.422831421133619E-005  2.070556070047733E-002  2.055300686969291E-001  1.483585614482622E-011
  2.500000000000000E+002  1.770439599904281E-005  2.913957741952612E-001  1.386865238784780E-005  2.008893884477623E-002  2.115174446952937E-001  1.443388402985275E-011
  2.600000000000000E+002  1.719047495826571E-005  3.007212404085440E-001  1.353309279922516E-005  1.951434632523808E-002  2.173993859198067E-001  1.405838803237254E-011
  2.700000000000000E+002  1.671038361551254E-005  3.099675773871164E-001  1.321917195010038E-005  1.897751997590628E-002  2.231799216879131E-001  1.370672461777336E-011
  2.800000000000000E+002  1.626081547642198E-005  3.191374875914612E-001  1.292475471480564E-005  1.847475721840416E-002  2.288628559362273E-001  1.337659493861178E-011
  3.000000000000000E+002  1.544554964948177E-005  3.371878982708688E-001  1.239034330669767E-005  1.756269850390609E-002  2.398725637178277E-001  1.277518975789989E-011
  3.200000000000000E+002  1.472102276737524E-005  3.549669727973792E-001  1.191365913265586E-005  1.675187892921026E-002  2.505452425831449E-001  1.223839689561203E-011
  3.400000000000000E+002  1.407257390004321E-005  3.724906005955227E-001  1.148534908378219E-005  1.602591976359124E-002  2.609011833326854E-001  1.175580915122574E-011
  3.600000000000000E+002  1.348853777208999E-005  3.897730874314648E-001  1.109799493914540E-005  1.537178876864747E-002  2.709597291273450E-001  1.131921086758371E-011
  3.800000000000000E+002  1.295952583396402E-005  4.068273774818345E-001  1.074563975205898E-005  1.477901028863105E-002  2.807388270948258E-001  1.092200556081735E-011
  4.000000000000000E+002  1.247789886998973E-005  4.236652348772421E-001  1.042344466329742E-005  1.423906709762454E-002  2.902549897313597E-001  1.055882488107839E-011
  4.200000000000000E+002  1.203737827361653E-005  4.402973942623484E-001  1.012743756415684E-005  1.374496257749845E-002  2.995233716636663E-001  1.022525152138261E-011
  4.400000000000000E+002  1.163275603498478E-005  4.567336865888327E-001  9.854326515142756E-006  1.329089520114093E-002  3.085578787042065E-001  9.917615444767804E-012
  4.600000000000000E+002  1.125967565410129E-005  4.729831450827011E-001  9.601359368996888E-006  1.287201314884811E-002  3.173712815963124E-001  9.632840881377279E-012
  4.800000000000000E+002  1.091446464563969E-005  4.890540952197183E-001  9.366216815801971E-006  1.248422699282428E-002  3.259753245032482E-001  9.368329681984639E-012
  5.000000000000000E+002  1.059400504676151E-005  5.049542316768033E-001  9.146929932813827E-006  1.212406504917021E-002  3.343808247870438E-001  9.121871249447344E-012
  5.200000000000000E+002  1.029563225921161E-005  5.206906845753707E-001  8.941815932343103E-006  1.178856048424712E-002  3.425977632302635E-001  8.891572206477794E-012
  5.400000000000000E+002  1.001705525926982E-005  5.362700768432707E-001  8.749427586830101E-006  1.147516233434649E-002  3.506353649379454E-001  8.675800914195011E-012
  5.600000000000000E+002  9.756293094959582E-006  5.516985741515709E-001  8.568513048503202E-006  1.118166473204639E-002  3.585021715927150E-001  8.473143296742982E-012
  5.800000000000000E+002  9.511623922366706E-006  5.669819285988809E-001  8.397983651137630E-006  1.090615013614905E-002  3.662061058818097E-001  8.282367365056102E-012
  6.000000000000000E+002  9.281543785807229E-006  5.821255170963197E-001  8.236887900748519E-006  1.064694343482986E-002  3.737545289284053E-001  8.102394499368780E-012
  6.200000000000000E+002  9.064733035914146E-006  5.971343752342756E-001  8.084390308219105E-006  1.040257456623649E-002  3.811542915145064E-001  7.932276030329854E-012
  6.400000000000000E+002  8.860028783842521E-006  6.120132272760546E-001  7.939754041968318E-006  1.017174786641677E-002  3.884117798139463E-001  7.771174008897564E-012
  6.600000000000000E+002  8.666402162284849E-006  6.267665128148766E-001  7.802326618195634E-006  9.953316771864160E-003  3.955329562787698E-001  7.618345313577216E-012
  6.800000000000000E+002  8.482939441891456E-006  6.413984105431639E-001  7.671528024357855E-006  9.746262815043608E-003  4.025233962486246E-001  7.473128436108803E-012
  7.000000000000000E+002  8.308826260921901E-006  6.559128595120338E-001  7.546840805288849E-006  9.549678085245780E-003  4.093883207844361E-001  7.334932431565511E-012
  7.500000000000000E+002  7.912366717406448E-006  6.915101432826873E-001  7.261598519969992E-006  9.101657160313739E-003  4.258471333028765E-001  7.018535199866734E-012
  8.000000000000000E+002  7.559760202252953E-006  7.264679419663281E-001  7.005108740592837E-006  8.702841022043993E-003  4.416523668094836E-001  6.735542073034166E-012
  8.500000000000000E+002  7.243850096695506E-006  7.608297775567181E-001  6.772823600731718E-006  8.345216914495843E-003  4.568546361752806E-001  6.480577685939763E-012
  9.000000000000000E+002  6.958970399850024E-006  7.946342401679272E-001  6.561131107387468E-006  8.022447015977286E-003  4.715001070825930E-001  6.249426761421613E-012
  9.500000000000000E+002  6.700578862733365E-006  8.279157158871382E-001  6.367125590679538E-006  7.729450433644514E-003  4.856301047289642E-001  6.038706313466823E-012
  1.000000000000000E+003  6.464991011973724E-006  8.607050030336599E-001  6.188441530180325E-006  7.462104189068843E-003  4.992815071205625E-001  5.845662672864607E-012
  1.050000000000000E+003  6.249185865102554E-006  8.930298213907952E-001  6.023132104878884E-006  7.217026034042039E-003  5.124872653164418E-001  5.668028716597912E-012
  1.100000000000000E+003  6.050662111938688E-006  9.249152331442669E-001  5.869579195885900E-006  6.991413963420423E-003  5.252769036419297E-001  5.503919213518280E-012
  1.150000000000000E+003  5.867330196627188E-006  9.563839927589824E-001  5.726425765144244E-006  6.782925860166029E-003  5.376769644558643E-001  5.351752453809599E-012
  1.200000000000000E+003  5.697430287161823E-006  9.874568396915557E-001  5.592524377314021E-006  6.589588021992166E-003  5.497113929335201E-001  5.210190630325099E-012
  1.250000000000000E+003  5.539469169261753E-006  1.018152744871943E+000  5.466897531897877E-006  6.409724783074777E-003  5.614018665571689E-001  5.078093880262514E-012
  1.300000000000000E+003  5.392171156323866E-006  1.048489119543037E+000  5.348706750991511E-006  6.241903754158284E-003  5.727680763850475E-001  4.954484439690301E-012
  1.350000000000000E+003  5.254439508122738E-006  1.078481993239249E+000  5.237228239065540E-006  6.084892771865211E-003  5.838279672218236E-001  4.838518388138672E-012
  1.400000000000000E+003  5.125325819010416E-006  1.108146166294557E+000  5.131833532968402E-006  5.937625728588839E-003  5.945979431034449E-001  4.729463159713934E-012
  1.450000000000000E+003  5.004005514418598E-006  1.137495341196047E+000  5.031973981872512E-006  5.799175210192227E-003  6.050930436128934E-001  4.626679484027064E-012
  1.500000000000000E+003  4.889758075592544E-006  1.166542236263022E+000  4.937168196080635E-006  5.668730404664595E-003  6.153270956742117E-001  4.529606764756225E-012
  1.550000000000000E+003  4.781950958115745E-006  1.195298684476540E+000  4.846991818639731E-006  5.545579129723581E-003  6.253128447020826E-001  4.437751150964003E-012
  1.600000000000000E+003  4.680026420976098E-006  1.223775719766987E+000  4.761069130075222E-006  5.429093106980727E-003  6.350620683287265E-001  4.350675736069787E-012
  1.650000000000000E+003  4.583490667483931E-006  1.251983652655948E+000  4.679066111524132E-006  5.318715815726141E-003  6.445856753828387E-001  4.267992451594439E-012
  1.700000000000000E+003  4.491904836350830E-006  1.279932136819489E+000  4.600684676949598E-006  5.213952411889221E-003  6.538937923431275E-001  4.189355321075657E-012
  1.750000000000000E+003  4.404877483915335E-006  1.307630227874758E+000  4.525657849181713E-006  5.114361312038521E-003  6.629958391169855E-001  4.114454813336259E-012
  1.800000000000000E+003  4.322058276154658E-006  1.335086435477041E+000  4.453745703022985E-006  5.019547128744186E-003  6.719005956891559E-001  4.043013090194473E-012
  1.900000000000000E+003  4.168551891722153E-006  1.389083528220631E+000  4.319503151445278E-006  4.843686988375687E-003  6.889876381662156E-001  3.910110752287582E-012
  2.000000000000000E+003  4.028322465695773E-006  1.442221279637602E+000  4.195200391728660E-006  4.682925499847970E-003  7.054006654553298E-001  3.788233724510570E-012
  2.100000000000000E+003  3.899636869499813E-006  1.494550053234376E+000  4.079636546442042E-006  4.535298259064516E-003  7.211867978624028E-001  3.675970898692492E-012
  2.200000000000000E+003  3.781055519291668E-006  1.546115268477052E+000  3.971806064362048E-006  4.399174614539007E-003  7.363890495305075E-001  3.572155850186429E-012
  2.300000000000000E+003  3.671372873878586E-006  1.596958047084303E+000  3.870860028522586E-006  4.273188622616774E-003  7.510463096306160E-001  3.475809633496984E-012
  2.400000000000000E+003  3.569571485442238E-006  1.647115769693760E+000  3.776076167467483E-006  4.156186874337359E-003  7.651937140297232E-001  3.386103210567440E-012
  2.500000000000000E+003  3.474786410221631E-006  1.696622545428873E+000  3.686835522148172E-006  4.047188289735408E-003  7.788630632290926E-001  3.302329218110525E-012
  2.600000000000000E+003  3.386277410675039E-006  1.745509608121150E+000  3.602604134584944E-006  3.945352755341750E-003  7.920832122059686E-001  3.223880060322613E-012
  2.700000000000000E+003  3.303407043268510E-006  1.793805652239120E+000  3.522918543911126E-006  3.849956407843694E-003  8.048804161440838E-001  3.150230645190362E-012
  2.800000000000000E+003  3.225623230194698E-006  1.841537119313832E+000  3.447374194201062E-006  3.760371972357264E-003  8.172786318038140E-001  3.080924628385028E-012
  2.900000000000000E+003  3.152445279133125E-006  1.888728443537109E+000  3.375616090184516E-006  3.676052985466352E-003  8.292997787333999E-001  3.015563349408648E-012
  3.000000000000000E+003  3.083452579016509E-006  1.935402263487537E+000  3.307331204473944E-006  3.596521033049091E-003  8.409639654725493E-001  2.953796858808900E-012
  3.100000000000000E+003  3.018275391026479E-006  1.981579605580873E+000  3.242242261678469E-006  3.521355349008369E-003  8.522896857005817E-001  2.895316585810731E-012
  3.200000000000000E+003  2.956587293830155E-006  2.027280043775437E+000  3.180102614001740E-006  3.450184278549348E-003  8.632939887307211E-001  2.839849304315748E-012
  3.300000000000000E+003  2.898098945184993E-006  2.072521839223631E+000  3.120691988919267E-006  3.382678225705016E-003  8.739926281374871E-001  2.787152134908398E-012
  3.400000000000000E+003  2.842552898815335E-006  2.117322062896143E+000  3.063812938809730E-006  3.318543791176630E-003  8.844001917283202E-001  2.737008379741739E-012
  3.500000000000000E+003  2.789719273149606E-006  2.161696703675641E+000  3.009287859546706E-006  3.257518871435865E-003  8.945302155655166E-001  2.689224031690335E-012
  3.600000000000000E+003  2.739392112227711E-006  2.205660763991823E+000  2.956956473282339E-006  3.199368539210688E-003  9.043952843145571E-001  2.643624832937026E-012
  3.700000000000000E+003  2.691386312500297E-006  2.249228344726485E+000  2.906673692288092E-006  3.143881563063788E-003  9.140071198340932E-001  2.600053784021788E-012
  3.800000000000000E+003  2.645535014977276E-006  2.292412720838496E+000  2.858307797430582E-006  3.090867452730335E-003  9.233766596220221E-001  2.558369024342656E-012
  3.900000000000000E+003  2.601687382154360E-006  2.335226408930683E+000  2.811738877868936E-006  3.040153939360249E-003  9.325141264818826E-001  2.518442020625315E-012
  4.000000000000000E+003  2.559706694754266E-006  2.377681227793417E+000  2.766857488756816E-006  2.991584817382646E-003  9.414290905657902E-001  2.480156012041291E-012
  4.200000000000000E+003  2.481227509810673E-006  2.461227595929269E+000  2.682546982564819E-006  2.900742333679279E-003  9.584394221900995E-001  2.408409298391120E-012
  4.400000000000000E+003  2.408789274420286E-006  2.543489591222822E+000  2.603777071632956E-006  2.816848499554611E-003  9.746851578721676E-001  2.342010243982287E-012
  4.600000000000000E+003  2.341681129975762E-006  2.624538711339467E+000  2.529966986300368E-006  2.739088222107631E-003  9.902192758394945E-001  2.280340232729305E-012
  4.800000000000000E+003  2.279301651058650E-006  2.704439842258638E+000  2.460619005850947E-006  2.666772258449421E-003  1.005090100399575E+000  2.222877556660013E-012
  5.000000000000000E+003  2.221138566763490E-006  2.783252070930853E+000  2.395303784055623E-006  2.599313366213865E-003  1.019341392183778E+000  2.169176998744111E-012
  5.200000000000000E+003  2.166752709324054E-006  2.861029393380454E+000  2.333648640150307E-006  2.536207876495920E-003  1.033012781482670E+000  2.118855851839735E-012
  5.400000000000000E+003  2.115765294052650E-006  2.937821318510331E+000  2.275328198042179E-006  2.477021158704465E-003  1.046140226789230E+000  2.071583103224806E-012
  5.600000000000000E+003  2.067847770383336E-006  3.013673383145423E+000  2.220056850913076E-006  2.421376035995011E-003  1.058756436598710E+000  2.027070843712826E-012
  5.800000000000000E+003  2.022713662037850E-006  3.088627593214361E+000  2.167582648586967E-006  2.368943472678748E-003  1.070891242774929E+000  1.985067359313854E-012
  6.000000000000000E+003  1.980111956623932E-006  3.162722803501354E+000  2.117682301525937E-006  2.319435028694085E-003  1.082571926691642E+000  1.945351525486750E-012
  6.200000000000000E+003  1.939821711589858E-006  3.235995046096012E+000  2.070157068058380E-006  2.272596700625992E-003  1.093823502887489E+000  1.907728222846799E-012
  6.400000000000000E+003  1.901647622534595E-006  3.308477815776546E+000  2.024829345702758E-006  2.228203859689949E-003  1.104668965635440E+000  1.872024561694455E-012
  6.600000000000000E+003  1.865416358671268E-006  3.380202319048684E+000  1.981539828022349E-006  2.186057064318491E-003  1.115129503544267E+000  1.838086752377166E-012
  6.800000000000000E+003  1.830973514241298E-006  3.451197692356743E+000  1.940145118977176E-006  2.145978575158664E-003  1.125224686738226E+000  1.805777495255516E-012
  7.000000000000000E+003  1.798181057852753E-006  3.521491194019132E+000  1.900515719890056E-006  2.107809438070660E-003  1.134972630542813E+000  1.774973791643172E-012
  7.200000000000000E+003  1.766915186928888E-006  3.591108373665657E+000  1.862534321837598E-006  2.071407029414468E-003  1.144390139027306E+000  1.745565098036026E-012
  7.400000000000000E+003  1.737064513762854E-006  3.660073222327517E+000  1.826094349906471E-006  2.036642979885370E-003  1.153492831246306E+000  1.717451761991689E-012
  7.600000000000000E+003  1.708528524575506E-006  3.728408305821393E+000  1.791098716333459E-006  2.003401410116034E-003  1.162295252586646E+000  1.690543690415204E-012
  7.800000000000000E+003  1.681216264555264E-006  3.796134883652626E+000  1.757458747817466E-006  1.971577424444593E-003  1.170810973257308E+000  1.664759210655330E-012
  8.000000000000000E+003  1.655045210923580E-006  3.863273015319924E+000  1.725093258801304E-006  1.941075819566864E-003  1.179052675650097E+000  1.640024092380212E-012
  8.200000000000000E+003  1.629940303210614E-006  3.929841655621155E+000  1.693927747679031E-006  1.911809972921847E-003  1.187032232039037E+000  1.616270704171901E-012
  8.400000000000000E+003  1.605833105586828E-006  3.995858740324882E+000  1.663893696997172E-006  1.883700882107381E-003  1.194760773868792E+000  1.593437283521570E-012
  8.600000000000000E+003  1.582661080610760E-006  4.061341263376316E+000  1.634927962016701E-006  1.856676331766244E-003  1.202248753699797E+000  1.571467302696984E-012
  8.800000000000000E+003  1.560366957373990E-006  4.126305346642253E+000  1.606972234663303E-006  1.830670168509291E-003  1.209506000724492E+000  1.550308915999091E-012
  9.000000000000000E+003  1.538898179943974E-006  4.190766303061465E+000  1.579972572051123E-006  1.805621667770673E-003  1.216541770639840E+000  1.529914476385217E-012
  9.200000000000000E+003  1.518206424371826E-006  4.254738693950399E+000  1.553878980524006E-006  1.781474979188712E-003  1.223364790552389E+000  1.510240111434678E-012
  9.400000000000000E+003  1.498247174459702E-006  4.318236381115217E+000  1.528645047598959E-006  1.758178639304785E-003  1.229983299499874E+000  1.491245350263353E-012
  9.600000000000000E+003  1.478979348059816E-006  4.381272574337024E+000  1.504227615382192E-006  1.735685142172544E-003  1.236405085095090E+000  1.472892794331006E-012
  9.800000000000000E+003  1.460364966973823E-006  4.443859874725422E+000  1.480586490008168E-006  1.713950559949847E-003  1.242637516731186E+000  1.455147826186286E-012
  1.000000000000000E+004  1.442368864591839E-006  4.506010314373944E+000  1.457684182465811E-006  1.692934206768116E-003  1.248687575730713E+000  1.437978351105240E-012
  1.020000000000000E+004  1.424958426297834E-006  4.567735392698120E+000  1.435485676854222E-006  1.672598340187445E-003  1.254561882772084E+000  1.421354567335527E-012
  1.040000000000000E+004  1.408103358406746E-006  4.629046109791363E+000  1.413958222677881E-006  1.652907895389602E-003  1.260266722885450E+000  1.405248761289196E-012
  1.060000000000000E+004  1.391775482015660E-006  4.689952997094469E+000  1.393071148268036E-006  1.633830247966230E-003  1.265808068274078E+000  1.389635124554629E-012
  1.080000000000000E+004  1.375948548668848E-006  4.750466145640449E+000  1.372795692818953E-006  1.615335001751024E-003  1.271191599186368E+000  1.374489590041510E-012
  1.100000000000000E+004  1.360598075171681E-006  4.810595232106690E+000  1.353104854867682E-006  1.597393798642367E-003  1.276422723036892E+000  1.359789684946198E-012
  1.120000000000000E+004  1.345701195256007E-006  4.870349542880630E+000  1.333973255334542E-006  1.579980147783296E-003  1.281506591951629E+000  1.345514398540779E-012
  1.140000000000000E+004  1.331236526110778E-006  4.929737996322556E+000  1.315377013487317E-006  1.563069271821773E-003  1.286448118892450E+000  1.331644063056981E-012
  1.160000000000000E+004  1.317184048056186E-006  4.988769163389329E+000  1.297293634401930E-006  1.546637968276836E-003  1.291251992498301E+000  1.318160246164130E-012
  1.180000000000000E+004  1.303524995864885E-006  5.047451286765520E+000  1.279701906672192E-006  1.530664484294203E-003  1.295922690765266E+000  1.305045653734903E-012
  1.200000000000000E+004  1.290241760426460E-006  5.105792298633160E+000  1.262581809275643E-006  1.515128403295372E-003  1.300464493674243E+000  1.292284041759139E-012
  1.220000000000000E+004  1.277317799616325E-006  5.163799837197832E+000  1.245914426635527E-006  1.500010542213281E-003  1.304881494863254E+000  1.279860136408860E-012
  1.240000000000000E+004  1.264737557372070E-006  5.221481262076998E+000  1.229681871033864E-006  1.485292858170078E-003  1.309177612431075E+000  1.267759561380686E-012
  1.260000000000000E+004  1.252486390102409E-006  5.278843668645856E+000  1.213867211630085E-006  1.470958363592532E-003  1.313356598949765E+000  1.255968771747827E-012
  1.280000000000000E+004  1.240550499659458E-006  5.335893901426748E+000  1.198454409426044E-006  1.456991048881567E-003  1.317422050755706E+000  1.244474993645679E-012
  1.300000000000000E+004  1.228916872196393E-006  5.392638566599797E+000  1.183428257593443E-006  1.443375811857169E-003  1.321377416581635E+000  1.233266169194521E-012
  1.320000000000000E+004  1.217573222311839E-006  5.449084043705142E+000  1.168774326645187E-006  1.430098393290802E-003  1.325226005585920E+000  1.222330906131990E-012
  1.340000000000000E+004  1.206507941951311E-006  5.505236496600446E+000  1.154478913989550E-006  1.417145317916601E-003  1.328970994829752E+000  1.211658431688138E-012
  1.360000000000000E+004  1.195710053596144E-006  5.561101883731562E+000  1.140528997456211E-006  1.404503840381576E-003  1.332615436247982E+000  1.201238550288486E-012
  1.380000000000000E+004  1.185169167322860E-006  5.616685967768936E+000  1.126912192427273E-006  1.392161895655311E-003  1.336162263154961E+000  1.191061604716399E-012
  1.400000000000000E+004  1.174875441361912E-006  5.671994324657614E+000  1.113616712245182E-006  1.380108053472448E-003  1.339614296322784E+000  1.181118440406379E-012
  1.420000000000000E+004  1.164819545825065E-006  5.727032352124485E+000  1.100631331603596E-006  1.368331476427507E-003  1.342974249665879E+000  1.171400372575283E-012
  1.440000000000000E+004  1.154992629306108E-006  5.781805277682571E+000  1.087945352657446E-006  1.356821881382320E-003  1.346244735562732E+000  1.161899155929543E-012
  1.460000000000000E+004  1.145386288090830E-006  5.836318166168786E+000  1.075548573615143E-006  1.345569503882196E-003  1.349428269842723E+000  1.152606956713944E-012
  1.480000000000000E+004  1.135992537739691E-006  5.890575926848417E+000  1.063431259599501E-006  1.334565065308542E-003  1.352527276463587E+000  1.143516326891698E-012
  1.500000000000000E+004  1.126803786830974E-006  5.944583320116898E+000  1.051584115585000E-006  1.323799742523652E-003  1.355544091902679E+000  1.134620180267031E-012
  1.520000000000000E+004  1.117812812673742E-006  5.998344963826796E+000  1.039998261237691E-006  1.313265139788123E-003  1.358480969283257E+000  1.125911770380472E-012
  1.540000000000000E+004  1.109012738819003E-006  6.051865339265751E+000  1.028665207500645E-006  1.302953262753285E-003  1.361340082255142E+000  1.117384670023881E-012
  1.560000000000000E+004  1.100397014214490E-006  6.105148796808967E+000  1.017576834782790E-006  1.292856494350568E-003  1.364123528647453E+000  1.109032752237278E-012
  1.580000000000000E+004  1.091959393863521E-006  6.158199561268017E+000  1.006725372622146E-006  1.282967572417092E-003  1.366833333909632E+000  1.100850172662856E-012
  1.600000000000000E+004  1.083693920861869E-006  6.211021736955959E+000  9.961033807064497E-007  1.273279568912185E-003  1.369471454355644E+000  1.092831353143492E-012
  1.620000000000000E+004  1.075594909698589E-006  6.263619312487289E+000  9.857037311447351E-007  1.263785870593402E-003  1.372039780224987E+000  1.084970966463683E-012
  1.640000000000000E+004  1.067656930717431E-006  6.315996165329725E+000  9.755195918930440E-007  1.254480161032911E-003  1.374540138573056E+000  1.077263922140373E-012
  1.660000000000000E+004  1.059874795645122E-006  6.368156066123648E+000  9.655444112460101E-007  1.245356403866184E-003  1.376974296002398E+000  1.069705353179635E-012
  1.680000000000000E+004  1.052243544101361E-006  6.420102682783723E+000  9.557719033137999E-007  1.236408827174826E-003  1.379343961245479E+000  1.062290603722861E-012
  1.700000000000000E+004  1.044758431013125E-006  6.471839584396234E+000  9.461960344108825E-007  1.227631908914263E-003  1.381650787608756E+000  1.055015217512909E-012
  1.720000000000000E+004  1.037414914862780E-006  6.523370244924665E+000  9.368110102893665E-007  1.219020363304994E-003  1.383896375287087E+000  1.047874927116918E-012
  1.740000000000000E+004  1.030208646705799E-006  6.574698046735072E+000  9.276112641553535E-007  1.210569128113319E-003  1.386082273556837E+000  1.040865643848002E-012
  1.760000000000000E+004  1.023135459899448E-006  6.625826283952081E+000  9.185914454118963E-007  1.202273352753916E-003  1.388209982855367E+000  1.033983448333086E-012
  1.780000000000000E+004  1.016191360488922E-006  6.676758165655520E+000  9.097464090767993E-007  1.194128387152491E-003  1.390280956754069E+000  1.027224581678657E-012
  1.800000000000000E+004  1.009372518201978E-006  6.727496818926969E+000  9.010712058277509E-007  1.186129771312020E-003  1.392296603831557E+000  1.020585437190315E-012
  1.820000000000000E+004  1.002675258007260E-006  6.778045291754925E+000  8.925610726310900E-007  1.178273225530856E-003  1.394258289453123E+000  1.014062552605704E-012
  1.840000000000000E+004  9.960960521952701E-007  6.828406555806660E+000  8.842114239140244E-007  1.170554641225311E-003  1.396167337462174E+000  1.007652602803756E-012
  1.860000000000000E+004  9.896315129443206E-007  6.878583509074295E+000  8.760178432432680E-007  1.162970072313247E-003  1.398025031788907E+000  1.001352392956247E-012
  1.880000000000000E+004  9.832783853369209E-007  6.928578978402112E+000  8.679760754759850E-007  1.155515727118759E-003  1.399832617981157E+000  9.951588520903984E-013
  1.900000000000000E+004  9.770335407948248E-007  6.978395721901697E+000  8.600820193515432E-007  1.148187960761259E-003  1.401591304661949E+000  9.890690270338061E-013
  1.920000000000000E+004  9.708939709035269E-007  7.028036431261009E+000  8.523317204950005E-007  1.140983267995238E-003  1.403302264918047E+000  9.830800767152332E-013
  1.940000000000000E+004  9.648567815993248E-007  7.077503733953132E+000  8.447213648054539E-007  1.133898276469614E-003  1.404966637623422E+000  9.771892667969195E-013
  1.960000000000000E+004  9.589191876941487E-007  7.126800195350091E+000  8.372472722043745E-007  1.126929740378056E-003  1.406585528701367E+000  9.713939646159214E-013
  1.980000000000000E+004  9.530785077153294E-007  7.175928320746705E+000  8.299058907209198E-007  1.120074534473863E-003  1.408160012328685E+000  9.656916344137714E-013
  2.000000000000000E+004  9.473321590391974E-007  7.224890557299269E+000  8.226937908928843E-007  1.113329648425040E-003  1.409691132085160E+000  9.600798328353019E-013
