! time                    frank_diameter          perfect_diameter        faulted_diameter        void_diameter           
  0.000000000000000E+000  0.000000000000000E+000  0.000000000000000E+000  0.000000000000000E+000  0.000000000000000E+000
  1.000000000000000E-001  4.911705509042845E-001  4.332514357661537E-001  4.563964051232480E-001  2.556632616129368E-001
  2.000000000000001E-001  5.534937214583109E-001  4.436039630945494E-001  4.540932418531397E-001  2.556660902037469E-001
  3.000000000000002E-001  5.954973203545356E-001  4.568397888874159E-001  4.550834158790549E-001  2.556714878123847E-001
  4.000000000000003E-001  6.273385110960006E-001  4.716318063729256E-001  4.574888583919568E-001  2.556773511290182E-001
  5.000000000000003E-001  6.521015985796859E-001  4.874555419924505E-001  4.606397160252796E-001  2.556832775002638E-001
  6.000000000000004E-001  6.721248836445256E-001  5.039610279939269E-001  4.643891547187973E-001  2.556891220773235E-001
  7.000000000000005E-001  6.890374869143263E-001  5.208550661475588E-001  4.688650659685258E-001  2.556947774377738E-001
  8.000000000000006E-001  7.032509842875089E-001  5.380949716312025E-001  4.738296535719109E-001  2.557002460365710E-001
  9.000000000000007E-001  7.153928125635460E-001  5.555911484613412E-001  4.793321788531406E-001  2.557055024983833E-001
  1.000000000000001E+000  7.258942641472754E-001  5.732792831594020E-001  4.854085513844480E-001  2.557105271225627E-001
  1.100000000000001E+000  7.350650646984203E-001  5.911110068846827E-001  4.920870399424312E-001  2.557153039758605E-001
  1.200000000000001E+000  7.431354449764693E-001  6.090479738255401E-001  4.993886956951902E-001  2.557198195633644E-001
  1.300000000000001E+000  7.502814407289449E-001  6.270581844628386E-001  5.073262100992785E-001  2.557240621734972E-001
  1.400000000000001E+000  7.566258080881639E-001  6.451190451831418E-001  5.157413425452193E-001  2.557280460322633E-001
  1.500000000000001E+000  7.622920531932637E-001  6.632054539223238E-001  5.246826800349440E-001  2.557317594562356E-001
  1.600000000000001E+000  7.673825819583232E-001  6.812906276627870E-001  5.342725361573895E-001  2.557351726791632E-001
  1.700000000000001E+000  7.719680710650308E-001  6.993525657583768E-001  5.444738643907765E-001  2.557382789047103E-001
  1.800000000000001E+000  7.761080720029763E-001  7.173701027554457E-001  5.552429140347205E-001  2.557410724648005E-001
  1.900000000000001E+000  7.798533378992044E-001  7.353230081085560E-001  5.665288798389029E-001  2.557435489191413E-001
  2.000000000000001E+000  7.832475699202500E-001  7.531921010370767E-001  5.782744575374527E-001  2.557457052086320E-001
  2.100000000000001E+000  7.863287518274696E-001  7.709593310093018E-001  5.904169869615813E-001  2.557475398410098E-001
  2.200000000000002E+000  7.891301843643386E-001  7.886077874772549E-001  6.028899137925797E-001  2.557490530881023E-001
  2.300000000000002E+000  7.916812932315380E-001  8.061216362112084E-001  6.156243606709731E-001  2.557502471722825E-001
  2.400000000000002E+000  7.940082600968016E-001  8.234860162951915E-001  6.285506554605186E-001  2.557511264208659E-001
  2.500000000000002E+000  7.961345121807430E-001  8.406869524370381E-001  6.415997209695283E-001  2.557516973710846E-001
  2.600000000000002E+000  7.980810992792177E-001  8.577113302217353E-001  6.547042843457079E-001  2.557519688137555E-001
  2.700000000000002E+000  7.998669840767626E-001  8.745469522604697E-001  6.677999084473902E-001  2.557519517697435E-001
  2.800000000000002E+000  8.015092691728709E-001  8.911826587694982E-001  6.808258727117346E-001  2.557516593989352E-001
  2.900000000000002E+000  8.030233806995112E-001  9.076084744288091E-001  6.937259317603974E-001  2.557511068460104E-001
  3.000000000000002E+000  8.044232236904364E-001  9.238157406673173E-001  7.064489584832812E-001  2.557503110305965E-001
  3.100000000000002E+000  8.057213193828652E-001  9.397972036172125E-001  7.189494458920909E-001  2.557492903915288E-001
  3.200000000000002E+000  8.069289303849320E-001  9.555470435320226E-001  7.311878155140340E-001  2.557480645963022E-001
  3.300000000000002E+000  8.080561766496087E-001  9.710608447363511E-001  7.431304754314493E-001  2.557466542276171E-001
  3.400000000000002E+000  8.091114527256767E-001  9.863257840417761E-001  7.548308323539099E-001  2.557450584752918E-001
  3.500000000000002E+000  8.101038650319017E-001  1.001348617655323E+000  7.661675087533384E-001  2.557433252933062E-001
  3.600000000000001E+000  8.110407423363731E-001  1.016128706454897E+000  7.771252316344102E-001  2.557414758618870E-001
  3.700000000000001E+000  8.119286403103778E-001  1.030666327623244E+000  7.876919457589491E-001  2.557395309326606E-001
  3.800000000000001E+000  8.127734241340193E-001  1.044962480577860E+000  7.978582491233760E-001  2.557375106129267E-001
  3.900000000000000E+000  8.135803413478148E-001  1.059018780886862E+000  8.076170372745858E-001  2.557354341449201E-001
  4.000000000000000E+000  8.143540855721567E-001  1.072837378713625E+000  8.169633530817970E-001  2.557333197153616E-001
  4.100000000000000E+000  8.150988518942878E-001  1.086420898514109E+000  8.258943961471554E-001  2.557311842963104E-001
  4.199999999999999E+000  8.158183848763696E-001  1.099772394119218E+000  8.344096229059242E-001  2.557290435178629E-001
  4.299999999999999E+000  8.165160202332744E-001  1.112895312653682E+000  8.425108660592967E-001  2.557269115729736E-001
  4.399999999999999E+000  8.171947212479957E-001  1.125793461548591E+000  8.502024150414473E-001  2.557248011542896E-001
  4.499999999999998E+000  8.178571109388980E-001  1.138470974546989E+000  8.574910201183282E-001  2.557227234223565E-001
  4.599999999999998E+000  8.185055008825883E-001  1.150932274466026E+000  8.643858045532610E-001  2.557206880038531E-001
  4.699999999999998E+000  8.191419174509593E-001  1.163182032127171E+000  8.708980874386711E-001  2.557187030177338E-001
  4.799999999999997E+000  8.197722417376152E-001  1.175209106490139E+000  8.770331536321981E-001  2.557167871560652E-001
  4.899999999999997E+000  8.203938462794286E-001  1.187035219282225E+000  8.828149200096651E-001  2.557149330165788E-001
  4.999999999999996E+000  8.210080126091056E-001  1.198665493563917E+000  8.882600990212525E-001  2.557131444299926E-001
  5.099999999999996E+000  8.216158299668795E-001  1.210105141372497E+000  8.933862179009379E-001  2.557114239938731E-001
  5.199999999999996E+000  8.222182149057856E-001  1.221359384667621E+000  8.982112894274700E-001  2.557097732872706E-001
  5.299999999999995E+000  8.228159298431860E-001  1.232433418506770E+000  9.027535153676186E-001  2.557081929863885E-001
  5.399999999999995E+000  8.234096005565429E-001  1.243332378795942E+000  9.070310270502552E-001  2.557066829800332E-001
  5.499999999999995E+000  8.239997326011068E-001  1.254061314799086E+000  9.110616648771187E-001  2.557052424828551E-001
  5.599999999999994E+000  8.245867266193909E-001  1.264625166352114E+000  9.148627964638153E-001  2.557038701441692E-001
  5.699999999999994E+000  8.251708925139231E-001  1.275028745559733E+000  9.184511715775562E-001  2.557025641505702E-001
  5.799999999999994E+000  8.257524624629972E-001  1.285276722645827E+000  9.218428110317050E-001  2.557013223210065E-001
  5.899999999999993E+000  8.263316027716786E-001  1.295373615564798E+000  9.250529261106186E-001  2.557001421933989E-001
  5.999999999999993E+000  8.269084245651664E-001  1.305323782950618E+000  9.280958648299137E-001  2.556990211022737E-001
  6.099999999999993E+000  8.274829933471581E-001  1.315131419973632E+000  9.309850812985895E-001  2.556979562472126E-001
  6.199999999999992E+000  8.280553374608128E-001  1.324800556685393E+000  9.337331245686078E-001  2.556969447522005E-001
  6.299999999999992E+000  8.286254555032917E-001  1.334335058453397E+000  9.363516435795343E-001  2.556959837161777E-001
  6.399999999999991E+000  8.291933227560152E-001  1.343738628116633E+000  9.388514050896020E-001  2.556950702552772E-001
  6.499999999999991E+000  8.297588967013714E-001  1.353014809526035E+000  9.412423218003418E-001  2.556942015373506E-001
  6.599999999999991E+000  8.303221217024506E-001  1.362166992169071E+000  9.435334882087573E-001  2.556933748094677E-001
  6.699999999999990E+000  8.308829329256187E-001  1.371198416613225E+000  9.457332220442525E-001  2.556925874191264E-001
  6.799999999999990E+000  8.314412595865142E-001  1.380112180537709E+000  9.478491094573802E-001  2.556918368299132E-001
  6.999999999999990E+000  8.325628264610735E-001  1.397568886836501E+000  9.518647922941399E-001  2.556904575325503E-001
  7.199999999999990E+000  8.336720736694661E-001  1.414591089413246E+000  9.556312056708068E-001  2.556891885915309E-001
  7.399999999999991E+000  8.347686567186156E-001  1.431198375458093E+000  9.591820346489540E-001  2.556880178016553E-001
  7.599999999999991E+000  8.358522427469833E-001  1.447408920548825E+000  9.625456776606383E-001  2.556869341286217E-001
  7.799999999999991E+000  8.369225304680749E-001  1.463239597225760E+000  9.657459444757369E-001  2.556859277832584E-001
  7.999999999999991E+000  8.379792608776825E-001  1.478706101320365E+000  9.688027361439057E-001  2.556849901758749E-001
  8.199999999999990E+000  8.390222216896611E-001  1.493823068975018E+000  9.717326702937464E-001  2.556841138270133E-001
  8.399999999999990E+000  8.400512477277741E-001  1.508604182802909E+000  9.745496348536539E-001  2.556832922560778E-001
  8.599999999999989E+000  8.410662188792001E-001  1.523062266725121E+000  9.772652653372114E-001  2.556825198625950E-001
  8.799999999999988E+000  8.420670567201475E-001  1.537209369779085E+000  9.798893480295962E-001  2.556817918097207E-001
  8.999999999999988E+000  8.430537205483026E-001  1.551056839658553E+000  9.824301553760487E-001  2.556811039157712E-001
  9.199999999999987E+000  8.440262032837255E-001  1.564615386989295E+000  9.848947217155780E-001  2.556804525567811E-001
  9.399999999999986E+000  8.449845275091031E-001  1.577895141433097E+000  9.872890679925291E-001  2.556798345811971E-001
  9.599999999999985E+000  8.459287417926675E-001  1.590905700699411E+000  9.896183837536635E-001  2.556792472366042E-001
  9.799999999999985E+000  8.468589173554272E-001  1.603656173470148E+000  9.918871739694383E-001  2.556786881076564E-001
  9.999999999999984E+000  8.477751450950258E-001  1.616155217138285E+000  9.940993772517639E-001  2.556781550640221E-001
  1.019999999999998E+001  8.486775329509230E-001  1.628411071144839E+000  9.962584610333549E-001  2.556776462170178E-001
  1.039999999999998E+001  8.495662035819573E-001  1.640431586584223E+000  9.983674983180660E-001  2.556771598836236E-001
  1.059999999999998E+001  8.504412923223174E-001  1.652224252641953E+000  1.000429229755792E+000  2.556766945566717E-001
  1.079999999999998E+001  8.513029453818131E-001  1.663796220334954E+000  1.002446114058948E+000  2.556762488801378E-001
  1.099999999999998E+001  8.521513182587800E-001  1.675154323944118E+000  1.004420369161733E+000  2.556758216286204E-001
  1.149999999999998E+001  8.542441361386746E-001  1.702553765755541E+000  1.009259447524089E+000  2.556748356349010E-001
  1.199999999999998E+001  8.562524864874329E-001  1.728755627007610E+000  1.013864083491224E+000  2.556739355712563E-001
  1.249999999999998E+001  8.581802569178503E-001  1.753844640202480E+000  1.018253098949601E+000  2.556731148134636E-001
  1.299999999999998E+001  8.600311597927353E-001  1.777897716037730E+000  1.022445021295464E+000  2.556723653417496E-001
  1.349999999999998E+001  8.618087781915230E-001  1.800984666470949E+000  1.026456434609941E+000  2.556716795138280E-001
  1.399999999999998E+001  8.635165727917018E-001  1.823168970336013E+000  1.030301802862061E+000  2.556710505488605E-001
  1.449999999999998E+001  8.651578777213936E-001  1.844508477607667E+000  1.033993713823013E+000  2.556704725646656E-001
  1.499999999999998E+001  8.667358950744085E-001  1.865056031724318E+000  1.037543191187932E+000  2.556699404807267E-001
  1.549999999999998E+001  8.682536909916179E-001  1.884860012542271E+000  1.040959972641752E+000  2.556694498973189E-001
  1.599999999999998E+001  8.697141938595032E-001  1.903964809048563E+000  1.044252734823396E+000  2.556689969849802E-001
  1.649999999999998E+001  8.711201944410164E-001  1.922411231715058E+000  1.047429270285404E+000  2.556685783918479E-001
  1.699999999999998E+001  8.724743475764881E-001  1.940236873383461E+000  1.050496626287649E+000  2.556681911680258E-001
  1.749999999999998E+001  8.737791750930597E-001  1.957476426237087E+000  1.053461214431596E+000  2.556678327041406E-001
  1.799999999999998E+001  8.750370696101551E-001  1.974161961175017E+000  1.056328898204820E+000  2.556675006812396E-001
  1.849999999999998E+001  8.762502989841940E-001  1.990323174856779E+000  1.059105063725517E+000  2.556671930296560E-001
  1.899999999999998E+001  8.774210111861280E-001  2.005987608826705E+000  1.061794677598197E+000  2.556669078949817E-001
  1.949999999999998E+001  8.785512394479588E-001  2.021180844426767E+000  1.064402334778856E+000  2.556666436097068E-001
  1.999999999999998E+001  8.796429075495479E-001  2.035926676634019E+000  1.066932298613846E+000  2.556663986694198E-001
  2.049999999999998E+001  8.806978351457071E-001  2.050247269487998E+000  1.069388534683483E+000  2.556661717126973E-001
  2.099999999999998E+001  8.817177430568141E-001  2.064163295383886E+000  1.071774739691399E+000  2.556659615040153E-001
  2.149999999999998E+001  8.827042584649922E-001  2.077694060182978E+000  1.074094366352429E+000  2.556657669191403E-001
  2.199999999999998E+001  8.836589199729877E-001  2.090857615820576E+000  1.076350645017000E+000  2.556655869325776E-001
  2.249999999999998E+001  8.845831824949458E-001  2.103670861863036E+000  1.078546602608395E+000  2.556654206067359E-001
  2.299999999999998E+001  8.854784219578929E-001  2.116149637272618E+000  1.080685079326692E+000  2.556652670825299E-001
  2.349999999999998E+001  8.863459398003127E-001  2.128308803474903E+000  1.082768743479538E+000  2.556651255711949E-001
  2.399999999999998E+001  8.871869672601472E-001  2.140162319683725E+000  1.084800104727917E+000  2.556649953471327E-001
  2.449999999999998E+001  8.880026694491737E-001  2.151723311319071E+000  1.086781525979244E+000  2.556648757416317E-001
  2.499999999999998E+001  8.887941492142527E-001  2.163004132250694E+000  1.088715234116633E+000  2.556647661373387E-001
  2.549999999999998E+001  8.895624507886205E-001  2.174016421511772E+000  1.090603329719127E+000  2.556646659633751E-001
  2.599999999999998E+001  8.903085632383934E-001  2.184771155050501E+000  1.092447795900714E+000  2.556645746910091E-001
  2.649999999999998E+001  8.910334237108750E-001  2.195278693021292E+000  1.094250506374617E+000  2.556644918298127E-001
  2.699999999999998E+001  8.917379204922870E-001  2.205548823059706E+000  1.096013232832251E+000  2.556644169242346E-001
  2.749999999999998E+001  8.924228958831520E-001  2.215590799935090E+000  1.097737651712525E+000  2.556643495505415E-001
  2.799999999999998E+001  8.930891488999841E-001  2.225413381931116E+000  1.099425350425987E+000  2.556642893140784E-001
  2.899999999999998E+001  8.943735226661103E-001  2.244352767009361E+000  1.102721684507225E+000  2.556641889428179E-001
  2.999999999999998E+001  8.955908803981667E-001  2.262513034593257E+000  1.105885178704724E+000  2.556641128048776E-001
  3.099999999999998E+001  8.967464188217281E-001  2.279949130784299E+000  1.108926154831024E+000  2.556640587663838E-001
  3.199999999999998E+001  8.978448261382062E-001  2.296710726507367E+000  1.111854082113026E+000  2.556640247903194E-001
  3.299999999999998E+001  8.988903416502143E-001  2.312842835268118E+000  1.114677510359309E+000  2.556640090650166E-001
  3.399999999999998E+001  8.998868065050536E-001  2.328386356117194E+000  1.117404166202340E+000  2.556640099843986E-001
  3.499999999999998E+001  9.008377078875414E-001  2.343378542720257E+000  1.120041049631650E+000  2.556640261205462E-001
  3.599999999999998E+001  9.017462176652998E-001  2.357853409192992E+000  1.122594517844170E+000  2.556640561997998E-001
  3.699999999999998E+001  9.026152262531383E-001  2.371842082380688E+000  1.125070357468167E+000  2.556640990825554E-001
  3.799999999999998E+001  9.034473723446306E-001  2.385373108677143E+000  1.127473847036898E+000  2.556641537461570E-001
  3.899999999999998E+001  9.042450690652433E-001  2.398472722114773E+000  1.129809811286260E+000  2.556642192703439E-001
  3.999999999999998E+001  9.050105270219895E-001  2.411165079340986E+000  1.132082668545398E+000  2.556642948248181E-001
  4.099999999999998E+001  9.057457746569860E-001  2.423472466182416E+000  1.134296472252678E+000  2.556643796585812E-001
  4.199999999999998E+001  9.064526762546936E-001  2.435415479749052E+000  1.136454947446921E+000  2.556644730907489E-001
  4.299999999999998E+001  9.071329479035917E-001  2.447013189412537E+000  1.138561522940386E+000  2.556645745026132E-001
  4.399999999999998E+001  9.077881716712212E-001  2.458283279481836E+000  1.140619359765393E+000  2.556646833307587E-001
  4.499999999999998E+001  9.084198082159003E-001  2.469242175975010E+000  1.142631376393474E+000  2.556647990610681E-001
  4.599999999999998E+001  9.090292080279760E-001  2.479905159531927E+000  1.144600271149906E+000  2.556649212234934E-001
  4.699999999999998E+001  9.096176214674933E-001  2.490286466216562E+000  1.146528542183493E+000  2.556650493874748E-001
  4.799999999999998E+001  9.101862077429028E-001  2.500399377708941E+000  1.148418505299197E+000  2.556651831579182E-001
  4.899999999999998E+001  9.107360429563679E-001  2.510256302177231E+000  1.150272309917390E+000  2.556653221716538E-001
  4.999999999999998E+001  9.112681273248743E-001  2.519868846943437E+000  1.152091953386717E+000  2.556654660943096E-001
  5.099999999999998E+001  9.117833916722903E-001  2.529247883905984E+000  1.153879293846453E+000  2.556656146175424E-001
  5.199999999999998E+001  9.122827032754079E-001  2.538403608554809E+000  1.155636061807913E+000  2.556657674565836E-001
  5.399999999999998E+001  9.132402629454304E-001  2.555981123073813E+000  1.159098634952397E+000  2.556660846435803E-001
  5.599999999999998E+001  9.141427105948668E-001  2.572779855134723E+000  1.162453438188902E+000  2.556664163279163E-001
  5.799999999999998E+001  9.149952256128489E-001  2.588861215072742E+000  1.165711161577332E+000  2.556667607284708E-001
  5.999999999999998E+001  9.158023585351370E-001  2.604279915845614E+000  1.168881174072676E+000  2.556671164337199E-001
  6.199999999999998E+001  9.165681232087701E-001  2.619084887239398E+000  1.171971691434340E+000  2.556674822194273E-001
  6.399999999999998E+001  9.172960732595294E-001  2.633320043028605E+000  1.174989942950322E+000  2.556678570157759E-001
  6.599999999999997E+001  9.179893659186903E-001  2.647024927198657E+000  1.177942311159990E+000  2.556682398840727E-001
  6.799999999999997E+001  9.186508155674448E-001  2.660235261095271E+000  1.180834448373464E+000  2.556686299975847E-001
  6.999999999999997E+001  9.192829388697001E-001  2.672983408957331E+000  1.183671374346473E+000  2.556690266256142E-001
  7.199999999999997E+001  9.198879929873498E-001  2.685298775839700E+000  1.186457558664087E+000  2.556694291202059E-001
  7.399999999999997E+001  9.204680080781555E-001  2.697208149233257E+000  1.189196990630051E+000  2.556698369049860E-001
  7.599999999999997E+001  9.210248150455324E-001  2.708735993563939E+000  1.191893238866157E+000  2.556702494657527E-001
  7.799999999999997E+001  9.215600693271121E-001  2.719904705068284E+000  1.194549502375253E+000  2.556706663425009E-001
  7.999999999999997E+001  9.220752713640923E-001  2.730734833200041E+000  1.197168654476659E+000  2.556710871226342E-001
  8.199999999999997E+001  9.225717842776719E-001  2.741245273645412E+000  1.199753280756026E+000  2.556715114351669E-001
  8.399999999999997E+001  9.230508491859607E-001  2.751453437156204E+000  1.202305711962715E+000  2.556719389457444E-001
  8.599999999999997E+001  9.235135985198911E-001  2.761375397706062E+000  1.204828052622343E+000  2.556723693523602E-001
  8.799999999999997E+001  9.239610676358744E-001  2.771026022901579E+000  1.207322205999900E+000  2.556728023816501E-001
  8.999999999999997E+001  9.243942049735607E-001  2.780419089110448E+000  1.209789895942271E+000  2.556732377856826E-001
  9.499999999999997E+001  9.254301545606403E-001  2.802600139562707E+000  1.215980930578767E+000  2.556743327674967E-001
  9.999999999999997E+001  9.263928982389512E-001  2.823451059608111E+000  1.222018974543192E+000  2.556754384975973E-001
  1.050000000000000E+002  9.272921789276276E-001  2.843117044339362E+000  1.227923809020179E+000  2.556765523272725E-001
  1.100000000000000E+002  9.281360473790237E-001  2.861721339660028E+000  1.233711026654700E+000  2.556776723178813E-001
  1.150000000000000E+002  9.289312139042544E-001  2.879369379163371E+000  1.239393064164386E+000  2.556787968977955E-001
  1.200000000000000E+002  9.296833160587687E-001  2.896152001997123E+000  1.244979947850512E+000  2.556799247820083E-001
  1.250000000000000E+002  9.303971247530888E-001  2.912147983906557E+000  1.250479836205320E+000  2.556810549125064E-001
  1.300000000000000E+002  9.310767046723701E-001  2.927426048638603E+000  1.255899424300249E+000  2.556821864129051E-001
  1.350000000000000E+002  9.317255403865761E-001  2.942046481605633E+000  1.261244250890198E+000  2.556833185535091E-001
  1.400000000000000E+002  9.323466364100246E-001  2.956062435824402E+000  1.266518934912003E+000  2.556844507240835E-001
  1.450000000000000E+002  9.329425972749729E-001  2.969520997393806E+000  1.271727359548332E+000  2.556855824124092E-001
  1.500000000000000E+002  9.335156921232045E-001  2.982464061330738E+000  1.276872816682878E+000  2.556867131872368E-001
  1.550000000000000E+002  9.340679071961743E-001  2.994929056555860E+000  1.281958121041779E+000  2.556878426846232E-001
  1.600000000000000E+002  9.346009887863334E-001  3.006949549924256E+000  1.286985700891625E+000  2.556889705968949E-001
  1.650000000000000E+002  9.351164786103858E-001  3.018555752546233E+000  1.291957670450685E+000  2.556900966636713E-001
  1.700000000000000E+002  9.356157431178304E-001  3.029774946624067E+000  1.296875887931993E+000  2.556912206645107E-001
  1.750000000000000E+002  9.360999979124133E-001  3.040631847207193E+000  1.301742002227017E+000  2.556923424128542E-001
  1.800000000000000E+002  9.365703282099289E-001  3.051148910330479E+000  1.306557490560456E+000  2.556934617510035E-001
  1.850000000000000E+002  9.370277060617402E-001  3.061346596724954E+000  1.311323688935232E+000  2.556945785459377E-001
  1.900000000000000E+002  9.374730049240079E-001  3.071243598514544E+000  1.316041816797088E+000  2.556956926858077E-001
  1.950000000000000E+002  9.379070120368402E-001  3.080857034916343E+000  1.320712997048654E+000  2.556968040769856E-001
  2.000000000000000E+002  9.383304389871235E-001  3.090202621857346E+000  1.325338272310765E+000  2.556979126415701E-001
  2.050000000000000E+002  9.387439307577241E-001  3.099294819540498E+000  1.329918618147703E+000  2.556990183152663E-001
  2.100000000000000E+002  9.391480735095172E-001  3.108146961288002E+000  1.334454953830849E+000  2.557001210455795E-001
  2.150000000000000E+002  9.395434012979444E-001  3.116771366421389E+000  1.338948151102870E+000  2.557012207902669E-001
  2.200000000000000E+002  9.399304018899892E-001  3.125179439477513E+000  1.343399041315459E+000  2.557023175160080E-001
  2.250000000000000E+002  9.403095218186422E-001  3.133381757684403E+000  1.347808421242490E+000  2.557034111972594E-001
  2.300000000000000E+002  9.406811707886026E-001  3.141388148313909E+000  1.352177057813547E+000  2.557045018152629E-001
  2.350000000000000E+002  9.410457255280289E-001  3.149207757275552E+000  1.356505691966968E+000  2.557055893571849E-001
  2.400000000000000E+002  9.414035331656747E-001  3.156849110107238E+000  1.360795041784690E+000  2.557066738153699E-001
  2.450000000000000E+002  9.417549142000423E-001  3.164320166345479E+000  1.365045805041269E+000  2.557077551866863E-001
  2.500000000000000E+002  9.421001651167495E-001  3.171628368113488E+000  1.369258661275265E+000  2.557088334719579E-001
  2.550000000000000E+002  9.424395607016377E-001  3.178780683644895E+000  1.373434273471467E+000  2.557099086754635E-001
  2.600000000000000E+002  9.427733560899864E-001  3.185783646359460E+000  1.377573289426414E+000  2.557109808044979E-001
  2.700000000000000E+002  9.434324417709019E-001  3.199258694936165E+000  1.385822743226745E+000  2.557131113984616E-001
  2.800000000000000E+002  9.440713912236688E-001  3.212213102498227E+000  1.393923519914976E+000  2.557152301852655E-001
  2.900000000000000E+002  9.446917124274540E-001  3.224685843937668E+000  1.401882060108193E+000  2.557173371448903E-001
  3.000000000000000E+002  9.452947342773182E-001  3.236711693141495E+000  1.409704135154336E+000  2.557194323891972E-001
  3.050000000000000E+002  9.455871770861691E-001  3.242608185769024E+000  1.413534435676284E+000  2.557204777181867E-001
  3.100000000000000E+002  9.458757959904375E-001  3.248403024147579E+000  1.417334482088930E+000  2.557215200372194E-001
  3.150000000000000E+002  9.461607172629137E-001  3.254099681646870E+000  1.421104660132501E+000  2.557225594397410E-001
  3.200000000000000E+002  9.464420601391249E-001  3.259701456930552E+000  1.424845405118045E+000  2.557235959671726E-001
  3.250000000000000E+002  9.467199373709337E-001  3.265211485538864E+000  1.428557172016994E+000  2.557246296518714E-001
  3.300000000000000E+002  9.469944557161909E-001  3.270632750469246E+000  1.432240421655766E+000  2.557256605220957E-001
  3.350000000000000E+002  9.472657163783696E-001  3.275968091891362E+000  1.435895614308766E+000  2.557266886042781E-001
  3.400000000000000E+002  9.475338154044501E-001  3.281220216093642E+000  1.439523206536562E+000  2.557277139239968E-001
  3.450000000000000E+002  9.477988440467061E-001  3.286391703738432E+000  1.443123649508987E+000  2.557287365063911E-001
  3.500000000000000E+002  9.480608890926894E-001  3.291485017491009E+000  1.446697388060069E+000  2.557297563763378E-001
  3.550000000000000E+002  9.483200331669204E-001  3.296502509079422E+000  1.450244860133539E+000  2.557307735585276E-001
  3.600000000000000E+002  9.485763550072335E-001  3.301446425835687E+000  1.453766496452508E+000  2.557317880774938E-001
  3.700000000000000E+002  9.490851421903770E-001  3.311064927085889E+000  1.460776873657637E+000  2.557338059120789E-001
  3.800000000000000E+002  9.495833161303743E-001  3.320416804419528E+000  1.467684980279685E+000  2.557358136009783E-001
  3.900000000000000E+002  9.500713962773965E-001  3.329516605218054E+000  1.474494562877380E+000  2.557378112373849E-001
  4.000000000000000E+002  9.505498601574820E-001  3.338377718300690E+000  1.481209084087057E+000  2.557397989814659E-001
  4.100000000000000E+002  9.510191479761125E-001  3.347012493293048E+000  1.487831804668776E+000  2.557417770046610E-001
  4.200000000000000E+002  9.514796666247695E-001  3.355432345178622E+000  1.494365816771184E+000  2.557437454796023E-001
  4.300000000000000E+002  9.519317931644230E-001  3.363647846096988E+000  1.500814061766667E+000  2.557457045768955E-001
  4.400000000000000E+002  9.523758778601279E-001  3.371668806183035E+000  1.507179342294020E+000  2.557476544639353E-001
  4.500000000000000E+002  9.528122468321537E-001  3.379504344969166E+000  1.513464331624367E+000  2.557495953043943E-001
  4.600000000000000E+002  9.532412043793985E-001  3.387162954636155E+000  1.519671581545244E+000  2.557515272579851E-001
  4.700000000000000E+002  9.536630350221612E-001  3.394652556200587E+000  1.525803529301835E+000  2.557534504803579E-001
  4.800000000000000E+002  9.540780053039110E-001  3.401980549562019E+000  1.531862503871933E+000  2.557553651230727E-001
  4.900000000000000E+002  9.544863653854712E-001  3.409153858195789E+000  1.537850731731249E+000  2.557572713336184E-001
  5.000000000000000E+002  9.548883504598386E-001  3.416178969162931E+000  1.543770342205089E+000  2.557591692554643E-001
  5.100000000000000E+002  9.552841820115493E-001  3.423061969012691E+000  1.549623372469325E+000  2.557610590281331E-001
  5.200000000000000E+002  9.556740689408814E-001  3.429808576072440E+000  1.555411772244349E+000  2.557629407872882E-001
  5.300000000000000E+002  9.560582085701954E-001  3.436424169551872E+000  1.561137408214059E+000  2.557648146648310E-001
  5.400000000000000E+002  9.564367875471812E-001  3.442913815830653E+000  1.566802068194399E+000  2.557666807890056E-001
  5.500000000000000E+002  9.568099826576669E-001  3.449282292249967E+000  1.572407465071100E+000  2.557685392845063E-001
  5.600000000000000E+002  9.571779615588796E-001  3.455534108686615E+000  1.577955240522867E+000  2.557703902725896E-001
  5.700000000000000E+002  9.575408834425271E-001  3.461673527152817E+000  1.583446968543864E+000  2.557722338711846E-001
  5.800000000000000E+002  9.578988996358134E-001  3.467704579634387E+000  1.588884158777665E+000  2.557740701950048E-001
  5.900000000000000E+002  9.582521541474086E-001  3.473631084353662E+000  1.594268259673516E+000  2.557758993556565E-001
  6.000000000000000E+002  9.586007841644916E-001  3.479456660621084E+000  1.599600661474792E+000  2.557777214617488E-001
  6.100000000000000E+002  9.589449205061807E-001  3.485184742419728E+000  1.604882699048777E+000  2.557795366189977E-001
  6.200000000000000E+002  9.592846880380089E-001  3.490818590850203E+000  1.610115654566280E+000  2.557813449303286E-001
  6.300000000000000E+002  9.596202060515223E-001  3.496361305548665E+000  1.615300760039083E+000  2.557831464959771E-001
  6.400000000000000E+002  9.599515886125721E-001  3.501815835177878E+000  1.620439199722791E+000  2.557849414135841E-001
  6.500000000000000E+002  9.602789448814665E-001  3.507184987080147E+000  1.625532112392305E+000  2.557867297782894E-001
  6.600000000000000E+002  9.606023794077462E-001  3.512471436171114E+000  1.630580593496720E+000  2.557885116828221E-001
  6.700000000000000E+002  9.609219924020622E-001  3.517677733144914E+000  1.635585697200218E+000  2.557902872175859E-001
  6.800000000000000E+002  9.612378799873109E-001  3.522806312053717E+000  1.640548438315135E+000  2.557920564707424E-001
  6.900000000000000E+002  9.615501344309972E-001  3.527859497317886E+000  1.645469794133150E+000  2.557938195282903E-001
  7.000000000000000E+002  9.618588443605146E-001  3.532839510217437E+000  1.650350706160205E+000  2.557955764741420E-001
  7.200000000000000E+002  9.624712146878289E-001  3.542526867252866E+000  1.660043516758523E+000  2.557990658540617E-001
  7.300000000000000E+002  9.627697873662868E-001  3.547299807589945E+000  1.664807421862471E+000  2.558008050506187E-001
  7.400000000000000E+002  9.630651360393540E-001  3.552007541476093E+000  1.669534423680640E+000  2.558025383902239E-001
  7.500000000000000E+002  9.633573339916190E-001  3.556651856778171E+000  1.674225274399730E+000  2.558042659930793E-001
  7.600000000000000E+002  9.636464518584091E-001  3.561234468490254E+000  1.678880716785597E+000  2.558059879411024E-001
  7.700000000000000E+002  9.639325577619003E-001  3.565757022660281E+000  1.683501473794085E+000  2.558077043084300E-001
  7.800000000000000E+002  9.642157174365549E-001  3.570221100045392E+000  1.688088246578110E+000  2.558094151660227E-001
  8.000000000000000E+002  9.647777402402558E-001  3.578929850828342E+000  1.697202705141798E+000  2.558128148201913E-001
  8.200000000000000E+002  9.653285079573731E-001  3.587424639828771E+000  1.706185921451765E+000  2.558161935061321E-001
  8.400000000000000E+002  9.658684817444525E-001  3.595715906171730E+000  1.715043148406514E+000  2.558195516483839E-001
  8.600000000000000E+002  9.663980937009028E-001  3.603813339724171E+000  1.723779239718980E+000  2.558228897080048E-001
  8.800000000000000E+002  9.669177493026770E-001  3.611725951174196E+000  1.732398715918311E+000  2.558262081366159E-001
  9.000000000000000E+002  9.674278295936810E-001  3.619462134129539E+000  1.740905803558468E+000  2.558295073711215E-001
  9.200000000000000E+002  9.679286931575595E-001  3.627029720283804E+000  1.749304464763056E+000  2.558327878329896E-001
  9.400000000000000E+002  9.684206778935686E-001  3.634436028553850E+000  1.757598421420838E+000  2.558360499284781E-001
  9.600000000000000E+002  9.689041026185562E-001  3.641687908960285E+000  1.765791175827996E+000  2.558392940491608E-001
  9.800000000000000E+002  9.693792685147623E-001  3.648791781910834E+000  1.773886028721010E+000  2.558425205725580E-001
  1.000000000000000E+003  9.698464604408419E-001  3.655753673452391E+000  1.781886095260105E+000  2.558457298627960E-001
  1.020000000000000E+003  9.703059481213668E-001  3.662579246977968E+000  1.789794319328726E+000  2.558489222712548E-001
  1.040000000000000E+003  9.707579872281683E-001  3.669273831807937E+000  1.797613486407594E+000  2.558520981371931E-001
  1.060000000000000E+003  9.712028203652260E-001  3.675842449008158E+000  1.805346235218320E+000  2.558552577883397E-001
  1.080000000000000E+003  9.716406779673491E-001  3.682289834759507E+000  1.812995068290830E+000  2.558584015414543E-001
  1.100000000000000E+003  9.720717791216605E-001  3.688620461552332E+000  1.820562361580908E+000  2.558615297028519E-001
  1.120000000000000E+003  9.724963323198016E-001  3.694838557444442E+000  1.828050373243902E+000  2.558646425688984E-001
  1.140000000000000E+003  9.729145361478377E-001  3.700948123591073E+000  1.835461251655096E+000  2.558677404264725E-001
  1.160000000000000E+003  9.733265799200357E-001  3.706952950229833E+000  1.842797042755079E+000  2.558708235534033E-001
  1.180000000000000E+003  9.737326442619717E-001  3.712856631281108E+000  1.850059696788349E+000  2.558738922188772E-001
  1.200000000000000E+003  9.741329016478111E-001  3.718662577705565E+000  1.857251074495200E+000  2.558769466838238E-001
  1.220000000000000E+003  9.745275168960726E-001  3.724374029743556E+000  1.864372952809768E+000  2.558799872012764E-001
  1.240000000000000E+003  9.749166476277051E-001  3.729994068146957E+000  1.871427030111229E+000  2.558830140167125E-001
  1.260000000000000E+003  9.753004446899164E-001  3.735525624501443E+000  1.878414931069813E+000  2.558860273683754E-001
  1.280000000000000E+003  9.756790525487956E-001  3.740971490726140E+000  1.885338211124870E+000  2.558890274875746E-001
  1.300000000000000E+003  9.760526096535003E-001  3.746334327828174E+000  1.892198360628187E+000  2.558920145989734E-001
  1.320000000000000E+003  9.764212487744519E-001  3.751616673981240E+000  1.898996808682363E+000  2.558949889208569E-001
  1.340000000000000E+003  9.767850973177666E-001  3.756820951989783E+000  1.905734926700904E+000  2.558979506653882E-001
  1.360000000000000E+003  9.771442776179173E-001  3.761949476194154E+000  1.912414031714051E+000  2.559009000388486E-001
  1.380000000000000E+003  9.774989072104255E-001  3.767004458866227E+000  1.919035389441944E+000  2.559038372418667E-001
  1.400000000000000E+003  9.778490990862201E-001  3.771988016139963E+000  1.925600217154575E+000  2.559067624696352E-001
  1.450000000000000E+003  9.787161475123975E-001  3.784030063273765E+000  1.941866618567423E+000  2.559140024886877E-001
  1.460000000000000E+003  9.788837307696769E-001  3.786420174977068E+000  1.945053790274703E+000  2.559154478962731E-001
  1.480000000000000E+003  9.792171962972890E-001  3.791137546973795E+000  1.951402247625664E+000  2.559183271738658E-001
  1.500000000000000E+003  9.795467270862575E-001  3.795792809200210E+000  1.957699767077906E+000  2.559211953501124E-001
  1.520000000000000E+003  9.798724135073201E-001  3.800387604194728E+000  1.963947284549279E+000  2.559240526003054E-001
  1.540000000000000E+003  9.801943427390291E-001  3.804923509740142E+000  1.970145718591764E+000  2.559268990943518E-001
  1.560000000000000E+003  9.805125989244393E-001  3.809402042238939E+000  1.976295965332941E+000  2.559297349948784E-001
  1.580000000000000E+003  9.808272633166020E-001  3.813824659868824E+000  1.982398896299276E+000  2.559325604587769E-001
  1.600000000000000E+003  9.811384144144797E-001  3.818192765536469E+000  1.988455357825520E+000  2.559353756381609E-001
  1.650000000000000E+003  9.819092987274353E-001  3.828792253074436E+000  2.003470583055633E+000  2.559423508799818E-001
  1.660000000000000E+003  9.820589070266568E-001  3.830898186061263E+000  2.006420555731961E+000  2.559437436297088E-001
  1.680000000000000E+003  9.823567226463181E-001  3.835061322665803E+000  2.012298068236283E+000  2.559465191985270E-001
  1.700000000000000E+003  9.826513794487816E-001  3.839176222307798E+000  2.018133084380834E+000  2.559492851614766E-001
  1.720000000000000E+003  9.829429419237854E-001  3.843244008891107E+000  2.023926281573455E+000  2.559520416571637E-001
  1.740000000000000E+003  9.832314725453110E-001  3.847265767213286E+000  2.029678329074875E+000  2.559547888196618E-001
  1.760000000000000E+003  9.835170318596960E-001  3.851242544768679E+000  2.035389883740884E+000  2.559575267772892E-001
  1.780000000000000E+003  9.837996785679151E-001  3.855175353446961E+000  2.041061588007132E+000  2.559602556539438E-001
  1.800000000000000E+003  9.840794696029030E-001  3.859065171135153E+000  2.046694069102112E+000  2.559629755699048E-001
  1.820000000000000E+003  9.843564602024941E-001  3.862912943229901E+000  2.052287938887625E+000  2.559656866422907E-001
  1.840000000000000E+003  9.846307039783944E-001  3.866719584066272E+000  2.057843794027258E+000  2.559683889853426E-001
  1.860000000000000E+003  9.849022529815162E-001  3.870485978268575E+000  2.063362216327836E+000  2.559710827106190E-001
  1.880000000000000E+003  9.851711577639364E-001  3.874212982028336E+000  2.068843773169533E+000  2.559737679271367E-001
  1.900000000000000E+003  9.854374674377161E-001  3.877901424314140E+000  2.074289017977438E+000  2.559764447414837E-001
  1.950000000000000E+003  9.860977732792274E-001  3.886893521551529E+000  2.087797209652384E+000  2.559830855789748E-001
  1.960000000000000E+003  9.862265071681211E-001  3.888682068543966E+000  2.090458870843874E+000  2.559844117941118E-001
  1.980000000000000E+003  9.864828896001039E-001  3.892224085282750E+000  2.095763533475774E+000  2.559870560879760E-001
  2.000000000000000E+003  9.867369023198918E-001  3.895731314349653E+000  2.101034520911291E+000  2.559896924588514E-001
  2.020000000000000E+003  9.869885869198504E-001  3.899204443512080E+000  2.106272292486487E+000  2.559923210074502E-001
  2.040000000000000E+003  9.872379838857449E-001  3.902644140195344E+000  2.111477305016057E+000  2.559949418309062E-001
  2.060000000000000E+003  9.874851326381556E-001  3.906051052282008E+000  2.116650009627488E+000  2.559975550221333E-001
  2.080000000000000E+003  9.877300715713998E-001  3.909425808871398E+000  2.121790850163694E+000  2.560001606709064E-001
  2.100000000000000E+003  9.879728380903720E-001  3.912769021002041E+000  2.126900262442355E+000  2.560027588644909E-001
  2.150000000000000E+003  9.885750301398663E-001  3.920938835929057E+000  2.139579896009535E+000  2.560092089506972E-001
  2.200000000000000E+003  9.891641765239199E-001  3.928926453218414E+000  2.152069090009888E+000  2.560156148184211E-001
  2.250000000000000E+003  9.897408033373418E-001  3.936739944956289E+000  2.164374417910701E+000  2.560219775525449E-001
  2.300000000000000E+003  9.903054054651473E-001  3.944386855024633E+000  2.176502021433893E+000  2.560282982571462E-001
  2.350000000000000E+003  9.908584490276564E-001  3.951874244338165E+000  2.188457706643786E+000  2.560345780027447E-001
  2.400000000000000E+003  9.914003736012663E-001  3.959208731350938E+000  2.200246991616436E+000  2.560408178166674E-001
  2.450000000000000E+003  9.919315942311419E-001  3.966396528401955E+000  2.211875136329401E+000  2.560470186817412E-001
  2.500000000000000E+003  9.924525032560095E-001  3.973443474398910E+000  2.223347164764546E+000  2.560531815374847E-001
  2.550000000000000E+003  9.929634719647112E-001  3.980355064272976E+000  2.234667882913267E+000  2.560593072820709E-001
  2.600000000000000E+003  9.934648521024473E-001  3.987136475579930E+000  2.245841894197065E+000  2.560653967744693E-001
  2.650000000000000E+003  9.939569772426633E-001  3.993792592573174E+000  2.256873613010488E+000  2.560714508365681E-001
  2.700000000000000E+003  9.944401640387078E-001  4.000328028031855E+000  2.267767276773635E+000  2.560774702552047E-001
  2.750000000000000E+003  9.949147133677217E-001  4.006747143090914E+000  2.278526956742168E+000  2.560834557840835E-001
  2.800000000000000E+003  9.953809113777514E-001  4.013054065288828E+000  2.289156567754476E+000  2.560894081455780E-001
  2.850000000000000E+003  9.958390304478155E-001  4.019252705022134E+000  2.299659877057055E+000  2.560953280324255E-001
  2.900000000000000E+003  9.962893300695230E-001  4.025346770572725E+000  2.310040512324175E+000  2.561012161093136E-001
  2.950000000000000E+003  9.967320576578862E-001  4.031339781854195E+000  2.320301968969960E+000  2.561070730143717E-001
  3.000000000000000E+003  9.971674492980980E-001  4.037235083006156E+000  2.330447616837008E+000  2.561128993605694E-001
  3.050000000000000E+003  9.975957304343179E-001  4.043035853950668E+000  2.340480706334219E+000  2.561186957370326E-001
  3.100000000000000E+003  9.980171165058425E-001  4.048745121011910E+000  2.350404374086912E+000  2.561244627102789E-001
  3.150000000000000E+003  9.984318135354741E-001  4.054365766688847E+000  2.360221648154103E+000  2.561302008253816E-001
  3.200000000000000E+003  9.988400186743851E-001  4.059900538660827E+000  2.369935452860705E+000  2.561359106070634E-001
  3.250000000000000E+003  9.992419207073332E-001  4.065352058097309E+000  2.379548613286358E+000  2.561415925607282E-001
  3.300000000000000E+003  9.996377005216962E-001  4.070722827335466E+000  2.389063859447286E+000  2.561472471734330E-001
  3.350000000000000E+003  1.000027531543433E+000  4.076015236982437E+000  2.398483830203054E+000  2.561528749148027E-001
  3.400000000000000E+003  1.000411580142777E+000  4.081231572493428E+000  2.407811076916137E+000  2.561584762378947E-001
  3.450000000000000E+003  1.000790006012196E+000  4.086374020271400E+000  2.417048066888849E+000  2.561640515800127E-001
  3.500000000000000E+003  1.001162962518895E+000  4.091444673329591E+000  2.426197186599226E+000  2.561696013634762E-001
  3.550000000000000E+003  1.001530597033933E+000  4.096445536554010E+000  2.435260744754902E+000  2.561751259963461E-001
  3.600000000000000E+003  1.001893051239832E+000  4.101378531599401E+000  2.444240975181797E+000  2.561806258731089E-001
  3.650000000000000E+003  1.002250461418369E+000  4.106245501448925E+000  2.453140039562526E+000  2.561861013753252E-001
  3.700000000000000E+003  1.002602958720089E+000  4.111048214664997E+000  2.461960030037682E+000  2.561915528722394E-001
  3.750000000000000E+003  1.002950669416959E+000  4.115788369356055E+000  2.470702971681704E+000  2.561969807213583E-001
  3.800000000000000E+003  1.003293715139421E+000  4.120467596881761E+000  2.479370824863663E+000  2.562023852689962E-001
  3.900000000000000E+003  1.003970605299120E+000  4.129593239948517E+000  2.496532515210130E+000  2.562131047049069E-001
  4.000000000000000E+003  1.004629932011396E+000  4.138496034233337E+000  2.513413419467918E+000  2.562237355484216E-001
  4.050000000000000E+003  1.004951302788849E+000  4.142893058490208E+000  2.521732253638842E+000  2.562290285271822E-001
  4.100000000000000E+003  1.005268651761536E+000  4.147237719676751E+000  2.529986513157266E+000  2.562343000138653E-001
  4.150000000000000E+003  1.005582073675062E+000  4.151531267614941E+000  2.538177756637306E+000  2.562395503434514E-001
  4.200000000000000E+003  1.005891660088167E+000  4.155774907712807E+000  2.546307510356175E+000  2.562447797996698E-001
  4.250000000000000E+003  1.006197499511196E+000  4.159969803051856E+000  2.554377252861725E+000  2.562499886490198E-001
  4.300000000000000E+003  1.006499677536650E+000  4.164117076350996E+000  2.562388413715118E+000  2.562551771489066E-001
  4.400000000000000E+003  1.007096724718765E+000  4.172228703768350E+000  2.578277559383451E+000  2.562654757159284E-001
  4.500000000000000E+003  1.007679911864499E+000  4.180164354648679E+000  2.593946607538146E+000  2.562756963357511E-001
  4.600000000000000E+003  1.008249841657149E+000  4.187931605680406E+000  2.609405511932307E+000  2.562858407752733E-001
  4.650000000000000E+003  1.008528540266636E+000  4.191774001683716E+000  2.617041884500275E+000  2.562908935831241E-001
  4.700000000000000E+003  1.008804170112590E+000  4.195576504594523E+000  2.624629579735101E+000  2.562959278461810E-001
  4.750000000000000E+003  1.009076795455214E+000  4.199339945948883E+000  2.632169676210305E+000  2.563009438095636E-001
  4.800000000000000E+003  1.009346478628026E+000  4.203065131445197E+000  2.639663225833798E+000  2.563059416803053E-001
  4.900000000000000E+003  1.009879923498768E+000  4.210367951982995E+000  2.654547028803554E+000  2.563158676072675E-001
  5.000000000000000E+003  1.010402179777662E+000  4.217528252513553E+000  2.669254964655451E+000  2.563257238543902E-001
  5.100000000000000E+003  1.010913690857020E+000  4.224551565911087E+000  2.683794333883020E+000  2.563355118281864E-001
  5.200000000000000E+003  1.011414875112207E+000  4.231443107707338E+000  2.698172023723854E+000  2.563452329160133E-001
  5.300000000000000E+003  1.011906127703271E+000  4.238207799954352E+000  2.712394531556245E+000  2.563548884498593E-001
  5.400000000000000E+003  1.012387822216899E+000  4.244850292880695E+000  2.726467983165844E+000  2.563644797075398E-001
  5.500000000000000E+003  1.012860312166938E+000  4.251374984582207E+000  2.740398154057475E+000  2.563740079170718E-001
  5.600000000000000E+003  1.013323932368577E+000  4.257786038958456E+000  2.754190491697831E+000  2.563834742603998E-001
  5.700000000000000E+003  1.013779000198983E+000  4.264087402079804E+000  2.767850137173439E+000  2.563928798764488E-001
  5.800000000000000E+003  1.014225816755469E+000  4.270282817147335E+000  2.781381945685859E+000  2.564022258637543E-001
  5.900000000000000E+003  1.014664667921023E+000  4.276375838188604E+000  2.794790505738163E+000  2.564115132828088E-001
  6.000000000000000E+003  1.015095825345869E+000  4.282369842615481E+000  2.808080157024194E+000  2.564207431581935E-001
  6.100000000000000E+003  1.015519547352802E+000  4.288268042755792E+000  2.821255007082404E+000  2.564299164805300E-001
  6.200000000000000E+003  1.015936079773233E+000  4.294073496457955E+000  2.834318946788896E+000  2.564390342082756E-001
  6.300000000000000E+003  1.016345656720124E+000  4.299789116856627E+000  2.847275664765113E+000  2.564480972693781E-001
  6.400000000000000E+003  1.016748501303391E+000  4.305417681377956E+000  2.860128660772614E+000  2.564571065628058E-001
  6.500000000000000E+003  1.017144826292748E+000  4.310961840054431E+000  2.872881258163570E+000  2.564660629599629E-001
  6.600000000000000E+003  1.017534834732506E+000  4.316424123211922E+000  2.885536615451464E+000  2.564749673060033E-001
  6.700000000000000E+003  1.017918720512375E+000  4.321806948585041E+000  2.898097737062508E+000  2.564838204210521E-001
  6.800000000000000E+003  1.018296668897933E+000  4.327112627911140E+000  2.910567483324419E+000  2.564926231013440E-001
  6.900000000000000E+003  1.018668857024075E+000  4.332343373048067E+000  2.922948579745445E+000  2.565013761202835E-001
  7.000000000000000E+003  1.019035454354444E+000  4.337501301656584E+000  2.935243625633063E+000  2.565100802294397E-001
  7.100000000000000E+003  1.019396623109570E+000  4.342588442483890E+000  2.947455102098413E+000  2.565187361594750E-001
  7.200000000000000E+003  1.019752518666183E+000  4.347606740281628E+000  2.959585379489516E+000  2.565273446210187E-001
  7.300000000000000E+003  1.020103289929970E+000  4.352558060388159E+000  2.971636724293424E+000  2.565359063054877E-001
  7.400000000000000E+003  1.020449079683809E+000  4.357444193002339E+000  2.983611305544804E+000  2.565444218858584E-001
  7.500000000000000E+003  1.020790024913358E+000  4.362266857173374E+000  2.995511200776046E+000  2.565528920173955E-001
  7.600000000000000E+003  1.021126257111717E+000  4.367027704529111E+000  3.007338401541632E+000  2.565613173383394E-001
  7.700000000000000E+003  1.021457902564705E+000  4.371728322763065E+000  3.019094818547406E+000  2.565696984705569E-001
  7.800000000000000E+003  1.021785082618216E+000  4.376370238898721E+000  3.030782286413376E+000  2.565780360201561E-001
  7.900000000000000E+003  1.022107913928916E+000  4.380954922347928E+000  3.042402568096726E+000  2.565863305780701E-001
  8.000000000000000E+003  1.022426508699533E+000  4.385483787778834E+000  3.053957359000009E+000  2.565945827206109E-001
  8.100000000000000E+003  1.022740974899815E+000  4.389958197807378E+000  3.065448290787753E+000  2.566027930099949E-001
  8.200000000000000E+003  1.023051416474163E+000  4.394379465525245E+000  3.076876934933095E+000  2.566109619948435E-001
  8.300000000000000E+003  1.023357933536906E+000  4.398748856876050E+000  3.088244806014627E+000  2.566190902106594E-001
  8.400000000000000E+003  1.023660622556036E+000  4.403067592890578E+000  3.099553364782122E+000  2.566271781802813E-001
  8.500000000000000E+003  1.023959576526222E+000  4.407336851790959E+000  3.110804021008544E+000  2.566352264143149E-001
  8.600000000000000E+003  1.024254885131827E+000  4.411557770972954E+000  3.121998136144466E+000  2.566432354115493E-001
  8.700000000000000E+003  1.024546634900582E+000  4.415731448874699E+000  3.133137025789802E+000  2.566512056593497E-001
  8.800000000000000E+003  1.024834909348579E+000  4.419858946739590E+000  3.144221961996738E+000  2.566591376340365E-001
  8.900000000000000E+003  1.025119789117112E+000  4.423941290280512E+000  3.155254175416646E+000  2.566670318012473E-001
  9.000000000000000E+003  1.025401352101932E+000  4.427979471251888E+000  3.166234857302816E+000  2.566748886162818E-001
  9.100000000000000E+003  1.025679673575392E+000  4.431974448935651E+000  3.177165161380010E+000  2.566827085244359E-001
  9.200000000000000E+003  1.025954826301949E+000  4.435927151546725E+000  3.188046205590890E+000  2.566904919613184E-001
  9.400000000000000E+003  1.026498712250824E+000  4.443669333968240E+000  3.209715911329618E+000  2.567059190411749E-001
  9.600000000000000E+003  1.027030608642334E+000  4.451254502466937E+000  3.231198192931857E+000  2.567212060477797E-001
  9.800000000000000E+003  1.027551024882084E+000  4.458688989316864E+000  3.252501181308374E+000  2.567363560966653E-001
  1.000000000000000E+004  1.028060438962741E+000  4.465978749582280E+000  3.273632486327916E+000  2.567513721896467E-001
  1.020000000000000E+004  1.028559299964533E+000  4.473129390553743E+000  3.294599263157545E+000  2.567662572123705E-001
  1.040000000000000E+004  1.029048030317348E+000  4.480146198366759E+000  3.315408262623778E+000  2.567810139404339E-001
  1.060000000000000E+004  1.029527027848973E+000  4.487034162119508E+000  3.336065868535994E+000  2.567956450444941E-001
  1.080000000000000E+004  1.029996667642179E+000  4.493797995765968E+000  3.356578127288079E+000  2.568101530955310E-001
  1.100000000000000E+004  1.030457303721167E+000  4.500442158026129E+000  3.376950772793401E+000  2.568245405701122E-001
  1.120000000000000E+004  1.030909270585556E+000  4.506970870524962E+000  3.397189248221616E+000  2.568388098554532E-001
  1.140000000000000E+004  1.031352884607986E+000  4.513388134346100E+000  3.417298725301877E+000  2.568529632541813E-001
  1.160000000000000E+004  1.031788445309524E+000  4.519697745163674E+000  3.437284121660622E+000  2.568670029887980E-001
  1.180000000000000E+004  1.032216236525399E+000  4.525903307096514E+000  3.457150116522052E+000  2.568809312058455E-001
  1.200000000000000E+004  1.032636527472108E+000  4.532008245412150E+000  3.476901165020092E+000  2.568947499798028E-001
  1.210000000000000E+004  1.032843111502026E+000  4.535036048456624E+000  3.486717234736739E+000  2.569016309853829E-001
  1.220000000000000E+004  1.033047930111329E+000  4.538039706858141E+000  3.496506582232297E+000  2.569084852486248E-001
  1.230000000000000E+004  1.033251012951059E+000  4.541019608351435E+000  3.506269676503256E+000  2.569153130199855E-001
  1.240000000000000E+004  1.033452388934685E+000  4.543976131359614E+000  3.516006981861832E+000  2.569221145397537E-001
  1.260000000000000E+004  1.033851671392251E+000  4.549798095633218E+000  3.535439324813139E+000  2.569356166953777E-001
  1.280000000000000E+004  1.034244403384898E+000  4.555531569792985E+000  3.554772403654270E+000  2.569490170720339E-001
  1.300000000000000E+004  1.034630794140060E+000  4.561179242320074E+000  3.574009780640641E+000  2.569623174205300E-001
  1.320000000000000E+004  1.035011043086412E+000  4.566743680431886E+000  3.593154834105202E+000  2.569755194475500E-001
  1.340000000000000E+004  1.035385340449308E+000  4.572227337281038E+000  3.612210781194975E+000  2.569886248115877E-001
  1.360000000000000E+004  1.035753867802604E+000  4.577632558627838E+000  3.631180691818604E+000  2.570016351238354E-001
  1.380000000000000E+004  1.036116798580186E+000  4.582961589031456E+000  3.650067498212609E+000  2.570145519495219E-001
  1.400000000000000E+004  1.036474298550532E+000  4.588216577600760E+000  3.668874002736366E+000  2.570273768096624E-001
  1.420000000000000E+004  1.036826526257421E+000  4.593399583341871E+000  3.687602884831723E+000  2.570401111829047E-001
  1.440000000000000E+004  1.037173633429617E+000  4.598512580135933E+000  3.706256707433348E+000  2.570527565073272E-001
  1.460000000000000E+004  1.037515765362106E+000  4.603557461377386E+000  3.724837922931703E+000  2.570653141821491E-001
  1.480000000000000E+004  1.037853061271211E+000  4.608536044300149E+000  3.743348878742208E+000  2.570777855693465E-001
  1.500000000000000E+004  1.038185654625693E+000  4.613450074016649E+000  3.761791822518652E+000  2.570901719951820E-001
  1.520000000000000E+004  1.038513673455762E+000  4.618301227292246E+000  3.780168907041802E+000  2.571024747516449E-001
  1.540000000000000E+004  1.038837240641740E+000  4.623091116075629E+000  3.798482194809863E+000  2.571146950978141E-001
  1.560000000000000E+004  1.039156474183950E+000  4.627821290803888E+000  3.816733662354512E+000  2.571268342611426E-001
  1.580000000000000E+004  1.039471487455289E+000  4.632493243499334E+000  3.834925204304122E+000  2.571388934386745E-001
  1.600000000000000E+004  1.039782389437790E+000  4.637108410673589E+000  3.853058637213873E+000  2.571508737981932E-001
  1.620000000000000E+004  1.040089284944367E+000  4.641668176053224E+000  3.871135703180656E+000  2.571627764793127E-001
  1.640000000000000E+004  1.040392274826852E+000  4.646173873139940E+000  3.889158073258753E+000  2.571746025945101E-001
  1.660000000000000E+004  1.040691456171312E+000  4.650626787617194E+000  3.907127350690601E+000  2.571863532301085E-001
  1.680000000000000E+004  1.040986922481572E+000  4.655028159614234E+000  3.925045073965165E+000  2.571980294472084E-001
  1.700000000000000E+004  1.041278763851776E+000  4.659379185837508E+000  3.942912719714992E+000  2.572096322825785E-001
  1.720000000000000E+004  1.041567067128769E+000  4.663681021578781E+000  3.960731705461791E+000  2.572211627495017E-001
  1.740000000000000E+004  1.041851916064996E+000  4.667934782608294E+000  3.978503392219351E+000  2.572326218385804E-001
  1.760000000000000E+004  1.042133391462584E+000  4.672141546960876E+000  3.996229086961763E+000  2.572440105185080E-001
  1.780000000000000E+004  1.042411571309189E+000  4.676302356622163E+000  4.013910044964444E+000  2.572553297368024E-001
  1.800000000000000E+004  1.042686530906191E+000  4.680418219121559E+000  4.031547472024836E+000  2.572665804205060E-001
  1.820000000000000E+004  1.042958342989715E+000  4.684490109038064E+000  4.049142526569334E+000  2.572777634768565E-001
  1.840000000000000E+004  1.043227077844971E+000  4.688518969424641E+000  4.066696321652731E+000  2.572888797939247E-001
  1.860000000000000E+004  1.043492803414347E+000  4.692505713156350E+000  4.084209926856080E+000  2.572999302412278E-001
  1.880000000000000E+004  1.043755585399651E+000  4.696451224207096E+000  4.101684370088654E+000  2.573109156703112E-001
  1.900000000000000E+004  1.044015487358878E+000  4.700356358859490E+000  4.119120639299447E+000  2.573218369153083E-001
  1.920000000000000E+004  1.044272570797856E+000  4.704221946851991E+000  4.136519684103314E+000  2.573326947934766E-001
  1.940000000000000E+004  1.044526895257077E+000  4.708048792467169E+000  4.153882417326672E+000  2.573434901057089E-001
  1.960000000000000E+004  1.044778518394028E+000  4.711837675564707E+000  4.171209716477389E+000  2.573542236370244E-001
  1.980000000000000E+004  1.045027496061280E+000  4.715589352562494E+000  4.188502425143195E+000  2.573648961570383E-001
  2.000000000000000E+004  1.045273882380609E+000  4.719304557368833E+000  4.205761354322782E+000  2.573755084204146E-001
