! time                    int_density             frank_density           perfect_density         vac_density             faulted_density         void_density            
  0.000000000000000E+000  0.000000000000000E+000  0.000000000000000E+000  0.000000000000000E+000  2.140585232712487E-007  0.000000000000000E+000  0.000000000000000E+000
  9.999999999999999E-002  4.185925715439347E-006  6.795920024900739E-004  5.873630986866412E-006  3.333066628692441E-002  3.751756924271399E-004  1.875828751504904E-011
  2.000000000000000E-001  2.992039785082325E-006  1.337487081402334E-003  3.858961906103972E-006  5.329162217564400E-002  6.962993726190622E-004  3.053958470497207E-011
  3.000000000000000E-001  2.417980066801976E-006  1.971173199019218E-003  3.001803124237037E-006  6.899041602284567E-002  9.937092505287084E-004  3.997559128763483E-011
  4.000000000000000E-001  2.077678285173644E-006  2.575364436130928E-003  2.520528543588092E-006  8.191410580783190E-002  1.275267470335701E-003  4.780235605084178E-011
  4.999999999999999E-001  1.848572513868681E-006  3.152747059328623E-003  2.206165590589637E-006  9.311009891545885E-002  1.547642395323939E-003  5.459896131408417E-011
  6.000000000000000E-001  1.684411527746335E-006  3.702747928320398E-003  1.984666915928313E-006  1.028953041803170E-001  1.813285580059499E-003  6.053558480755831E-011
  7.000000000000001E-001  1.561710595556392E-006  4.225329877792154E-003  1.820443912806787E-006  1.114745828787763E-001  2.073799187001791E-003  6.572901257616776E-011
  8.000000000000002E-001  1.467156731335408E-006  4.720926816209262E-003  1.694149444654115E-006  1.189953045160460E-001  2.330259393105694E-003  7.026815839403981E-011
  9.000000000000002E-001  1.392587193219170E-006  5.190380704298417E-003  1.594299547435952E-006  1.255731702271252E-001  2.583396951026438E-003  7.422590392069799E-011
  1.000000000000000E+000  1.332695057890461E-006  5.634870821574674E-003  1.513617582045193E-006  1.313052484677825E-001  2.833707410152232E-003  7.766498826918317E-011
  1.100000000000000E+000  1.283870405958601E-006  6.055835329040726E-003  1.447254045140536E-006  1.362767639530670E-001  3.081522708571413E-003  8.064106379834455E-011
  1.200000000000000E+000  1.243568189695136E-006  6.454890019076831E-003  1.391844741277435E-006  1.405646556006366E-001  3.327059745002699E-003  8.320432598300106E-011
  1.300000000000000E+000  1.210696438608760E-006  6.829454299014344E-003  1.345804059652862E-006  1.441160701532323E-001  3.569907515470454E-003  8.532805236161382E-011
  1.400000000000001E+000  1.182864541096512E-006  7.186446677054918E-003  1.306239052178624E-006  1.471514264160474E-001  3.810667565412647E-003  8.714651852559195E-011
  1.500000000000001E+000  1.159108099664261E-006  7.527480277789731E-003  1.271902577988617E-006  1.497252000302289E-001  4.049368533670114E-003  8.869355915393455E-011
  1.600000000000001E+000  1.138677896223100E-006  7.854097021377697E-003  1.241831631389315E-006  1.518878133231117E-001  4.286022395660311E-003  9.000021375990007E-011
  1.700000000000001E+000  1.120983815873414E-006  8.167745529357550E-003  1.215272436607800E-006  1.536856919702036E-001  4.520629927828928E-003  9.109478888080402E-011
  1.800000000000001E+000  1.105555390858105E-006  8.469767557324868E-003  1.191627446590003E-006  1.551613439967855E-001  4.753185078046411E-003  9.200294949882437E-011
  1.900000000000001E+000  1.092013555799147E-006  8.761391413829527E-003  1.170417783631553E-006  1.563534729610552E-001  4.983678380383460E-003  9.274783819075698E-011
  2.000000000000001E+000  1.080050071293909E-006  9.043730761711288E-003  1.151256074007396E-006  1.572971261849492E-001  5.212099558549178E-003  9.335021578685338E-011
  2.100000000000001E+000  1.069412296071226E-006  9.317787329162417E-003  1.133826438689096E-006  1.580238734030556E-001  5.438439454743275E-003  9.382861676187040E-011
  2.200000000000001E+000  1.059891752768292E-006  9.584456282640406E-003  1.117869511959627E-006  1.585620088912795E-001  5.662691406795851E-003  9.419951309756375E-011
  2.300000000000001E+000  1.051315424349086E-006  9.844533264609082E-003  1.103171057630575E-006  1.589367696327588E-001  5.884852180448886E-003  9.447748130877262E-011
  2.400000000000001E+000  1.043539042406337E-006  1.009872233636527E-002  1.089553202291287E-006  1.591705625298652E-001  6.104922547740308E-003  9.467536838382741E-011
  2.500000000000001E+000  1.036441846693220E-006  1.034764427085244E-002  1.076867601248713E-006  1.592831945688560E-001  6.322907587797840E-003  9.480445339058781E-011
  2.600000000000001E+000  1.029922444478710E-006  1.059184480645259E-002  1.064990051820508E-006  1.592921008949428E-001  6.538816773387429E-003  9.487460237235490E-011
  2.700000000000002E+000  1.023895501908861E-006  1.083180260172615E-002  1.053816204711912E-006  1.592125668010493E-001  6.752663895377914E-003  9.489441488429302E-011
  2.800000000000002E+000  1.018289072309231E-006  1.106793672781981E-002  1.043258118722082E-006  1.590579405941677E-001  6.964466867782012E-003  9.487136110718792E-011
  2.900000000000002E+000  1.013042417973517E-006  1.130061360573265E-002  1.033241470612619E-006  1.588398351456222E-001  7.174247448034124E-003  9.481190893826272E-011
  3.000000000000002E+000  1.008104218911326E-006  1.153015334557409E-002  1.023703279484363E-006  1.585683166475646E-001  7.382030900464819E-003  9.472164081816454E-011
  3.100000000000002E+000  1.003431088653711E-006  1.175683547934515E-002  1.014590039309078E-006  1.582520796922322E-001  7.587845625333393E-003  9.460536032786385E-011
  3.200000000000002E+000  9.989863365491068E-007  1.198090410168137E-002  1.005856178294147E-006  1.578986082734763E-001  7.791722771108707E-003  9.446718879536212E-011
  3.300000000000002E+000  9.947389301183163E-007  1.220257244756934E-002  9.974627822146139E-007  1.575143226945532E-001  7.993695843794554E-003  9.431065230326913E-011
  3.400000000000002E+000  9.906626214463067E-007  1.242202694468425E-002  9.893765325921927E-007  1.571047126651097E-001  8.193800323855072E-003  9.413875959536225E-011
  3.500000000000002E+000  9.867352093123281E-007  1.263943078246647E-002  9.815688209406092E-007  1.566744570960189E-001  8.392073298605847E-003  9.395407145193349E-011
  3.600000000000002E+000  9.829379145405434E-007  1.285492704166010E-002  9.740150081535831E-007  1.562275312645738E-001  8.588553115713646E-003  9.375876214713154E-011
  3.800000000000002E+000  9.757235441342220E-007  1.327915152718809E-002  9.596530178735959E-007  1.552904817368341E-001  8.974624485219121E-003  9.333931892836901E-011
  4.000000000000003E+000  9.688444132858961E-007  1.369732567266825E-002  9.460605266949427E-007  1.543266951737950E-001  9.354136026667027E-003  9.289921433294744E-011
  4.200000000000003E+000  9.622397882489711E-007  1.411002857224577E-002  9.331419303359944E-007  1.533481408449900E-001  9.727411827524750E-003  9.244510426744895E-011
  4.400000000000003E+000  9.558643657083953E-007  1.451773316567754E-002  9.208209569104804E-007  1.523634310737315E-001  1.009476726188936E-002  9.198187268477105E-011
  4.600000000000003E+000  9.496841286967724E-007  1.492083087562267E-002  9.090358593697796E-007  1.513786919155991E-001  1.045650601681188E-002  9.151308744965919E-011
  4.800000000000003E+000  9.436732970134827E-007  1.531965024583735E-002  8.977358555867168E-007  1.503982254204934E-001  1.081291818294901E-002  9.104134795943211E-011
  5.000000000000004E+000  9.378120978733967E-007  1.571447099745839E-002  8.868785249281070E-007  1.494250075063655E-001  1.116427915309687E-002  9.056854613070330E-011
  5.200000000000004E+000  9.320851448471291E-007  1.610553461111524E-002  8.764278990466171E-007  1.484610580167151E-001  1.151084912980287E-002  9.009605986342583E-011
  5.400000000000004E+000  9.264802645685797E-007  1.649305229293839E-002  8.663530560744957E-007  1.475077128937481E-001  1.185287308382657E-002  8.962489490777341E-011
  5.600000000000004E+000  9.209876505789732E-007  1.687721098228591E-002  8.566270795187229E-007  1.465658224474473E-001  1.219058103713735E-002  8.915578795283790E-011
  5.800000000000004E+000  9.155992544567549E-007  1.725817790043440E-002  8.472262812894464E-007  1.456358945448857E-001  1.252418857055627E-002  8.868928098374746E-011
  6.000000000000004E+000  9.103083479289635E-007  1.763610401565951E-002  8.381296161728840E-007  1.447181972282595E-001  1.285389747828727E-002  8.822577461239328E-011
  6.200000000000005E+000  9.051092074864986E-007  1.801112670475155E-002  8.293182353762807E-007  1.438128317627500E-001  1.317989650999977E-002  8.776556618449125E-011
  6.400000000000005E+000  8.999968863724792E-007  1.838337181844996E-002  8.207751415101551E-007  1.429197843353772E-001  1.350236215620333E-002  8.730887696479306E-011
  6.600000000000005E+000  8.949670486932819E-007  1.875295530369119E-002  8.124849180100285E-007  1.420389624691343E-001  1.382145944476653E-002  8.685587154597498E-011
  6.800000000000005E+000  8.900158476360213E-007  1.911998449489779E-002  8.044335136387992E-007  1.411702205739313E-001  1.413734272596564E-002  8.640667175358859E-011
  7.000000000000005E+000  8.851398350182563E-007  1.948455915649669E-002  7.966080681724616E-007  1.403133778247056E-001  1.445015643080004E-002  8.596136667133121E-011
  7.200000000000006E+000  8.803358931577749E-007  1.984677233682380E-002  7.889967692623848E-007  1.394682306475158E-001  1.476003579286344E-002  8.552001993701647E-011
  7.400000000000006E+000  8.756011827268576E-007  2.020671107750570E-002  7.815887332317589E-007  1.386345614309899E-001  1.506710752816174E-002  8.508267511773746E-011
  7.600000000000006E+000  8.709331021452679E-007  2.056445701074338E-002  7.743739045259591E-007  1.378121446020290E-001  1.537149047023043E-002  8.464935972894904E-011
  7.800000000000006E+000  8.663292553919126E-007  2.092008686847390E-002  7.673429699300282E-007  1.370007508630860E-001  1.567329615998209E-002  8.422008829021533E-011
  8.000000000000005E+000  8.617874260403530E-007  2.127367292127280E-002  7.604872846585177E-007  1.362001501466497E-001  1.597262939112861E-002  8.379486469012756E-011
  8.500000000000005E+000  8.507207246805944E-007  2.214560377967765E-002  7.441166077056613E-007  1.342556516730819E-001  1.670686334215974E-002  8.275417186559895E-011
  9.000000000000005E+000  8.400021506079383E-007  2.300646587844216E-002  7.286744249308055E-007  1.323696904081263E-001  1.742824527400157E-002  8.173661825643931E-011
  9.500000000000005E+000  8.296033687050579E-007  2.385708177023761E-002  7.140651778422690E-007  1.305409765794757E-001  1.813786312647877E-002  8.074288348106218E-011
  1.000000000000001E+001  8.195023429544764E-007  2.469816802075743E-002  7.002087206097303E-007  1.287672538079963E-001  1.883667301984673E-002  7.977280749352547E-011
  1.050000000000001E+001  8.096806964927063E-007  2.553035825315798E-002  6.870365269585012E-007  1.270460079958180E-001  1.952551917188001E-002  7.882590272128376E-011
  1.100000000000001E+001  8.001224997542667E-007  2.635421825785251E-002  6.744892759655355E-007  1.253747376047890E-001  2.020514998824854E-002  7.790155216668509E-011
  1.150000000000001E+001  7.908136436973315E-007  2.717025670209340E-002  6.625151666486125E-007  1.237510513840792E-001  2.087623147254331E-002  7.699909015491191E-011
  1.200000000000001E+001  7.817414677895478E-007  2.797893326318011E-002  6.510686560401034E-007  1.221726983976064E-001  2.153935849704466E-002  7.611783746087035E-011
  1.250000000000001E+001  7.728945101147216E-007  2.878066511089017E-002  6.401094725422502E-007  1.206375719485608E-001  2.219506430227338E-002  7.525711793791575E-011
  1.300000000000001E+001  7.642623238139187E-007  2.957583223307617E-002  6.296018241984309E-007  1.191437038271646E-001  2.284382852164529E-002  7.441626714519153E-011
  1.350000000000001E+001  7.558353345007340E-007  3.036478189308030E-002  6.195137529574608E-007  1.176892553228832E-001  2.348608397919607E-002  7.359463716489446E-011
  1.400000000000001E+001  7.476047257636306E-007  3.114783240565175E-002  6.098166021093250E-007  1.162725075069691E-001  2.412222246743935E-002  7.279159938061373E-011
  1.450000000000001E+001  7.395623453198083E-007  3.192527636293316E-002  6.004845733174371E-007  1.148918517456747E-001  2.475259967681445E-002  7.200654603806002E-011
  1.500000000000001E+001  7.317006270163353E-007  3.269738340899679E-002  5.914943555701140E-007  1.135457807955501E-001  2.537753941783991E-002  7.123889101843277E-011
  1.550000000000001E+001  7.240125253100965E-007  3.346440263950440E-002  5.828248124429845E-007  1.122328805895447E-001  2.599733725180911E-002  7.048807007920998E-011
  1.600000000000001E+001  7.164914597400265E-007  3.422656468744260E-002  5.744567170194832E-007  1.109518227241140E-001  2.661226362511347E-002  6.975354072819786E-011
  1.650000000000001E+001  7.091312674982701E-007  3.498408354418501E-002  5.663725260321219E-007  1.097013576171622E-001  2.722256658538236E-002  6.903478184533867E-011
  1.700000000000001E+001  7.019261626302882E-007  3.573715815609775E-002  5.585561864814224E-007  1.084803082906151E-001  2.782847414391845E-002  6.833129313382040E-011
  1.750000000000001E+001  6.948707007072104E-007  3.648597382979482E-002  5.509929693023961E-007  1.072875647261433E-001  2.843019633778155E-002  6.764259445937307E-011
  1.800000000000001E+001  6.879597480506948E-007  3.723070347348122E-002  5.436693256762858E-007  1.061220787423197E-001  2.902792703583704E-002  6.696822512047666E-011
  1.850000000000001E+001  6.811884547724826E-007  3.797150869725879E-002  5.365727623965684E-007  1.049828593436612E-001  2.962184552571922E-002  6.630774308043304E-011
  1.900000000000001E+001  6.745522310319985E-007  3.870854079156880E-002  5.296917333431603E-007  1.038689684953254E-001  3.021211791264037E-002  6.566072418362785E-011
  1.950000000000001E+001  6.680467260259774E-007  3.944194159992375E-002  5.230155446349296E-007  1.027795172809951E-001  3.079889835603756E-002  6.502676137192493E-011
  2.000000000000001E+001  6.616678093113661E-007  4.017184429959862E-002  5.165342714461369E-007  1.017136624053775E-001  3.138233016598184E-002  6.440546391244525E-011
  2.050000000000001E+001  6.554115541322504E-007  4.089837410190163E-002  5.102386848089376E-007  1.006706030064867E-001  3.196254677791267E-002  6.379645664449267E-011
  2.100000000000001E+001  6.492742224771848E-007  4.162164888194310E-002  5.041201869980027E-007  9.964957774643463E-002  3.253967262146907E-002  6.319937925082812E-011
  2.200000000000001E+001  6.373612457670768E-007  4.305568934161728E-002  4.924053408978580E-007  9.767686586505267E-002  3.368245019240194E-002  6.204280001223466E-011
  2.300000000000001E+001  6.258831072379466E-007  4.447816663349354E-002  4.813069602123758E-007  9.578112674970719E-002  3.481449994521803E-002  6.092837723564031E-011
  2.400000000000001E+001  6.148133101331776E-007  4.588981572341351E-002  4.707729426614480E-007  9.395956973874289E-002  3.593649648981919E-002  5.985493528051048E-011
  2.500000000000001E+001  6.041295880333910E-007  4.729127575621606E-002  4.607584078945928E-007  9.220808847076878E-002  3.704904683484377E-002  5.882041542983470E-011
  2.600000000000001E+001  5.938116882461392E-007  4.868311928621673E-002  4.512236122960393E-007  9.052267226081208E-002  3.815269568136497E-002  5.782277166701136E-011
  2.700000000000001E+001  5.838409077239038E-007  5.006586403194918E-002  4.421330606982959E-007  8.889959522824963E-002  3.924793207290644E-002  5.686008694400030E-011
  2.800000000000001E+001  5.741999011806644E-007  5.143998029943429E-002  4.334548991028386E-007  8.733541679346825E-002  4.033519596121620E-002  5.593057646774166E-011
  2.900000000000001E+001  5.648725426462990E-007  5.280589677139868E-002  4.251604283058953E-007  8.582695682663906E-002  4.141488414862987E-002  5.503257710486879E-011
  3.000000000000001E+001  5.558438079694070E-007  5.416400533651067E-002  4.172236992407072E-007  8.437127023405723E-002  4.248735550070006E-002  5.416453657095994E-011
  3.100000000000001E+001  5.470996721444078E-007  5.551466520832728E-002  4.096211722811880E-007  8.296562421478050E-002  4.355293546893991E-002  5.332500383182185E-011
  3.200000000000001E+001  5.386270190120198E-007  5.685820647372724E-002  4.023314284209577E-007  8.160747823471166E-002  4.461192000313462E-002  5.251262062135601E-011
  3.300000000000001E+001  5.304135615468161E-007  5.819493316928807E-002  3.953349230157432E-007  8.029446637540906E-002  4.566457893657040E-002  5.172611388590619E-011
  3.400000000000001E+001  5.224477712384595E-007  5.952512596160658E-002  3.886137746966594E-007  7.902438172229019E-002  4.671115892030652E-002  5.096428901001698E-011
  3.500000000000001E+001  5.147188153045635E-007  6.084904449244193E-002  3.821515835243041E-007  7.779516250733802E-002  4.775188597268985E-002  5.022602371516314E-011
  3.600000000000001E+001  5.072165006704489E-007  6.216692943836488E-002  3.759332735938639E-007  7.660487976760462E-002  4.878696770053581E-002  4.951026254606227E-011
  3.700000000000001E+001  4.999312238172271E-007  6.347900432592818E-002  3.699449561983560E-007  7.545172631881980E-002  4.981659523967551E-002  4.881601187441817E-011
  3.800000000000001E+001  4.928539257381311E-007  6.478547713650620E-002  3.641738103672643E-007  7.433400687448791E-002  5.084094495507931E-002  4.814233536090448E-011
  3.900000000000001E+001  4.859760513580433E-007  6.608654172942349E-002  3.586079781634889E-007  7.325012916643341E-002  5.186017993445491E-002  4.748834982464557E-011
  4.000000000000001E+001  4.792895128667992E-007  6.738237910749639E-002  3.532364725748091E-007  7.219859594393746E-002  5.287445130393304E-002  4.685322147625966E-011
  4.200000000000001E+001  4.664814894797402E-007  6.995383940169363E-002  3.430573134952146E-007  7.019181881943121E-002  5.488436893366842E-002  4.563896645765198E-011
  4.400000000000001E+001  4.543491535696711E-007  7.250659378474712E-002  3.335388492051625E-007  6.829638869346653E-002  5.687647926512732E-002  4.449008873604402E-011
  4.600000000000001E+001  4.428415066900954E-007  7.504172568145234E-002  3.246174774326940E-007  6.650471032217194E-002  5.885155316005317E-002  4.340230003509480E-011
  4.800000000000001E+001  4.319130767478220E-007  7.756017259072528E-002  3.162380208078769E-007  6.480870083315289E-002  6.081029225365062E-002  4.237096662408196E-011
  5.000000000000001E+001  4.215226348393558E-007  8.006276742747474E-002  3.083519933285258E-007  6.320102425694166E-002  6.275332891737372E-002  4.139187803162891E-011
  5.200000000000001E+001  4.116326930986405E-007  8.255025641041322E-002  3.009165806460783E-007  6.167506706477655E-002  6.468123283801210E-002  4.046122873382479E-011
  5.400000000000001E+001  4.022090918801098E-007  8.502331182231530E-002  2.938938223829192E-007  6.022485393109370E-002  6.659451861294295E-002  3.957556970393580E-011
  5.600000000000001E+001  3.932206401799847E-007  8.748254219601802E-002  2.872499350334120E-007  5.884497232069197E-002  6.849365286255076E-002  3.873176683756783E-011
  5.800000000000001E+001  3.846388018747026E-007  8.992850070781144E-002  2.809547468049593E-007  5.753050761125593E-002  7.037906050526872E-002  3.792696565119713E-011
  6.000000000000001E+001  3.764374213462777E-007  9.236169219546990E-002  2.749812230462674E-007  5.627698713258068E-002  7.225113017516419E-002  3.715856088134624E-011
  6.200000000000001E+001  3.685924828061705E-007  9.478257908078636E-002  2.693050655201425E-007  5.508033168144364E-002  7.411021886080886E-002  3.642417007080413E-011
  6.400000000000000E+001  3.610818984854529E-007  9.719158640241632E-002  2.639043722664988E-007  5.393681334213403E-002  7.595665586718739E-002  3.572161048658255E-011
  6.600000000000000E+001  3.538853216340428E-007  9.958910611724833E-002  2.587593474879309E-007  5.284301865624978E-002  7.779074619985889E-002  3.504887886292471E-011
  6.800000000000000E+001  3.469839809252369E-007  1.019755007950277E-001  2.538520529738467E-007  5.179581635306025E-002  7.961277345994619E-002  3.440413356112789E-011
  7.000000000000000E+001  3.403605334016729E-007  1.043511068061548E-001  2.491661942065087E-007  5.079232898544343E-002  8.142300232616322E-002  3.378567880975847E-011
  7.200000000000000E+001  3.339989335430049E-007  1.067162370836217E-001  2.446869355724258E-007  4.982990792419979E-002  8.322168068835173E-002  3.319195074423815E-011
  7.400000000000000E+001  3.278843164015038E-007  1.090711835252693E-001  2.404007401165510E-007  4.890611125119678E-002  8.500904148662806E-002  3.262150500892767E-011
  7.600000000000000E+001  3.220028930544225E-007  1.114162190908408E-001  2.362952300853825E-007  4.801868416354260E-002  8.678530430139356E-002  3.207300572071182E-011
  7.800000000000000E+001  3.163418568734625E-007  1.137515996389547E-001  2.323590651540608E-007  4.716554156008828E-002  8.855067673202839E-002  3.154521562263328E-011
  8.000000000000000E+001  3.108892993217260E-007  1.160775655415603E-001  2.285818357565758E-007  4.634475253049530E-002  9.030535559589868E-002  3.103698728067563E-011
  8.500000000000000E+001  2.981350696415433E-007  1.218355102665847E-001  2.198055385333275E-007  4.442878613217192E-002  9.462946941990222E-002  2.984820404396943E-011
  9.000000000000000E+001  2.864547046579333E-007  1.275402619137937E-001  2.118275419346043E-007  4.267754808679772E-002  9.889264861212020E-002  2.875963256447733E-011
  9.500000000000000E+001  2.757203826573971E-007  1.331945503945627E-001  2.045421934436246E-007  4.107144679567252E-002  1.030967812495801E-001  2.775940407662109E-011
  1.000000000000000E+002  2.658232444289233E-007  1.388007577081450E-001  1.978617271175438E-007  3.959325110380839E-002  1.072437447256252E-001  2.683711483496297E-011
  1.050000000000000E+002  2.566701526299843E-007  1.443610045641247E-001  1.917125862813983E-007  3.822831368975579E-002  1.113353398306729E-001  2.598393137620668E-011
  1.100000000000000E+002  2.481810293500538E-007  1.498771986407052E-001  1.860326715495014E-007  3.696411729778144E-002  1.153732757042335E-001  2.519230096062330E-011
  1.150000000000000E+002  2.402866933507605E-007  1.553510696393960E-001  1.807692006370733E-007  3.578990530323693E-002  1.193591703086772E-001  2.445572634703477E-011
  1.200000000000000E+002  2.329271019554154E-007  1.607841963453951E-001  1.758770283434297E-007  3.469638586393428E-002  1.232945557653379E-001  2.376858820065588E-011
  1.250000000000000E+002  2.260499156908688E-007  1.661780281031184E-001  1.713173161672138E-007  3.367549324799812E-002  1.271808849287502E-001  2.312600257534364E-011
  1.300000000000000E+002  2.196093204443866E-007  1.715339021646440E-001  1.670564699250534E-007  3.272019393489652E-002  1.310195379032743E-001  2.252370529473567E-011
  1.350000000000000E+002  2.135650558907491E-007  1.768530578947367E-001  1.630652846474176E-007  3.182432806276167E-002  1.348118280571249E-001  2.195795739357390E-011
  1.400000000000000E+002  2.078816099583917E-007  1.821366485332705E-001  1.593182511797045E-007  3.098247898484384E-002  1.385590074170370E-001  2.142546725640374E-011
  1.450000000000000E+002  2.025275476456212E-007  1.873857510307402E-001  1.557929899797177E-007  3.018986533230310E-002  1.422622714540290E-001  2.092332611642301E-011
  1.500000000000000E+002  1.974749491110338E-007  1.926013743447710E-001  1.524697857486809E-007  2.944225121297418E-002  1.459227633164265E-001  2.044895432477723E-011
  1.550000000000000E+002  1.926989370946099E-007  1.977844664942925E-001  1.493312025850925E-007  2.873587111304455E-002  1.495415775782526E-001  2.000005635984271E-011
  1.600000000000000E+002  1.881772777257410E-007  2.029359206013136E-001  1.463617638873247E-007  2.806736678695123E-002  1.531197635693007E-001  1.957458297129849E-011
  1.650000000000000E+002  1.838900419066755E-007  2.080565801005751E-001  1.435476846607449E-007  2.743373397533999E-002  1.566583283463851E-001  1.917069918091516E-011
  1.700000000000000E+002  1.798193169251546E-007  2.131472432598280E-001  1.408766464995787E-007  2.683227722192749E-002  1.601582393571514E-001  1.878675711593550E-011
  1.750000000000000E+002  1.759489599002651E-007  2.182086671248192E-001  1.383376075221973E-007  2.626057139723985E-002  1.636204268399879E-001  1.842127284957362E-011
  1.800000000000000E+002  1.722643862161297E-007  2.232415709808946E-001  1.359206410928958E-007  2.571642880254638E-002  1.670457859966146E-001  1.807290657962490E-011
  1.850000000000000E+002  1.687523873369517E-007  2.282466394058546E-001  1.336167983746458E-007  2.519787093736678E-002  1.704351789679615E-001  1.774044560017923E-011
  1.900000000000000E+002  1.654009733915181E-007  2.332245249750925E-001  1.314179907077301E-007  2.470310418115466E-002  1.737894366389526E-001  1.742278962027103E-011
  1.950000000000000E+002  1.621992367174249E-007  2.381758506692638E-001  1.293168885595447E-007  2.423049877359948E-002  1.771093602936804E-001  1.711893806251341E-011
  2.000000000000000E+002  1.591372332051432E-007  2.431012120261159E-001  1.273068343868570E-007  2.377857058564789E-002  1.803957231390396E-001  1.682797903857084E-011
  2.050000000000000E+002  1.562058788107956E-007  2.480011790711779E-001  1.253817672278938E-007  2.334596526037510E-002  1.836492717120868E-001  1.654907974997429E-011
  2.100000000000000E+002  1.533968590385290E-007  2.528762980563913E-001  1.235361572240144E-007  2.293144437351454E-002  1.868707271840814E-001  1.628147810478301E-011
  2.200000000000000E+002  1.481303029205895E-007  2.625303949874092E-001  1.200762139082410E-007  2.215428819782765E-002  1.931928162470064E-001  1.577847336594519E-011
  2.300000000000000E+002  1.432663661009685E-007  2.720923784957455E-001  1.168764249729451E-007  2.143656523261662E-002  1.993978861269739E-001  1.531285144507431E-011
  2.400000000000000E+002  1.387599365915978E-007  2.815658098499685E-001  1.139071615678881E-007  2.077161407951979E-002  2.054901236266330E-001  1.488041933399189E-011
  2.500000000000000E+002  1.345723410903048E-007  2.909539962205349E-001  1.111431520170798E-007  2.015369310368657E-002  2.114737109659947E-001  1.447759406666014E-011
  2.600000000000000E+002  1.306702772171075E-007  3.002600212988737E-001  1.085627174184790E-007  1.957786690269152E-002  2.173526993950567E-001  1.410130502059138E-011
  2.700000000000000E+002  1.270249237393806E-007  3.094867684822141E-001  1.061471577928519E-007  1.903986980227926E-002  2.231309677188054E-001  1.374889984509130E-011
  2.800000000000000E+002  1.236112168104448E-007  3.186369405228808E-001  1.038802578320362E-007  1.853599613645097E-002  2.288122110253244E-001  1.341807363566963E-011
  2.900000000000000E+002  1.204072599262835E-007  3.277130764823086E-001  1.017478870826671E-007  1.806301137271658E-002  2.343999414382316E-001  1.310681304370927E-011
  3.000000000000000E+002  1.173938406001629E-007  3.367175664832515E-001  9.973767459357968E-008  1.761807959311371E-002  2.398974939996141E-001  1.281335118050378E-011
  3.100000000000000E+002  1.145540323126806E-007  3.456526646328790E-001  9.783874251132005E-008  1.719870393329048E-002  2.453080347434997E-001  1.253613077076366E-011
  3.200000000000000E+002  1.118728648934417E-007  3.545205004109641E-001  9.604148660870895E-008  1.680267736626884E-002  2.506345695921714E-001  1.227377378095749E-011
  3.300000000000000E+002  1.093370501059444E-007  3.633230887589896E-001  9.433739441381642E-008  1.642804180098688E-002  2.558799534021624E-001  1.202505620738635E-011
  3.400000000000000E+002  1.069347520104634E-007  3.720623390613573E-001  9.271889365174969E-008  1.607305390665349E-002  2.610468988196662E-001  1.178888701887054E-011
  3.500000000000000E+002  1.046553938487338E-007  3.807400631752423E-001  9.117922527382036E-008  1.573615641040639E-002  2.661379847747792E-001  1.156429047191389E-011
  3.600000000000000E+002  1.024894948766494E-007  3.893579826384268E-001  8.971233654759435E-008  1.541595387450426E-002  2.711556645343779E-001  1.135039118230365E-011
  3.700000000000000E+002  1.004285318818301E-007  3.979177351628426E-001  8.831279060685936E-008  1.511119215966049E-002  2.761022732829995E-001  1.114640146342417E-011
  3.800000000000000E+002  9.846482114918250E-008  4.064208805042183E-001  8.697568957944609E-008  1.482074093733922E-002  2.809800352286553E-001  1.095161053899099E-011
  3.900000000000000E+002  9.659141744552289E-008  4.148689057841969E-001  8.569660897274015E-008  1.454357873638909E-002  2.857910702457644E-001  1.076537531384785E-011
  4.000000000000000E+002  9.480202723388983E-008  4.232632303298435E-001  8.447154143861085E-008  1.427878010612482E-002  2.905374000755804E-001  1.058711244616026E-011
  4.100000000000000E+002  9.309093383717107E-008  4.316052100860420E-001  8.329684838906660E-008  1.402550455476629E-002  2.952209541085525E-001  1.041629151160474E-011
  4.200000000000000E+002  9.145293267788940E-008  4.398961416484827E-001  8.216921821210279E-008  1.378298698345705E-002  2.998435747746682E-001  1.025242908782347E-011
  4.300000000000000E+002  8.988327504845186E-008  4.481372659584399E-001  8.108563005975050E-008  1.355052938529500E-002  3.044070225680123E-001  1.009508361761858E-011
  4.400000000000000E+002  8.837761913078310E-008  4.563297716950834E-001  8.004332235933171E-008  1.332749361850688E-002  3.089129807311080E-001  9.943850933710211E-012
  4.500000000000000E+002  8.693198719911272E-008  4.644747983964717E-001  7.903976534362908E-008  1.311329509508227E-002  3.133630596234763E-001  9.798360347617306E-012
  4.600000000000000E+002  8.554272811492189E-008  4.725734393364688E-001  7.807263701322513E-008  1.290739725239559E-002  3.177588007974634E-001  9.658271221290838E-012
  4.700000000000000E+002  8.420648436660772E-008  4.806267441815093E-001  7.713980204020103E-008  1.270930669679122E-002  3.221016808029170E-001  9.523269953277620E-012
  4.800000000000000E+002  8.292016302452176E-008  4.886357214482876E-001  7.623929320102981E-008  1.251856892572905E-002  3.263931147407705E-001  9.393067321999015E-012
  4.900000000000000E+002  8.168091007958279E-008  4.966013407810029E-001  7.536929499124687E-008  1.233476454962802E-002  3.306344595841427E-001  9.267396137645495E-012
  5.000000000000000E+002  8.048608771455283E-008  5.045245350646831E-001  7.452812912800551E-008  1.215750594658990E-002  3.348270172841342E-001  9.146009161577288E-012
  5.200000000000000E+002  7.822688014174376E-008  5.202071629036993E-001  7.293295378479051E-008  1.182218221548540E-002  3.430289969571427E-001  8.915728125263932E-012
  5.400000000000000E+002  7.611709593771175E-008  5.357326431564873E-001  7.143488533720180E-008  1.150889502308132E-002  3.510550611921465E-001  8.699994934075555E-012
  5.600000000000000E+002  7.414187056621763E-008  5.511071069406345E-001  7.002447254409140E-008  1.121545516102376E-002  3.589128354002116E-001  8.497367228592800E-012
  5.800000000000000E+002  7.228825297850033E-008  5.663362851998254E-001  6.869347711675092E-008  1.093995548188085E-002  3.666097133679734E-001  8.306606481753692E-012
  6.000000000000000E+002  7.054491682203022E-008  5.814255398870130E-001  6.743468804654620E-008  1.068072927831347E-002  3.741527054659655E-001  8.126633804402915E-012
  6.200000000000000E+002  6.890191539053193E-008  5.963798951067062E-001  6.624176630839659E-008  1.043631316269017E-002  3.815484104644816E-001  7.956501883620347E-012
  6.400000000000000E+002  6.735047804591599E-008  6.112040659545107E-001  6.510911614921515E-008  1.020541678850992E-002  3.888030240394564E-001  7.795374485438455E-012
  6.600000000000000E+002  6.588284110421638E-008  6.259024845877992E-001  6.403177829679521E-008  9.986897859762351E-003  3.959223594995362E-001  7.642510169384033E-012
  6.800000000000000E+002  6.449210687632555E-008  6.404793236421391E-001  6.300534101516714E-008  9.779741359485632E-003  4.029118723579526E-001  7.497248951418700E-012
  7.000000000000000E+002  6.317212566347262E-008  6.549385172479628E-001  6.202586568073365E-008  9.583042186097710E-003  4.097766854614251E-001  7.359001225288000E-012
  7.200000000000000E+002  6.191739651400503E-008  6.692837799165562E-001  6.108982420996481E-008  9.395990562535301E-003  4.165216132944667E-001  7.227238478469090E-012
  7.400000000000000E+002  6.072298337563778E-008  6.835186235443742E-001  6.019404620247223E-008  9.217859715218553E-003  4.231511848824793E-001  7.101485460336311E-012
  7.600000000000000E+002  5.958444393864123E-008  6.976463727566625E-001  5.933567408649174E-008  9.047995421360817E-003  4.296696650850239E-001  6.981313538617949E-012
  7.800000000000000E+002  5.849776898953090E-008  7.116701787835525E-001  5.851212488787697E-008  8.885807102153240E-003  4.360810742466153E-001  6.866335036021913E-012
  8.000000000000000E+002  5.745933050985300E-008  7.255930320366318E-001  5.772105750753149E-008  8.730760201334337E-003  4.423892062574659E-001  6.756198380622085E-012
  8.200000000000000E+002  5.646583708410743E-008  7.394177735320301E-001  5.696034460119333E-008  8.582369637586539E-003  4.485976451162703E-001  6.650583935651028E-012
  8.400000000000000E+002  5.551429544333693E-008  7.531471052871029E-001  5.622804832171893E-008  8.440194158055924E-003  4.547097801033215E-001  6.549200399396807E-012
  8.600000000000000E+002  5.460197718096689E-008  7.667835998015613E-001  5.552239931686225E-008  8.303831451314430E-003  4.607288196761029E-001  6.451781685713802E-012
  8.800000000000000E+002  5.372638984634902E-008  7.803297087199634E-001  5.484177848222055E-008  8.172913902984793E-003  4.666578041968869E-001  6.358084211464354E-012
  9.000000000000000E+002  5.288525175785286E-008  7.937877707605338E-001  5.418470105509503E-008  8.047104897337365E-003  4.724996175960003E-001  6.267884529912496E-012
  9.200000000000000E+002  5.207646998801724E-008  8.071600189850077E-001  5.354980270479858E-008  7.926095584453750E-003  4.782569980670663E-001  6.180977259365813E-012
  9.400000000000000E+002  5.129812106347146E-008  8.204485874753298E-001  5.293582733177768E-008  7.809602045817190E-003  4.839325478826785E-001  6.097173264718061E-012
  9.600000000000000E+002  5.054843399617765E-008  8.336555174753728E-001  5.234161633441567E-008  7.697362802043114E-003  4.895287424111809E-001  6.016298056376728E-012
  9.800000000000000E+002  4.982577532324670E-008  8.467827630492045E-001  5.176609914058940E-008  7.589136615381346E-003  4.950479384077614E-001  5.938190376670836E-012
  1.000000000000000E+003  4.912863588268946E-008  8.598321963016412E-001  5.120828483257505E-008  7.484700546981441E-003  5.004923816461402E-001  5.862700948464475E-012
  1.020000000000000E+003  4.845561909398946E-008  8.728056122017975E-001  5.066725472001260E-008  7.383848235009149E-003  5.058642139507085E-001  5.789691364537327E-012
  1.040000000000000E+003  4.780543054692659E-008  8.857047330459257E-001  5.014215573735434E-008  7.286388364773188E-003  5.111654796831613E-001  5.719033099485057E-012
  1.060000000000000E+003  4.717686873092365E-008  8.985312125919811E-001  4.963219456035027E-008  7.192143306254188E-003  5.163981317323635E-001  5.650606628557204E-012
  1.080000000000000E+003  4.656881676135208E-008  9.112866398949561E-001  4.913663235130752E-008  7.100947897973802E-003  5.215640370514352E-001  5.584300640084358E-012
  1.100000000000000E+003  4.598023497954946E-008  9.239725428690313E-001  4.865478005562525E-008  7.012648359122850E-003  5.266649817817419E-001  5.520011330024749E-012
  1.120000000000000E+003  4.541015432043887E-008  9.365903915999587E-001  4.818599418287131E-008  6.927101314381346E-003  5.317026759996125E-001  5.457641768746324E-012
  1.140000000000000E+003  4.485767035613955E-008  9.491416014287550E-001  4.772967301477611E-008  6.844172917990482E-003  5.366787581181590E-001  5.397101331502741E-012
  1.160000000000000E+003  4.432193793626532E-008  9.616275358257100E-001  4.728525319024849E-008  6.763738065441698E-003  5.415947989734633E-001  5.338305185201754E-012
  1.180000000000000E+003  4.380216635608428E-008  9.740495090718864E-001  4.685220662409955E-008  6.685679682684810E-003  5.464523056216070E-001  5.281173825035927E-012
  1.200000000000000E+003  4.329761499265546E-008  9.864087887636407E-001  4.643003772177780E-008  6.609888084068685E-003  5.512527248705272E-001  5.225632655375130E-012
  1.250000000000000E+003  4.210343431308838E-008  1.016930258031118E+000  4.542604701089450E-008  6.430407273538690E-003  5.629210212831235E-001  5.093776756679512E-012
  1.300000000000000E+003  4.098949155258579E-008  1.047092179758859E+000  4.447975280991774E-008  6.262895512225094E-003  5.742721455280563E-001  4.970387211213205E-012
  1.350000000000000E+003  3.994759309328224E-008  1.076910437008488E+000  4.358564231877838E-008  6.106133333871700E-003  5.853223145768269E-001  4.854608878102837E-012
  1.400000000000000E+003  3.897063636591785E-008  1.106399718435711E+000  4.273891423020833E-008  5.959065236618097E-003  5.960869226563531E-001  4.745711005834484E-012
  1.450000000000000E+003  3.805243742331178E-008  1.135573629934211E+000  4.193536777780565E-008  5.820772409833579E-003  6.065803268294260E-001  4.643057990267420E-012
  1.500000000000000E+003  3.718758724721718E-008  1.164444801923093E+000  4.117131044627249E-008  5.690451004675114E-003  6.168158559100014E-001  4.546092896463613E-012
  1.550000000000000E+003  3.637133351792149E-008  1.193024985449361E+000  4.044348190357970E-008  5.567394516231937E-003  6.268058741889782E-001  4.454325156092505E-012
  1.600000000000000E+003  3.559948319845364E-008  1.221325137006025E+000  3.974899118338109E-008  5.450979332745927E-003  6.365618581868733E-001  4.367320713490393E-012
  1.650000000000000E+003  3.486832192465108E-008  1.249355493229246E+000  3.908526457567865E-008  5.340652797950697E-003  6.460944732474648E-001  4.284693949853583E-012
  1.700000000000000E+003  3.417454696393956E-008  1.277125636780256E+000  3.845000217634313E-008  5.235923289165351E-003  6.554136454600613E-001  4.206100987340928E-012
  1.750000000000000E+003  3.351521116913421E-008  1.304644554607123E+000  3.784114146574171E-008  5.136351924110633E-003  6.645286275071909E-001  4.131234093070401E-012
  1.800000000000000E+003  3.288767588514140E-008  1.331920689623289E+000  3.725682662211096E-008  5.041545592159135E-003  6.734480582531758E-001  4.059816972390784E-012
  1.850000000000000E+003  3.228957118392158E-008  1.358961986687677E+000  3.669538253861027E-008  4.951151069003476E-003  6.821800163782170E-001  3.991600788020657E-012
  1.900000000000000E+003  3.171876212949034E-008  1.385775933637999E+000  3.615529271894610E-008  4.864850022588694E-003  6.907320685456944E-001  3.926360776083761E-012
  1.950000000000000E+003  3.117332003029041E-008  1.412369598015979E+000  3.563518038783795E-008  4.782354756169229E-003  6.991113126386637E-001  3.863893356092042E-012
  2.000000000000000E+003  3.065149783709409E-008  1.438749660028452E+000  3.513379227954974E-008  4.703404564120169E-003  7.073244165898752E-001  3.804013651992668E-012
  2.050000000000000E+003  3.015170900316133E-008  1.464922442209049E+000  3.464998466807004E-008  4.627762599591035E-003  7.153776532925011E-001  3.746553357073994E-012
  2.100000000000000E+003  2.967250924922369E-008  1.490893936178765E+000  3.418271128227600E-008  4.555213171685880E-003  7.232769320324794E-001  3.691358887897717E-012
  2.150000000000000E+003  2.921258077626589E-008  1.516669826847981E+000  3.373101281313058E-008  4.485559404679456E-003  7.310278268357596E-001  3.638289782265810E-012
  2.200000000000000E+003  2.877071854959507E-008  1.542255514355518E+000  3.329400777113265E-008  4.418621203664501E-003  7.386356020784632E-001  3.587217304112714E-012
  2.250000000000000E+003  2.834581834259291E-008  1.567656134000647E+000  3.287088449354672E-008  4.354233480603696E-003  7.461052356665060E-001  3.538023224564838E-012
  2.300000000000000E+003  2.793686628112128E-008  1.592876574390284E+000  3.246089413445034E-008  4.292244602518676E-003  7.534414400541219E-001  3.490598753556521E-012
  2.350000000000000E+003  2.754292967234559E-008  1.617921493994946E+000  3.206334449795510E-008  4.232515029863502E-003  7.606486813379145E-001  3.444843600584450E-012
  2.400000000000000E+003  2.716314893673069E-008  1.642795336282605E+000  3.167759459732895E-008  4.174916118294362E-003  7.677311966342582E-001  3.400665146614947E-012
  2.450000000000000E+003  2.679673049070210E-008  1.667502343578575E+000  3.130304984115092E-008  4.119329061289056E-003  7.746930099226981E-001  3.357977711981344E-012
  2.500000000000000E+003  2.644294045116796E-008  1.692046569781576E+000  3.093915776283198E-008  4.065643954569176E-003  7.815379465160658E-001  3.316701907440405E-012
  2.550000000000000E+003  2.610109905272631E-008  1.716431892050596E+000  3.058540422244691E-008  4.013758966176239E-003  7.882696462988958E-001  3.276764057490867E-012
  2.600000000000000E+003  2.577057568470305E-008  1.740662021563735E+000  3.024131002032451E-008  3.963579598463492E-003  7.948915758591093E-001  3.238095686668188E-012
  2.650000000000000E+003  2.545078446878567E-008  1.764740513438580E+000  2.990642787062245E-008  3.915018030277106E-003  8.014070396233941E-001  3.200633060876005E-012
  2.700000000000000E+003  2.514118030942613E-008  1.788670775893564E+000  2.958033969047865E-008  3.867992529285927E-003  8.078191900940992E-001  3.164316776944882E-012
  2.750000000000000E+003  2.484125535877477E-008  1.812456078720920E+000  2.926265416653258E-008  3.822426925836290E-003  8.141310372743874E-001  3.129091394560281E-012
  2.800000000000000E+003  2.455053584599349E-008  1.836099561134174E+000  2.895300456584874E-008  3.778250140903635E-003  8.203454573587551E-001  3.094905105505476E-012
  2.850000000000000E+003  2.426857922763828E-008  1.859604239046350E+000  2.865104676271372E-008  3.735395761724312E-003  8.264652007575505E-001  3.061709435846488E-012
  2.900000000000000E+003  2.399497162160776E-008  1.882973011829147E+000  2.835645745655404E-008  3.693801659549847E-003  8.324928995167392E-001  3.029458977265271E-012
  3.000000000000000E+003  2.347299082669342E-008  1.929185095434705E+000  2.779166566282685E-008  3.614421716825152E-003  8.442013326013272E-001  2.967814257315129E-012
  3.100000000000000E+003  2.297981276064542E-008  1.974892086888792E+000  2.725257514327011E-008  3.539394776260377E-003  8.555786652692388E-001  2.909451221898114E-012
  3.200000000000000E+003  2.251298980952027E-008  2.020113000712872E+000  2.673724619872059E-008  3.468351939741096E-003  8.666408661572659E-001  2.854094966322016E-012
  3.300000000000000E+003  2.207034875369000E-008  2.064865574701735E+000  2.624394188047712E-008  3.400966058234321E-003  8.774030582533027E-001  2.801503458006062E-012
  3.400000000000000E+003  2.164995398213760E-008  2.109166376279996E+000  2.577110188772928E-008  3.336945761316704E-003  8.878794001264979E-001  2.751461131357674E-012
  3.500000000000000E+003  2.125007583699218E-008  2.153030905781490E+000  2.531732006514738E-008  3.276030615307407E-003  8.980831116743736E-001  2.703775046213443E-012
  3.600000000000000E+003  2.086916373589691E-008  2.196473690269194E+000  2.488132520672581E-008  3.217987070470440E-003  9.080265336792737E-001  2.658271882293666E-012
  3.700000000000000E+003  2.050582335817551E-008  2.239508367560362E+000  2.446196467540510E-008  3.162605035487947E-003  9.177211940829877E-001  2.614795445866304E-012
  3.800000000000000E+003  2.015879722774877E-008  2.282147761316375E+000  2.405819038466508E-008  3.109694966228885E-003  9.271778728132932E-001  2.573204562713166E-012
  3.900000000000000E+003  1.982694812808547E-008  2.324403948223690E+000  2.366904675772313E-008  3.059085380378673E-003  9.364066624979814E-001  2.533371281831603E-012
  4.000000000000000E+003  1.950924488257941E-008  2.366288318226809E+000  2.329366034589666E-008  3.010620726758445E-003  9.454170243022858E-001  2.495179335097681E-012
  4.100000000000000E+003  1.920475011702582E-008  2.407811628661784E+000  2.293123084364147E-008  2.964159551479898E-003  9.542178388553940E-001  2.458522810222443E-012
  4.200000000000000E+003  1.891260968920662E-008  2.448984053026562E+000  2.258102328378108E-008  2.919572913624637E-003  9.628174525213141E-001  2.423305002754623E-012
  4.300000000000000E+003  1.863204352609075E-008  2.489815225024129E+000  2.224236123390433E-008  2.876743011566102E-003  9.712237193765133E-001  2.389437419226773E-012
  4.400000000000000E+003  1.836233765413781E-008  2.530314278427826E+000  2.191462084536417E-008  2.835561987832187E-003  9.794440392833287E-001  2.356838908498608E-012
  4.500000000000000E+003  1.810283724470115E-008  2.570489883244337E+000  2.159722563110839E-008  2.795930885887303E-003  9.874853924386844E-001  2.325434902299710E-012
  4.600000000000000E+003  1.785294052624377E-008  2.610350278586994E+000  2.128964186882379E-008  2.757758736663659E-003  9.953543707527313E-001  2.295156749155574E-012
  4.700000000000000E+003  1.761209343935381E-008  2.649903302618538E+000  2.099137454247285E-008  2.720961756302668E-003  1.003057206381135E+000  2.265941128466359E-012
  4.800000000000000E+003  1.737978493045104E-008  2.689156419876847E+000  2.070196374895776E-008  2.685462639542461E-003  1.010599797703062E+000  2.237729533622109E-012
  4.900000000000000E+003  1.715554279645923E-008  2.728116746258024E+000  2.042098150792667E-008  2.651189935635693E-003  1.017987733006316E+000  2.210467814776714E-012
  5.000000000000000E+003  1.693893000625995E-008  2.766791071897810E+000  2.014802892209105E-008  2.618077495704412E-003  1.025226312112874E+000  2.184105773339506E-012
  5.100000000000000E+003  1.672954143597453E-008  2.805185882163322E+000  1.988273364320992E-008  2.586063982116553E-003  1.032320566152414E+000  2.158596801435517E-012
  5.200000000000000E+003  1.652700096447359E-008  2.843307376942278E+000  1.962474760540320E-008  2.555092431865762E-003  1.039275275668546E+000  2.133897560579093E-012
  5.300000000000000E+003  1.633095888332936E-008  2.881161488395247E+000  1.937374499291324E-008  2.525109867103809E-003  1.046094987221969E+000  2.109967694636752E-012
  5.400000000000000E+003  1.614108958197961E-008  2.918753897317734E+000  1.912942041402584E-008  2.496066946954132E-003  1.052784028636732E+000  2.086769572853054E-012
  5.500000000000000E+003  1.595708947438820E-008  2.956090048242573E+000  1.889148725674021E-008  2.467917655559395E-003  1.059346523019799E+000  2.064268059301620E-012
  5.600000000000000E+003  1.577867513814261E-008  2.993175163398835E+000  1.865967620506267E-008  2.440619022011722E-003  1.065786401669995E+000  2.042430305620399E-012
  5.700000000000000E+003  1.560558164087295E-008  3.030014255631028E+000  1.843373389759187E-008  2.414130868403954E-003  1.072107415979946E+000  2.021225564312299E-012
  5.800000000000000E+003  1.543756103222654E-008  3.066612140371341E+000  1.821342171244389E-008  2.388415582741128E-003  1.078313148423678E+000  2.000625020251001E-012
  5.900000000000000E+003  1.527438098248682E-008  3.102973446748093E+000  1.799851466460133E-008  2.363437913878334E-003  1.084407022712767E+000  1.980601638338058E-012
  6.000000000000000E+003  1.511582355136392E-008  3.139102627905054E+000  1.778880040351629E-008  2.339164786015859E-003  1.090392313195405E+000  1.961130025519380E-012
  6.100000000000000E+003  1.496168407257452E-008  3.175003970598790E+000  1.758407830029822E-008  2.315565130595379E-003  1.096272153565119E+000  1.942186305594151E-012
  6.200000000000000E+003  1.481177014162336E-008  3.210681604134512E+000  1.738415861511178E-008  2.292609733709504E-003  1.102049544939115E+000  1.923748005442667E-012
  6.400000000000000E+003  1.452490921255821E-008  3.281166873143563E+000  1.700083971607532E-008  2.248677317628457E-003  1.113217865982775E+000  1.888424619496167E-012
  6.600000000000000E+003  1.425278604542514E-008  3.350811449862591E+000  1.663442723661544E-008  2.206993648232189E-003  1.124018359663428E+000  1.854871352221804E-012
  6.800000000000000E+003  1.399423720978354E-008  3.419642784683278E+000  1.628375433012328E-008  2.167381546339036E-003  1.134469528789476E+000  1.822950183181100E-012
  7.000000000000000E+003  1.374822116085830E-008  3.487686578957058E+000  1.594776508878949E-008  2.129682535309876E-003  1.144588802352598E+000  1.792538207299682E-012
  7.200000000000000E+003  1.351380281147529E-008  3.554966935484713E+000  1.562550140125793E-008  2.093754329886878E-003  1.154392468211780E+000  1.763525026508194E-012
  7.400000000000000E+003  1.329014018557155E-008  3.621506499996098E+000  1.531609152638262E-008  2.059468784658695E-003  1.163895726348556E+000  1.735811097277325E-012
  7.600000000000000E+003  1.307647298781959E-008  3.687326588183652E+000  1.501874023026567E-008  2.026710154883091E-003  1.173112765158368E+000  1.709306389837384E-012
  7.800000000000000E+003  1.287211280860775E-008  3.752447299111892E+000  1.473272026302168E-008  1.995373610111685E-003  1.182056840272225E+000  1.683929253426042E-012
  8.000000000000000E+003  1.267643470773987E-008  3.816887616528297E+000  1.445736497220380E-008  1.965363958183346E-003  1.190740349877731E+000  1.659605444672759E-012
  8.200000000000000E+003  1.248886995912787E-008  3.880665499543928E+000  1.419206188015157E-008  1.936594545550808E-003  1.199174904597658E+000  1.636267290593060E-012
  8.400000000000000E+003  1.230889977498591E-008  3.943797963984994E+000  1.393624708057872E-008  1.908986306079972E-003  1.207371391465850E+000  1.613852964244693E-012
  8.600000000000000E+003  1.213604985886285E-008  4.006301155546318E+000  1.368940033361378E-008  1.882466935370139E-003  1.215340032134930E+000  1.592305855408607E-012
  8.800000000000000E+003  1.196988566238869E-008  4.068190415725174E+000  1.345104075836520E-008  1.856970171604497E-003  1.223090435688314E+000  1.571574021866095E-012
  9.000000000000000E+003  1.181000824158561E-008  4.129480341381925E+000  1.322072303846217E-008  1.832435167154055E-003  1.230631646511074E+000  1.551609709350099E-012
  9.200000000000000E+003  1.165605062578734E-008  4.190184838660764E+000  1.299803406951397E-008  1.808805937776120E-003  1.237972187685456E+000  1.532368930251806E-012
  9.400000000000000E+003  1.150767462631996E-008  4.250317171907371E+000  1.278258998856152E-008  1.786030878389060E-003  1.245120100356367E+000  1.513811092785323E-012
  9.600000000000000E+003  1.136456802370163E-008  4.309890008137774E+000  1.257403353480036E-008  1.764062336162585E-003  1.252082979478368E+000  1.495898673637260E-012
  9.800000000000000E+003  1.122644208169382E-008  4.368915457542196E+000  1.237203169849448E-008  1.742856233110941E-003  1.258868006317619E+000  1.478596928216207E-012
  1.000000000000000E+004  1.109302934446392E-008  4.427405110447127E+000  1.217627362136263E-008  1.722371731574792E-003  1.265481978044261E+000  1.461873633516274E-012
  1.020000000000000E+004  1.096408167970389E-008  4.485370071106874E+000  1.198646871703552E-008  1.702570936972559E-003  1.271931334714870E+000  1.445698859355106E-012
  1.040000000000000E+004  1.083936853604032E-008  4.542820988650933E+000  1.180234498464244E-008  1.683418633031563E-003  1.278222183911787E+000  1.430044764369203E-012
  1.060000000000000E+004  1.071867538766403E-008  4.599768085474927E+000  1.162364749233915E-008  1.664882045403202E-003  1.284360323276506E+000  1.414885413670024E-012
  1.080000000000000E+004  1.060180234296295E-008  4.656221183329074E+000  1.145013701075908E-008  1.646930630148970E-003  1.290351261147873E+000  1.400196615501942E-012
  1.100000000000000E+004  1.048856289718980E-008  4.712189727329186E+000  1.128158877905605E-008  1.629535884074810E-003  1.296200235492465E+000  1.385955774611965E-012
  1.120000000000000E+004  1.037878281193926E-008  4.767682808089685E+000  1.111779138849033E-008  1.612671174306015E-003  1.301912231293682E+000  1.372141760353120E-012
  1.140000000000000E+004  1.027229910653601E-008  4.822709182155990E+000  1.095854577045700E-008  1.596311584846410E-003  1.307491996547897E+000  1.358734787808161E-012
  1.160000000000000E+004  1.016895914841130E-008  4.877277290894286E+000  1.080366427752103E-008  1.580433778164528E-003  1.312944056999797E+000  1.345716310445632E-012
  1.180000000000000E+004  1.006861983123255E-008  4.931395277979633E+000  1.065296984745209E-008  1.565015870104425E-003  1.318272729734828E+000  1.333068923012738E-012
  1.200000000000000E+004  9.971146830991706E-009  4.985071005608464E+000  1.050629524148101E-008  1.550037316636862E-003  1.323482135734133E+000  1.320776273534183E-012
  1.220000000000000E+004  9.876413931494169E-009  5.038312069548401E+000  1.036348234905952E-008  1.535478811153568E-003  1.328576211486229E+000  1.308822983427599E-012
  1.240000000000000E+004  9.784302411753312E-009  5.091125813126649E+000  1.022438155232165E-008  1.521322191168157E-003  1.333558719739910E+000  1.297194574867909E-012
  1.260000000000000E+004  9.694700488710947E-009  5.143519340248082E+000  1.008885114423975E-008  1.507550353425870E-003  1.338433259474174E+000  1.285877404638040E-012
  1.280000000000000E+004  9.607502809496235E-009  5.195499527524940E+000  9.956756795158426E-009  1.494147176544178E-003  1.343203275153297E+000  1.274858603794338E-012
  1.300000000000000E+004  9.522609988120600E-009  5.247073035592091E+000  9.827971062991745E-009  1.481097450410085E-003  1.347872065328332E+000  1.264126022553811E-012
  1.320000000000000E+004  9.439928182101763E-009  5.298246319674589E+000  9.702372942893789E-009  1.468386811650116E-003  1.352442790640320E+000  1.253668179878922E-012
  1.340000000000000E+004  9.359368705027551E-009  5.349025639467930E+000  9.579847452672644E-009  1.456001684567425E-003  1.356918481275048E+000  1.243474217295276E-012
  1.360000000000000E+004  9.280847671522099E-009  5.399417068385715E+000  9.460285250620816E-009  1.443929227008923E-003  1.361302043914412E+000  1.233533856529733E-012
  1.380000000000000E+004  9.204285671471476E-009  5.449426502224283E+000  9.343582282789265E-009  1.432157280685131E-003  1.365596268225205E+000  1.223837360602074E-012
  1.400000000000000E+004  9.129607470711575E-009  5.499059667289472E+000  9.229639457044079E-009  1.420674325517831E-003  1.369803832922251E+000  1.214375498043274E-012
  1.420000000000000E+004  9.056741735684140E-009  5.548322128026412E+000  9.118362341520049E-009  1.409469437636639E-003  1.373927311439455E+000  1.205139509948624E-012
  1.440000000000000E+004  8.985620779833724E-009  5.597219294189782E+000  9.009660885328528E-009  1.398532250685995E-003  1.377969177239236E+000  1.196121079604824E-012
  1.460000000000000E+004  8.916180329752854E-009  5.645756427588525E+000  8.903449159592304E-009  1.387852920139716E-003  1.381931808788061E+000  1.187312304457430E-012
  1.480000000000000E+004  8.848359309290229E-009  5.693938648436170E+000  8.799645117071324E-009  1.377422090351721E-003  1.385817494223369E+000  1.178705670209121E-012
  1.500000000000000E+004  8.782099640019737E-009  5.741770941335155E+000  8.698170368812822E-009  1.367230864099298E-003  1.389628435734884E+000  1.170294026860567E-012
  1.520000000000000E+004  8.717346056630336E-009  5.789258160921222E+000  8.598949976410520E-009  1.357270774399940E-003  1.393366753681401E+000  1.162070566524550E-012
  1.540000000000000E+004  8.654045935940902E-009  5.836405037191706E+000  8.501912258592390E-009  1.347533758404596E-003  1.397034490462228E+000  1.154028802860774E-012
  1.560000000000000E+004  8.592149138371681E-009  5.883216180539632E+000  8.406988610976631E-009  1.338012133189631E-003  1.400633614160943E+000  1.146162551993729E-012
  1.580000000000000E+004  8.531607860818015E-009  5.929696086513709E+000  8.314113337943282E-009  1.328698573287026E-003  1.404166021977557E+000  1.138465914789242E-012
  1.600000000000000E+004  8.472376499973324E-009  5.975849140322714E+000  8.223223495665187E-009  1.319586089807785E-003  1.407633543463908E+000  1.130933260377207E-012
  1.620000000000000E+004  8.414411525238712E-009  6.021679621101286E+000  8.134258745428533E-009  1.310668011027255E-003  1.411037943575872E+000  1.123559210818583E-012
  1.640000000000000E+004  8.357671360437687E-009  6.067191705952808E+000  8.047161216450822E-009  1.301937964313363E-003  1.414380925554880E+000  1.116338626824229E-012
  1.660000000000000E+004  8.302116273626724E-009  6.112389473783863E+000  7.961875377474076E-009  1.293389859289771E-003  1.417664133650249E+000  1.109266594441630E-012
  1.680000000000000E+004  8.247708274357414E-009  6.157276908943567E+000  7.878347916473927E-009  1.285017872135849E-003  1.420889155692933E+000  1.102338412633186E-012
  1.700000000000000E+004  8.194411017804273E-009  6.201857904680209E+000  7.796527627882105E-009  1.276816430934202E-003  1.424057525530426E+000  1.095549581676590E-012
  1.720000000000000E+004  8.142189715224554E-009  6.246136266426533E+000  7.716365306771036E-009  1.268780201984462E-003  1.427170725331889E+000  1.088895792323988E-012
  1.740000000000000E+004  8.091011050263689E-009  6.290115714924310E+000  7.637813649495631E-009  1.260904077009228E-003  1.430230187771792E+000  1.082372915662126E-012
  1.760000000000000E+004  8.040843100662400E-009  6.333799889197945E+000  7.560827160329412E-009  1.253183161184533E-003  1.433237298099796E+000  1.075976993620755E-012
  1.780000000000000E+004  7.991655264959920E-009  6.377192349386264E+000  7.485362063670019E-009  1.245612761932982E-003  1.436193396104009E+000  1.069704230081024E-012
  1.800000000000000E+004  7.943418193822373E-009  6.420296579440886E+000  7.411376221423808E-009  1.238188378423052E-003  1.439099777974223E+000  1.063550982539722E-012
  1.820000000000000E+004  7.896103725656716E-009  6.463115989699053E+000  7.338829055210516E-009  1.230905691722760E-003  1.441957698071264E+000  1.057513754288887E-012
  1.840000000000000E+004  7.849684826198955E-009  6.505653919338200E+000  7.267681473057581E-009  1.223760555560271E-003  1.444768370608148E+000  1.051589187073719E-012
  1.860000000000000E+004  7.804135531791266E-009  6.547913638719096E+000  7.197895800279620E-009  1.216748987647872E-003  1.447532971248315E+000  1.045774054194683E-012
  1.880000000000000E+004  7.759430896085666E-009  6.589898351623803E+000  7.129435714262317E-009  1.209867161529367E-003  1.450252638625880E+000  1.040065254022549E-012
  1.900000000000000E+004  7.715546939933402E-009  6.631611197394485E+000  7.062266182891480E-009  1.203111398914096E-003  1.452928475792448E+000  1.034459803897537E-012
  1.920000000000000E+004  7.672460604238388E-009  6.673055252978435E+000  6.996353406387864E-009  1.196478162463820E-003  1.455561551594769E+000  1.028954834386108E-012
  1.940000000000000E+004  7.630149705570470E-009  6.714233534884589E+000  6.931664762326349E-009  1.189964049001263E-003  1.458152901987197E+000  1.023547583870927E-012
  1.960000000000000E+004  7.588592894350529E-009  6.755149001056229E+000  6.868168753634531E-009  1.183565783111667E-003  1.460703531282645E+000  1.018235393451537E-012
  1.980000000000000E+004  7.547769615433829E-009  6.795804552664454E+000  6.805834959381034E-009  1.177280211110847E-003  1.463214413345514E+000  1.013015702134916E-012
  2.000000000000000E+004  7.507660070931496E-009  6.836203035826567E+000  6.744633988177555E-009  1.171104295355314E-003  1.465686492729791E+000  1.007886042296716E-012
