! time                    visible_void_density    visible_void_diameter   
  0.000000000000000E+000  0.000000000000000E+000  0.000000000000000E+000
  9.999999999999999E-002  0.000000000000000E+000  0.000000000000000E+000
  2.000000000000000E-001  0.000000000000000E+000  0.000000000000000E+000
  3.000000000000000E-001  0.000000000000000E+000  0.000000000000000E+000
  4.000000000000000E-001  5.613197407853359E-283  0.000000000000000E+000
  4.999999999999999E-001 -1.157078765018131E-264  0.000000000000000E+000
  6.000000000000000E-001  8.757822429246146E-251  0.000000000000000E+000
  7.000000000000001E-001  1.248953216931922E-238  0.000000000000000E+000
  8.000000000000002E-001  5.901259676635745E-229  0.000000000000000E+000
  9.000000000000002E-001  6.238503688190315E-221  0.000000000000000E+000
  1.000000000000000E+000  3.973743832108963E-214  0.000000000000000E+000
  1.100000000000000E+000  3.023589706289185E-208  0.000000000000000E+000
  1.200000000000000E+000  4.555918504807809E-203  0.000000000000000E+000
  1.300000000000000E+000  5.728910434226725E-154  0.000000000000000E+000
  1.400000000000001E+000  8.301794797688384E-150  0.000000000000000E+000
  1.500000000000001E+000  2.899481555141512E-146  0.000000000000000E+000
  1.600000000000001E+000  3.518279436965872E-143  0.000000000000000E+000
  1.700000000000001E+000  1.883904575153151E-140  0.000000000000000E+000
  1.800000000000001E+000  5.270977514517287E-138  0.000000000000000E+000
  1.900000000000001E+000  8.717919200850240E-136  0.000000000000000E+000
  2.000000000000001E+000  9.348266741374108E-134  0.000000000000000E+000
  2.100000000000001E+000  6.974112448240494E-132  0.000000000000000E+000
  2.200000000000001E+000  3.824135105157178E-130  0.000000000000000E+000
  2.300000000000001E+000  1.609672387492132E-128  0.000000000000000E+000
  2.400000000000001E+000  5.386066069971186E-127  0.000000000000000E+000
  2.500000000000001E+000  1.474012180893411E-125  0.000000000000000E+000
  2.600000000000001E+000  3.377792691963121E-124  0.000000000000000E+000
  2.700000000000002E+000  6.609813219825336E-123  0.000000000000000E+000
  2.800000000000002E+000  1.122939439363866E-121  0.000000000000000E+000
  2.900000000000002E+000  1.679770444380015E-120  0.000000000000000E+000
  3.000000000000002E+000  2.239318527233077E-119  0.000000000000000E+000
  3.100000000000002E+000  2.688353995349626E-118  0.000000000000000E+000
  3.200000000000002E+000  2.932937079340115E-117  0.000000000000000E+000
  3.300000000000002E+000  2.930971732702259E-116  0.000000000000000E+000
  3.400000000000002E+000  2.701740666295445E-115  0.000000000000000E+000
  3.500000000000002E+000  2.311405508541779E-114  0.000000000000000E+000
  3.600000000000002E+000  1.845375471294292E-113  0.000000000000000E+000
  3.800000000000002E+000  3.102691692534222E-095  0.000000000000000E+000
  4.000000000000003E+000  2.085822416081186E-093  0.000000000000000E+000
  4.200000000000003E+000  7.017968405126382E-092  0.000000000000000E+000
  4.400000000000003E+000  1.579192239425367E-090  0.000000000000000E+000
  4.600000000000003E+000  2.678109571396249E-089  0.000000000000000E+000
  4.800000000000003E+000  3.655728887754259E-088  0.000000000000000E+000
  5.000000000000004E+000  4.188142021985248E-087  0.000000000000000E+000
  5.200000000000004E+000  4.144991861507825E-086  0.000000000000000E+000
  5.400000000000004E+000  3.619727379369069E-085  0.000000000000000E+000
  5.600000000000004E+000  2.834635406482470E-084  0.000000000000000E+000
  5.800000000000004E+000  2.016118536745945E-083  0.000000000000000E+000
  6.000000000000004E+000  1.315814324821265E-082  0.000000000000000E+000
  6.200000000000005E+000  7.947060668959768E-082  0.000000000000000E+000
  6.400000000000005E+000  4.473281571900078E-081  0.000000000000000E+000
  6.600000000000005E+000  2.360816972842316E-080  0.000000000000000E+000
  6.800000000000005E+000  1.174233037089593E-079  0.000000000000000E+000
  7.000000000000005E+000  5.528973014287558E-079  0.000000000000000E+000
  7.200000000000006E+000  2.474186291891697E-078  0.000000000000000E+000
  7.400000000000006E+000  1.055885630778820E-077  0.000000000000000E+000
  7.600000000000006E+000  4.310512307749645E-077  0.000000000000000E+000
  7.800000000000006E+000  1.687942680132624E-076  0.000000000000000E+000
  8.000000000000005E+000  6.355824232537499E-076  0.000000000000000E+000
  8.500000000000005E+000  2.150655825575175E-065  0.000000000000000E+000
  9.000000000000005E+000  7.098611824550769E-064  0.000000000000000E+000
  9.500000000000005E+000  1.201322360646003E-062  0.000000000000000E+000
  1.000000000000001E+001  1.388971196869531E-061  0.000000000000000E+000
  1.050000000000001E+001  1.233539443025832E-060  0.000000000000000E+000
  1.100000000000001E+001  8.970228777670924E-060  0.000000000000000E+000
  1.150000000000001E+001  5.560608576760781E-059  0.000000000000000E+000
  1.200000000000001E+001  3.020692737137386E-058  0.000000000000000E+000
  1.250000000000001E+001  1.467192270429445E-057  0.000000000000000E+000
  1.300000000000001E+001  6.469812566493179E-057  0.000000000000000E+000
  1.350000000000001E+001  2.621293623299781E-056  0.000000000000000E+000
  1.400000000000001E+001  9.852228065940117E-056  0.000000000000000E+000
  1.450000000000001E+001  3.462363217761944E-055  0.000000000000000E+000
  1.500000000000001E+001  1.145212320247620E-054  0.000000000000000E+000
  1.550000000000001E+001  3.585003844016567E-054  0.000000000000000E+000
  1.600000000000001E+001  1.067210458086007E-053  0.000000000000000E+000
  1.650000000000001E+001  3.033569638989469E-053  0.000000000000000E+000
  1.700000000000001E+001  8.263416956527109E-053  0.000000000000000E+000
  1.750000000000001E+001  2.163899395378535E-052  0.000000000000000E+000
  1.800000000000001E+001  5.462591831247795E-052  0.000000000000000E+000
  1.850000000000001E+001  1.332676357434595E-051  0.000000000000000E+000
  1.900000000000001E+001  3.149068301370517E-051  0.000000000000000E+000
  1.950000000000001E+001  7.221732985805160E-051  0.000000000000000E+000
  2.000000000000001E+001  1.610236947347037E-050  0.000000000000000E+000
  2.050000000000001E+001  3.496565723712363E-050  0.000000000000000E+000
  2.100000000000001E+001  7.405396179343321E-050  0.000000000000000E+000
  2.200000000000001E+001  1.122471782593683E-048  0.000000000000000E+000
  2.300000000000001E+001  8.447017508858337E-048  0.000000000000000E+000
  2.400000000000001E+001  4.581687769119015E-047  0.000000000000000E+000
  2.500000000000001E+001  2.012454635068955E-046  0.000000000000000E+000
  2.600000000000001E+001  7.578363145961883E-046  0.000000000000000E+000
  2.700000000000001E+001  2.530887815697781E-045  0.000000000000000E+000
  2.800000000000001E+001  7.665596817769674E-045  0.000000000000000E+000
  2.900000000000001E+001  2.139447414179228E-044  0.000000000000000E+000
  3.000000000000001E+001  5.567907662070483E-044  0.000000000000000E+000
  3.100000000000001E+001  1.363650543257568E-043  0.000000000000000E+000
  3.200000000000001E+001  3.165964638533972E-043  0.000000000000000E+000
  3.300000000000001E+001  7.009397967345587E-043  0.000000000000000E+000
  3.400000000000001E+001  1.487181262208694E-042  0.000000000000000E+000
  3.500000000000001E+001  3.036352639561114E-042  0.000000000000000E+000
  3.600000000000001E+001  5.986531333898259E-042  0.000000000000000E+000
  3.700000000000001E+001  1.143271677712495E-041  0.000000000000000E+000
  3.800000000000001E+001  2.120401853574733E-041  0.000000000000000E+000
  3.900000000000001E+001  3.828094690535094E-041  0.000000000000000E+000
  4.000000000000001E+001  6.741024406632866E-041  0.000000000000000E+000
  4.200000000000001E+001  3.057856498377186E-040  0.000000000000000E+000
  4.400000000000001E+001  1.078832532151788E-039  0.000000000000000E+000
  4.600000000000001E+001  3.223387880888093E-039  0.000000000000000E+000
  4.800000000000001E+001  8.522633248073029E-039  0.000000000000000E+000
  5.000000000000001E+001  2.048140843741508E-038  0.000000000000000E+000
  5.200000000000001E+001  4.554874021474089E-038  0.000000000000000E+000
  5.400000000000001E+001  9.495433992703863E-038  0.000000000000000E+000
  5.600000000000001E+001  1.873558204231302E-037  0.000000000000000E+000
  5.800000000000001E+001  3.525209353689906E-037  0.000000000000000E+000
  6.000000000000001E+001  6.362927444947823E-037  0.000000000000000E+000
  6.200000000000001E+001  1.107103987957700E-036  0.000000000000000E+000
  6.400000000000000E+001  1.864319148644078E-036  0.000000000000000E+000
  6.600000000000000E+001  3.048688067598730E-036  0.000000000000000E+000
  6.800000000000000E+001  4.855193271077840E-036  0.000000000000000E+000
  7.000000000000000E+001  7.548564405774360E-036  0.000000000000000E+000
  7.200000000000000E+001  1.148171768391201E-035  0.000000000000000E+000
  7.400000000000000E+001  1.711735657108265E-035  0.000000000000000E+000
  7.600000000000000E+001  2.505294284904814E-035  0.000000000000000E+000
  7.800000000000000E+001  3.604921552432599E-035  0.000000000000000E+000
  8.000000000000000E+001  5.106239977958635E-035  0.000000000000000E+000
  8.500000000000000E+001  1.453646249330625E-034  0.000000000000000E+000
  9.000000000000000E+001  3.488360444988922E-034  0.000000000000000E+000
  9.500000000000000E+001  7.431518454022395E-034  0.000000000000000E+000
  1.000000000000000E+002  1.447815025280664E-033  0.000000000000000E+000
  1.050000000000000E+002  2.629168858265381E-033  0.000000000000000E+000
  1.100000000000000E+002  4.509586932272824E-033  0.000000000000000E+000
  1.150000000000000E+002  7.376581794573141E-033  0.000000000000000E+000
  1.200000000000000E+002  1.159160491466300E-032  0.000000000000000E+000
  1.250000000000000E+002  1.759834750945580E-032  0.000000000000000E+000
  1.300000000000000E+002  2.593039015112747E-032  0.000000000000000E+000
  1.350000000000000E+002  3.721808639200750E-032  0.000000000000000E+000
  1.400000000000000E+002  5.219460020272490E-032  0.000000000000000E+000
  1.450000000000000E+002  7.170104784806130E-032  0.000000000000000E+000
  1.500000000000000E+002  9.669072146313534E-032  0.000000000000000E+000
  1.550000000000000E+002  1.282323939537100E-031  0.000000000000000E+000
  1.600000000000000E+002  1.675127230877809E-031  0.000000000000000E+000
  1.650000000000000E+002  2.158377870824263E-031  0.000000000000000E+000
  1.700000000000000E+002  2.746337950147127E-031  0.000000000000000E+000
  1.750000000000000E+002  3.454470234271337E-031  0.000000000000000E+000
  1.800000000000000E+002  4.299430359870703E-031  0.000000000000000E+000
  1.850000000000000E+002  5.299052464066929E-031  0.000000000000000E+000
  1.900000000000000E+002  6.472328864128530E-031  0.000000000000000E+000
  1.950000000000000E+002  7.839384407152864E-031  0.000000000000000E+000
  2.000000000000000E+002  9.421446099540129E-031  0.000000000000000E+000
  2.050000000000000E+002  1.124080860770789E-030  0.000000000000000E+000
  2.100000000000000E+002  1.332079619663806E-030  0.000000000000000E+000
  2.200000000000000E+002  1.875451104472061E-030  0.000000000000000E+000
  2.300000000000000E+002  2.568863399078122E-030  0.000000000000000E+000
  2.400000000000000E+002  3.436223737390966E-030  0.000000000000000E+000
  2.500000000000000E+002  4.502487235434421E-030  0.000000000000000E+000
  2.600000000000000E+002  5.793474744492363E-030  0.000000000000000E+000
  2.700000000000000E+002  7.335698413519848E-030  0.000000000000000E+000
  2.800000000000000E+002  9.156196729406439E-030  0.000000000000000E+000
  2.900000000000000E+002  1.128238017310601E-029  0.000000000000000E+000
  3.000000000000000E+002  1.374188813084347E-029  0.000000000000000E+000
  3.100000000000000E+002  1.656245732076972E-029  0.000000000000000E+000
  3.200000000000000E+002  1.977180171080623E-029  0.000000000000000E+000
  3.300000000000000E+002  2.339750369341891E-029  0.000000000000000E+000
  3.400000000000000E+002  2.746691613205339E-029  0.000000000000000E+000
  3.500000000000000E+002  3.200707478930242E-029  0.000000000000000E+000
  3.600000000000000E+002  3.704462057833923E-029  0.000000000000000E+000
  3.700000000000000E+002  4.260573103850954E-029  0.000000000000000E+000
  3.800000000000000E+002  4.871606041663983E-029  0.000000000000000E+000
  3.900000000000000E+002  5.540068773234358E-029  0.000000000000000E+000
  4.000000000000000E+002  6.268407221423501E-029  0.000000000000000E+000
  4.100000000000000E+002  7.059001551121215E-029  0.000000000000000E+000
  4.200000000000000E+002  7.914163010628787E-029  0.000000000000000E+000
  4.300000000000000E+002  8.836131338782807E-029  0.000000000000000E+000
  4.400000000000000E+002  9.827072686296600E-029  0.000000000000000E+000
  4.500000000000000E+002  1.088907800292129E-028  0.000000000000000E+000
  4.600000000000000E+002  1.202416184519972E-028  0.000000000000000E+000
  4.700000000000000E+002  1.323426156273597E-028  0.000000000000000E+000
  4.800000000000000E+002  1.452123682398372E-028  0.000000000000000E+000
  4.900000000000000E+002  1.588686944553190E-028  0.000000000000000E+000
  5.000000000000000E+002  1.733286349171443E-028  0.000000000000000E+000
  5.200000000000000E+002  2.056333005205695E-028  0.000000000000000E+000
  5.400000000000000E+002  2.414364630352720E-028  0.000000000000000E+000
  5.600000000000000E+002  2.808392701765678E-028  0.000000000000000E+000
  5.800000000000000E+002  3.239308250717319E-028  0.000000000000000E+000
  6.000000000000000E+002  3.707887832598631E-028  0.000000000000000E+000
  6.200000000000000E+002  4.214799600911226E-028  0.000000000000000E+000
  6.400000000000000E+002  4.760609430329250E-028  0.000000000000000E+000
  6.600000000000000E+002  5.345787013347001E-028  0.000000000000000E+000
  6.800000000000000E+002  5.970711864977917E-028  0.000000000000000E+000
  7.000000000000000E+002  6.635679184161408E-028  0.000000000000000E+000
  7.200000000000000E+002  7.340905533532359E-028  0.000000000000000E+000
  7.400000000000000E+002  8.086534310079567E-028  0.000000000000000E+000
  7.600000000000000E+002  8.872640988026487E-028  0.000000000000000E+000
  7.800000000000000E+002  9.699238122293684E-028  0.000000000000000E+000
  8.000000000000000E+002  1.056628010644585E-027  0.000000000000000E+000
  8.200000000000000E+002  1.147366768335727E-027  0.000000000000000E+000
  8.400000000000000E+002  1.242125221017555E-027  0.000000000000000E+000
  8.600000000000000E+002  1.340883968171478E-027  0.000000000000000E+000
  8.800000000000000E+002  1.443619451831862E-027  0.000000000000000E+000
  9.000000000000000E+002  1.550304312563129E-027  0.000000000000000E+000
  9.200000000000000E+002  1.660907723470019E-027  0.000000000000000E+000
  9.400000000000000E+002  1.775395703149301E-027  0.000000000000000E+000
  9.600000000000000E+002  1.893731408531366E-027  0.000000000000000E+000
  9.800000000000000E+002  2.015875408579836E-027  0.000000000000000E+000
  1.000000000000000E+003  2.141785939821224E-027  0.000000000000000E+000
  1.020000000000000E+003  2.271419144668327E-027  0.000000000000000E+000
  1.040000000000000E+003  2.404729293483306E-027  0.000000000000000E+000
  1.060000000000000E+003  2.541668991301784E-027  0.000000000000000E+000
  1.080000000000000E+003  2.682189370109492E-027  0.000000000000000E+000
  1.100000000000000E+003  2.826240267529666E-027  0.000000000000000E+000
  1.120000000000000E+003  2.973770392743743E-027  0.000000000000000E+000
  1.140000000000000E+003  3.124727480430696E-027  0.000000000000000E+000
  1.160000000000000E+003  3.279058433472685E-027  0.000000000000000E+000
  1.180000000000000E+003  3.436709455136740E-027  0.000000000000000E+000
  1.200000000000000E+003  3.597626171404825E-027  0.000000000000000E+000
  1.250000000000000E+003  4.019730272713212E-027  0.000000000000000E+000
  1.300000000000000E+003  4.460731556860162E-027  0.000000000000000E+000
  1.350000000000000E+003  4.919719776288349E-027  0.000000000000000E+000
  1.400000000000000E+003  5.395796085695720E-027  0.000000000000000E+000
  1.450000000000000E+003  5.888077713190386E-027  0.000000000000000E+000
  1.500000000000000E+003  6.395701441922781E-027  0.000000000000000E+000
  1.550000000000000E+003  6.917826214798863E-027  0.000000000000000E+000
  1.600000000000000E+003  7.453635044622048E-027  0.000000000000000E+000
  1.650000000000000E+003  8.002336363785090E-027  0.000000000000000E+000
  1.700000000000000E+003  8.563164919528589E-027  0.000000000000000E+000
  1.750000000000000E+003  9.135382300725835E-027  0.000000000000000E+000
  1.800000000000000E+003  9.718277166619460E-027  0.000000000000000E+000
  1.850000000000000E+003  1.031116523548589E-026  0.000000000000000E+000
  1.900000000000000E+003  1.091338908106749E-026  0.000000000000000E+000
  1.950000000000000E+003  1.152431777629262E-026  0.000000000000000E+000
  2.000000000000000E+003  1.214334641694246E-026  0.000000000000000E+000
  2.050000000000000E+003  1.276989555224786E-026  0.000000000000000E+000
  2.100000000000000E+003  1.340341054469354E-026  0.000000000000000E+000
  2.150000000000000E+003  1.404336087739957E-026  0.000000000000000E+000
  2.200000000000000E+003  1.468923942420084E-026  0.000000000000000E+000
  2.250000000000000E+003  1.534056169484151E-026  0.000000000000000E+000
  2.300000000000000E+003  1.599686506544830E-026  0.000000000000000E+000
  2.350000000000000E+003  1.665770800257053E-026  0.000000000000000E+000
  2.400000000000000E+003  1.732266928750972E-026  0.000000000000000E+000
  2.450000000000000E+003  1.799134724635776E-026  0.000000000000000E+000
  2.500000000000000E+003  1.866335899007582E-026  0.000000000000000E+000
  2.550000000000000E+003  1.933833966804109E-026  0.000000000000000E+000
  2.600000000000000E+003  2.001594173773501E-026  0.000000000000000E+000
  2.650000000000000E+003  2.069583425262038E-026  0.000000000000000E+000
  2.700000000000000E+003  2.137770216973547E-026  0.000000000000000E+000
  2.750000000000000E+003  2.206124567810226E-026  0.000000000000000E+000
  2.800000000000000E+003  2.274617954869098E-026  0.000000000000000E+000
  2.850000000000000E+003  2.343223250639028E-026  0.000000000000000E+000
  2.900000000000000E+003  2.411914662419204E-026  0.000000000000000E+000
  3.000000000000000E+003  2.549453322279431E-026  0.000000000000000E+000
  3.100000000000000E+003  2.686975181591760E-026  0.000000000000000E+000
  3.200000000000000E+003  2.824324656995864E-026  0.000000000000000E+000
  3.300000000000000E+003  2.961361856908032E-026  0.000000000000000E+000
  3.400000000000000E+003  3.097961197490715E-026  0.000000000000000E+000
  3.500000000000000E+003  3.234010112573401E-026  0.000000000000000E+000
  3.600000000000000E+003  3.369407872427825E-026  0.000000000000000E+000
  3.700000000000000E+003  3.504064507574442E-026  0.000000000000000E+000
  3.800000000000000E+003  3.637899829986458E-026  0.000000000000000E+000
  3.900000000000000E+003  3.770842543464730E-026  0.000000000000000E+000
  4.000000000000000E+003  3.902829435226772E-026  0.000000000000000E+000
  4.100000000000000E+003  4.033804641279167E-026  0.000000000000000E+000
  4.200000000000000E+003  4.163718978736482E-026  0.000000000000000E+000
  4.300000000000000E+003  4.292529338842761E-026  0.000000000000000E+000
  4.400000000000000E+003  4.420198135017259E-026  0.000000000000000E+000
  4.500000000000000E+003  4.546692800773440E-026  0.000000000000000E+000
  4.600000000000000E+003  4.671985332846243E-026  0.000000000000000E+000
  4.700000000000000E+003  4.796051875307051E-026  0.000000000000000E+000
  4.800000000000000E+003  4.918872340850071E-026  0.000000000000000E+000
  4.900000000000000E+003  5.040430065800629E-026  0.000000000000000E+000
  5.000000000000000E+003  5.160711495727925E-026  0.000000000000000E+000
  5.100000000000000E+003  5.279705898844581E-026  0.000000000000000E+000
  5.200000000000000E+003  5.397405104646085E-026  0.000000000000000E+000
  5.300000000000000E+003  5.513803265487359E-026  0.000000000000000E+000
  5.400000000000000E+003  5.628896639013704E-026  0.000000000000000E+000
  5.500000000000000E+003  5.742683389561841E-026  0.000000000000000E+000
  5.600000000000000E+003  5.855163406825401E-026  0.000000000000000E+000
  5.700000000000000E+003  5.966338140240346E-026  0.000000000000000E+000
  5.800000000000000E+003  6.076210447691100E-026  0.000000000000000E+000
  5.900000000000000E+003  6.184784457268923E-026  0.000000000000000E+000
  6.000000000000000E+003  6.292065440932281E-026  0.000000000000000E+000
  6.100000000000000E+003  6.398059699025425E-026  0.000000000000000E+000
  6.200000000000000E+003  6.502774454707525E-026  0.000000000000000E+000
  6.400000000000000E+003  6.707111457923379E-026  0.000000000000000E+000
  6.600000000000000E+003  6.906439203164766E-026  0.000000000000000E+000
  6.800000000000000E+003  7.100848161968404E-026  0.000000000000000E+000
  7.000000000000000E+003  7.290434511041847E-026  0.000000000000000E+000
  7.200000000000000E+003  7.475298687334969E-026  0.000000000000000E+000
  7.400000000000000E+003  7.655544155247761E-026  0.000000000000000E+000
  7.600000000000000E+003  7.831276374160124E-026  0.000000000000000E+000
  7.800000000000000E+003  8.002601939159001E-026  0.000000000000000E+000
  8.000000000000000E+003  8.169627868935663E-026  0.000000000000000E+000
  8.200000000000000E+003  8.332461018111842E-026  0.000000000000000E+000
  8.400000000000000E+003  8.491207594581088E-026  0.000000000000000E+000
  8.600000000000000E+003  8.645972765419731E-026  0.000000000000000E+000
  8.800000000000000E+003  8.796860337471830E-026  0.000000000000000E+000
  9.000000000000000E+003  8.943972500874613E-026  0.000000000000000E+000
  9.200000000000000E+003  9.087409625613662E-026  0.000000000000000E+000
  9.400000000000000E+003  9.227270102731379E-026  0.000000000000000E+000
  9.600000000000000E+003  9.363650223103157E-026  0.000000000000000E+000
  9.800000000000000E+003  9.496644087782596E-026  0.000000000000000E+000
  1.000000000000000E+004  9.626343544833241E-026  0.000000000000000E+000
  1.020000000000000E+004  9.752838148337592E-026  0.000000000000000E+000
  1.040000000000000E+004  9.876215135927231E-026  0.000000000000000E+000
  1.060000000000000E+004  9.996559421730736E-026  0.000000000000000E+000
  1.080000000000000E+004  1.011395360210449E-025  0.000000000000000E+000
  1.100000000000000E+004  1.022847797190853E-025  0.000000000000000E+000
  1.120000000000000E+004  1.034021054942692E-025  0.000000000000000E+000
  1.140000000000000E+004  1.044922710831934E-025  0.000000000000000E+000
  1.160000000000000E+004  1.055560121523397E-025  0.000000000000000E+000
  1.180000000000000E+004  1.065940427192047E-025  0.000000000000000E+000
  1.200000000000000E+004  1.076070556085830E-025  0.000000000000000E+000
  1.220000000000000E+004  1.085957229356754E-025  0.000000000000000E+000
  1.240000000000000E+004  1.095606966089802E-025  0.000000000000000E+000
  1.260000000000000E+004  1.105026088470294E-025  0.000000000000000E+000
  1.280000000000000E+004  1.114220727039735E-025  0.000000000000000E+000
  1.300000000000000E+004  1.123196825998252E-025  0.000000000000000E+000
  1.320000000000000E+004  1.131960148518569E-025  0.000000000000000E+000
  1.340000000000000E+004  1.140516282042386E-025  0.000000000000000E+000
  1.360000000000000E+004  1.148870643535030E-025  0.000000000000000E+000
  1.380000000000000E+004  1.157028484678551E-025  0.000000000000000E+000
  1.400000000000000E+004  1.164994896987104E-025  0.000000000000000E+000
  1.420000000000000E+004  1.172774816831566E-025  0.000000000000000E+000
  1.440000000000000E+004  1.180373030363026E-025  0.000000000000000E+000
  1.460000000000000E+004  1.187794178327058E-025  0.000000000000000E+000
  1.480000000000000E+004  1.195042760762575E-025  0.000000000000000E+000
  1.500000000000000E+004  1.202123141580762E-025  0.000000000000000E+000
  1.520000000000000E+004  1.209039553020911E-025  0.000000000000000E+000
  1.540000000000000E+004  1.215796099981199E-025  0.000000000000000E+000
  1.560000000000000E+004  1.222396764223395E-025  0.000000000000000E+000
  1.580000000000000E+004  1.228845408451343E-025  0.000000000000000E+000
  1.600000000000000E+004  1.235145780263724E-025  0.000000000000000E+000
  1.620000000000000E+004  1.241301515982193E-025  0.000000000000000E+000
  1.640000000000000E+004  1.247316144356448E-025  0.000000000000000E+000
  1.660000000000000E+004  1.253193090148177E-025  0.000000000000000E+000
  1.680000000000000E+004  1.258935677596122E-025  0.000000000000000E+000
  1.700000000000000E+004  1.264547133764777E-025  0.000000000000000E+000
  1.720000000000000E+004  1.270030591779393E-025  0.000000000000000E+000
  1.740000000000000E+004  1.275389093950133E-025  0.000000000000000E+000
  1.760000000000000E+004  1.280625594788327E-025  0.000000000000000E+000
  1.780000000000000E+004  1.285742963917829E-025  0.000000000000000E+000
  1.800000000000000E+004  1.290743988884559E-025  0.000000000000000E+000
  1.820000000000000E+004  1.295631377867285E-025  0.000000000000000E+000
  1.840000000000000E+004  1.300407762292763E-025  0.000000000000000E+000
  1.860000000000000E+004  1.305075699358285E-025  0.000000000000000E+000
  1.880000000000000E+004  1.309637674464677E-025  0.000000000000000E+000
  1.900000000000000E+004  1.314096103562767E-025  0.000000000000000E+000
  1.920000000000000E+004  1.318453335416243E-025  0.000000000000000E+000
  1.940000000000000E+004  1.322711653783837E-025  0.000000000000000E+000
  1.960000000000000E+004  1.326873279523625E-025  0.000000000000000E+000
  1.980000000000000E+004  1.330940372622242E-025  0.000000000000000E+000
  2.000000000000000E+004  1.334915034151682E-025  0.000000000000000E+000
