! time                    visible_void_density    visible_void_diameter   
  0.000000000000000E+000  7.845461600677299E-005  4.035591442362354E+000
  0.000000000000000E+000  7.845461600677299E-005  4.035591442362354E+000
  1.000000000000000E-001  7.844636972391952E-005  4.034721615491648E+000
  2.000000000000001E-001  7.844096652830794E-005  4.034076413099842E+000
  3.000000000000001E-001  7.843694706718849E-005  4.033527803170190E+000
  4.000000000000002E-001  7.843375685427143E-005  4.033033644081987E+000
  5.000000000000002E-001  7.843115024667141E-005  4.032577463695017E+000
  6.000000000000003E-001  7.842902175741366E-005  4.032153702906708E+000
  7.000000000000004E-001  7.842720001721358E-005  4.031752369542287E+000
  8.000000000000005E-001  7.842561699731235E-005  4.031370106232143E+000
  9.000000000000006E-001  7.842422186411244E-005  4.031004505663711E+000
  1.000000000000001E+000  7.842297589746218E-005  4.030653759490656E+000
  1.100000000000001E+000  7.842184922064075E-005  4.030316454845212E+000
  1.200000000000001E+000  7.842081857483988E-005  4.029991451089238E+000
  1.300000000000001E+000  7.841986573973046E-005  4.029677802348890E+000
  1.400000000000001E+000  7.841897637745845E-005  4.029374707147976E+000
  1.500000000000001E+000  7.841813916729740E-005  4.029081474561509E+000
  1.600000000000001E+000  7.841735371608822E-005  4.028799647513106E+000
  1.700000000000001E+000  7.841660203043462E-005  4.028526341711011E+000
  1.800000000000001E+000  7.841587914264086E-005  4.028261110690280E+000
  1.900000000000001E+000  7.841518104692539E-005  4.028003550179795E+000
  2.000000000000001E+000  7.841450450586652E-005  4.027753292054109E+000
  2.100000000000001E+000  7.841384689619882E-005  4.027509999418629E+000
  2.200000000000002E+000  7.841320608574170E-005  4.027273362556670E+000
  2.300000000000002E+000  7.841258033506969E-005  4.027043095548427E+000
  2.400000000000002E+000  7.841196821891122E-005  4.026818933424971E+000
  2.500000000000002E+000  7.841136856331313E-005  4.026600629755873E+000
  2.600000000000002E+000  7.841078039542218E-005  4.026387954593190E+000
  2.700000000000002E+000  7.841020290337116E-005  4.026180692711325E+000
  2.800000000000002E+000  7.840963540425960E-005  4.025978642094440E+000
  2.900000000000002E+000  7.840907731861679E-005  4.025781612632112E+000
  3.000000000000002E+000  7.840852815005354E-005  4.025589424990768E+000
  3.100000000000002E+000  7.840798746906310E-005  4.025401909633936E+000
  3.200000000000002E+000  7.840745490013642E-005  4.025218905968672E+000
  3.300000000000002E+000  7.840693011152194E-005  4.025040261599151E+000
  3.400000000000003E+000  7.840641280709128E-005  4.024865831671389E+000
  3.500000000000003E+000  7.840590271988111E-005  4.024695478295567E+000
  3.600000000000003E+000  7.840539960696527E-005  4.024529070034569E+000
  3.700000000000003E+000  7.840490324538215E-005  4.024366481449090E+000
  3.800000000000003E+000  7.840441342889755E-005  4.024207592691230E+000
  4.000000000000003E+000  7.840345878542239E-005  4.023903791302754E+000
  4.200000000000003E+000  7.840252777213945E-005  4.023613143216202E+000
  4.400000000000003E+000  7.840161916824183E-005  4.023334892033752E+000
  4.600000000000003E+000  7.840073186440679E-005  4.023068339028676E+000
  4.800000000000003E+000  7.839986484378385E-005  4.022812837341879E+000
  5.000000000000004E+000  7.839901716826246E-005  4.022567786962590E+000
  5.200000000000004E+000  7.839818796821971E-005  4.022332630350022E+000
  5.400000000000004E+000  7.839737643459545E-005  4.022106848586283E+000
  5.600000000000004E+000  7.839658181255567E-005  4.021889957975114E+000
  5.800000000000004E+000  7.839580339626688E-005  4.021681507019139E+000
  6.000000000000004E+000  7.839504052447327E-005  4.021481073721471E+000
  6.200000000000005E+000  7.839429257667435E-005  4.021288263167744E+000
  6.400000000000005E+000  7.839355896976826E-005  4.021102705352225E+000
  6.600000000000005E+000  7.839283915506899E-005  4.020924053217731E+000
  6.800000000000005E+000  7.839213261563331E-005  4.020751980883727E+000
  7.000000000000005E+000  7.839143886385009E-005  4.020586182040783E+000
  7.200000000000006E+000  7.839075743925689E-005  4.020426368492723E+000
  7.400000000000006E+000  7.839008790655562E-005  4.020272268830178E+000
  7.600000000000006E+000  7.838942985380469E-005  4.020123627221543E+000
  7.800000000000006E+000  7.838878289076880E-005  4.019980202308996E+000
  8.000000000000005E+000  7.838814664740975E-005  4.019841766198805E+000
  8.200000000000005E+000  7.838752077250472E-005  4.019708103536426E+000
  8.400000000000004E+000  7.838690493237918E-005  4.019579010657989E+000
  8.600000000000003E+000  7.838629880974377E-005  4.019454294810774E+000
  8.800000000000002E+000  7.838570210262467E-005  4.019333773436092E+000
  9.000000000000002E+000  7.838511452338001E-005  4.019217273508645E+000
  9.500000000000002E+000  7.838369964496162E-005  4.018948960394149E+000
  9.600000000000000E+000  7.838341787356615E-005  4.018895823864628E+000
  9.700000000000001E+000  7.838313845871624E-005  4.018843706093470E+000
  9.800000000000001E+000  7.838286155683714E-005  4.018792656846947E+000
  1.000000000000000E+001  7.838231563972364E-005  4.018693843374274E+000
  1.050000000000000E+001  7.838099775539693E-005  4.018465629496105E+000
  1.100000000000000E+001  7.837972353828166E-005  4.018254531864661E+000
  1.150000000000000E+001  7.837849019479467E-005  4.018059041494460E+000
  1.200000000000000E+001  7.837729523408663E-005  4.017877812403170E+000
  1.250000000000000E+001  7.837613640298795E-005  4.017709639663108E+000
  1.300000000000000E+001  7.837501164903636E-005  4.017553441551275E+000
  1.350000000000000E+001  7.837391909467481E-005  4.017408244540479E+000
  1.400000000000000E+001  7.837285701690018E-005  4.017273170481511E+000
  1.450000000000000E+001  7.837182383025767E-005  4.017147425567190E+000
  1.500000000000000E+001  7.837081807226986E-005  4.017030290781673E+000
  1.550000000000000E+001  7.836983839080475E-005  4.016921113602836E+000
  1.600000000000000E+001  7.836888353305391E-005  4.016819300769203E+000
  1.650000000000000E+001  7.836795233587103E-005  4.016724311955595E+000
  1.700000000000000E+001  7.836704371727121E-005  4.016635654227570E+000
  1.750000000000000E+001  7.836615666892565E-005  4.016552877165643E+000
  1.800000000000000E+001  7.836529024951470E-005  4.016475568567365E+000
  1.850000000000000E+001  7.836444357882238E-005  4.016403350649592E+000
  1.900000000000000E+001  7.836361583247546E-005  4.016335876684831E+000
  2.000000000000000E+001  7.836203154682622E-005  4.016217704237297E+000
  2.100000000000000E+001  7.836051269352921E-005  4.016114214141597E+000
  2.200000000000000E+001  7.835905442261202E-005  4.016023631218774E+000
  2.300000000000000E+001  7.835765244142837E-005  4.015944432136080E+000
  2.400000000000000E+001  7.835630290337933E-005  4.015875302923224E+000
  2.500000000000000E+001  7.835500234364227E-005  4.015815105740113E+000
  2.600000000000000E+001  7.835374762936652E-005  4.015762851764041E+000
  2.700000000000000E+001  7.835253591822830E-005  4.015717678804801E+000
  2.800000000000000E+001  7.835136462334997E-005  4.015678832711961E+000
  2.900000000000000E+001  7.835023138339529E-005  4.015645651858251E+000
  3.000000000000000E+001  7.834913403694340E-005  4.015617554133610E+000
  3.100000000000000E+001  7.834807060042324E-005  4.015594025998808E+000
  3.200000000000000E+001  7.834703924902951E-005  4.015574613236499E+000
  3.400000000000000E+001  7.834509503366607E-005  4.015549536335357E+000
  3.600000000000000E+001  7.834325729159395E-005  4.015535756598355E+000
  3.800000000000000E+001  7.834151616462383E-005  4.015531330462466E+000
  4.000000000000000E+001  7.833986310783466E-005  4.015534684755015E+000
  4.200000000000000E+001  7.833829064419452E-005  4.015544536286318E+000
  4.400000000000000E+001  7.833679219321367E-005  4.015559831828985E+000
  4.600000000000000E+001  7.833536193363035E-005  4.015579701923348E+000
  4.800000000000000E+001  7.833399469140014E-005  4.015603424973492E+000
  5.000000000000000E+001  7.833268584757624E-005  4.015630399123571E+000
  5.200000000000000E+001  7.833143126199860E-005  4.015660120068605E+000
  5.400000000000000E+001  7.833022720964870E-005  4.015692163427850E+000
  5.600000000000000E+001  7.832907032722980E-005  4.015726170652449E+000
  5.800000000000000E+001  7.832795756806368E-005  4.015761837690181E+000
  6.000000000000000E+001  7.832688616379579E-005  4.015798905815585E+000
  6.500000000000000E+001  7.832443884659083E-005  4.015897624022399E+000
  7.000000000000000E+001  7.832219052103559E-005  4.016000199245208E+000
  7.500000000000000E+001  7.832011579287307E-005  4.016105135150324E+000
  8.000000000000000E+001  7.831819369087338E-005  4.016211368599063E+000
  8.500000000000000E+001  7.831640670042656E-005  4.016318138355447E+000
  9.000000000000000E+001  7.831474005329742E-005  4.016424896978244E+000
  9.500000000000000E+001  7.831318118926888E-005  4.016531250265723E+000
  1.000000000000000E+002  7.831171934254404E-005  4.016636915016211E+000
  1.050000000000000E+002  7.831034522000289E-005  4.016741689165709E+000
  1.100000000000000E+002  7.830905074800602E-005  4.016845430416239E+000
  1.150000000000000E+002  7.830782887101591E-005  4.016948040770525E+000
  1.200000000000000E+002  7.830667338986253E-005  4.017049455228499E+000
  1.250000000000000E+002  7.830557883067967E-005  4.017149633451237E+000
  1.300000000000000E+002  7.830454033781511E-005  4.017248553563801E+000
  1.350000000000000E+002  7.830355358565843E-005  4.017346207515320E+000
  1.400000000000000E+002  7.830261470552973E-005  4.017442597583219E+000
  1.450000000000000E+002  7.830172022465606E-005  4.017537733725228E+000
  1.500000000000000E+002  7.830086701492487E-005  4.017631631564416E+000
  1.600000000000000E+002  7.829930846329614E-005  4.017814554368025E+000
  1.700000000000000E+002  7.829787920337921E-005  4.017992816936884E+000
  1.800000000000000E+002  7.829656389140304E-005  4.018166650216415E+000
  1.900000000000000E+002  7.829534959840498E-005  4.018336282772377E+000
  2.000000000000000E+002  7.829422534428614E-005  4.018501935637463E+000
  2.100000000000000E+002  7.829318173553805E-005  4.018663819447743E+000
  2.200000000000000E+002  7.829221068156359E-005  4.018822133051144E+000
  2.300000000000000E+002  7.829130517062652E-005  4.018977063039669E+000
  2.400000000000000E+002  7.829045909126514E-005  4.019128783843295E+000
  2.500000000000000E+002  7.828966708867280E-005  4.019277458152912E+000
  2.600000000000000E+002  7.828892444822405E-005  4.019423237524539E+000
  2.700000000000000E+002  7.828822700026955E-005  4.019566263071662E+000
  2.800000000000000E+002  7.828757104174523E-005  4.019706666187720E+000
  3.000000000000000E+002  7.828640478116683E-005  4.019977698547334E+000
  3.200000000000000E+002  7.828536327843397E-005  4.020239819528049E+000
  3.400000000000000E+002  7.828442950307315E-005  4.020493778359355E+000
  3.600000000000000E+002  7.828358939527874E-005  4.020740228807030E+000
  3.800000000000000E+002  7.828283124474850E-005  4.020979745188868E+000
  4.000000000000000E+002  7.828214521583837E-005  4.021212834900367E+000
  4.200000000000000E+002  7.828152298325889E-005  4.021439948520801E+000
  4.400000000000000E+002  7.828095744999853E-005  4.021661488080418E+000
  4.600000000000000E+002  7.828044252667979E-005  4.021877813882452E+000
  4.800000000000000E+002  7.827997295724396E-005  4.022089250171763E+000
  5.000000000000000E+002  7.827954417993973E-005  4.022296089874432E+000
  5.200000000000000E+002  7.827915221549184E-005  4.022498598583394E+000
  5.400000000000000E+002  7.827879357640129E-005  4.022697017928390E+000
  5.600000000000000E+002  7.827846519282568E-005  4.022891568440166E+000
  5.800000000000000E+002  7.827816435158295E-005  4.023082451996817E+000
  6.000000000000000E+002  7.827788864562429E-005  4.023269853923141E+000
  6.500000000000000E+002  7.827733223014374E-005  4.023718471213190E+000
  7.000000000000000E+002  7.827688404925538E-005  4.024149394682707E+000
  7.500000000000000E+002  7.827652489199424E-005  4.024564440490721E+000
  8.000000000000000E+002  7.827623960234290E-005  4.024965136858969E+000
  8.500000000000000E+002  7.827601608612068E-005  4.025352784912439E+000
  9.000000000000000E+002  7.827584458648814E-005  4.025728503275634E+000
  9.500000000000000E+002  7.827571715325673E-005  4.026093261864435E+000
  1.000000000000000E+003  7.827562724948822E-005  4.026447908006984E+000
  1.050000000000000E+003  7.827556945606023E-005  4.026793186946606E+000
  1.100000000000000E+003  7.827553924701220E-005  4.027129758144264E+000
  1.150000000000000E+003  7.827553281670678E-005  4.027458208388778E+000
  1.200000000000000E+003  7.827554694541079E-005  4.027779062447268E+000
  1.250000000000000E+003  7.827557889370598E-005  4.028092791796916E+000
  1.300000000000000E+003  7.827562631877957E-005  4.028399821843757E+000
  1.350000000000000E+003  7.827568720749133E-005  4.028700537936476E+000
  1.400000000000000E+003  7.827575982243080E-005  4.028995290411734E+000
  1.450000000000000E+003  7.827584265812326E-005  4.029284398854671E+000
  1.500000000000000E+003  7.827593440523159E-005  4.029568155718406E+000
  1.550000000000000E+003  7.827603392110591E-005  4.029846829416308E+000
  1.600000000000000E+003  7.827614020541243E-005  4.030120666977669E+000
  1.650000000000000E+003  7.827625237985140E-005  4.030389896339651E+000
  1.700000000000000E+003  7.827636967119002E-005  4.030654728334360E+000
  1.800000000000000E+003  7.827662039885239E-005  4.031168007701033E+000
  1.900000000000000E+003  7.827688315638093E-005  4.031666249209880E+000
  2.000000000000000E+003  7.827715464400113E-005  4.032150624907120E+000
  2.100000000000000E+003  7.827743221913137E-005  4.032622163300398E+000
  2.200000000000000E+003  7.827771375918261E-005  4.033081773061950E+000
  2.300000000000000E+003  7.827799755364975E-005  4.033530261701864E+000
  2.400000000000000E+003  7.827828222036910E-005  4.033968350608743E+000
  2.500000000000000E+003  7.827856664037686E-005  4.034396687321228E+000
  2.600000000000000E+003  7.827884990692827E-005  4.034815855639282E+000
  2.700000000000000E+003  7.827913128532787E-005  4.035226384025662E+000
  2.800000000000000E+003  7.827941018105819E-005  4.035628752639010E+000
  2.900000000000000E+003  7.827968611432721E-005  4.036023399261511E+000
  3.000000000000000E+003  7.827995869961518E-005  4.036410724326130E+000
  3.100000000000000E+003  7.828022762914450E-005  4.036791095204842E+000
  3.200000000000000E+003  7.828049265944590E-005  4.037164849886211E+000
  3.300000000000000E+003  7.828075360038904E-005  4.037532300145043E+000
  3.400000000000000E+003  7.828101030618183E-005  4.037893734287135E+000
  3.500000000000000E+003  7.828126266795444E-005  4.038249419536556E+000
  3.600000000000000E+003  7.828151060762419E-005  4.038599604120595E+000
  3.700000000000000E+003  7.828175407280213E-005  4.038944519097784E+000
  3.800000000000000E+003  7.828199303254979E-005  4.039284379966559E+000
  4.000000000000000E+003  7.828245280122843E-005  4.039945142888328E+000
  4.200000000000000E+003  7.828289460105936E-005  4.040588350706528E+000
  4.400000000000000E+003  7.828331872476726E-005  4.041215243435182E+000
  4.600000000000000E+003  7.828372555345772E-005  4.041826922702984E+000
  4.800000000000000E+003  7.828411552930787E-005  4.042424372620050E+000
  5.000000000000000E+003  7.828448913377095E-005  4.043008476603749E+000
  5.200000000000000E+003  7.828484687121917E-005  4.043580031191889E+000
  5.400000000000000E+003  7.828518925689263E-005  4.044139757502276E+000
  5.600000000000000E+003  7.828551680811495E-005  4.044688310818199E+000
  5.800000000000000E+003  7.828583003795413E-005  4.045226288663791E+000
  6.000000000000000E+003  7.828612945071251E-005  4.045754237650991E+000
  6.200000000000000E+003  7.828641553877821E-005  4.046272659319317E+000
  6.400000000000000E+003  7.828668878049388E-005  4.046782015143773E+000
  6.600000000000000E+003  7.828694963878233E-005  4.047282730851222E+000
  6.800000000000000E+003  7.828719856033493E-005  4.047775200158349E+000
  7.000000000000000E+003  7.828743597521737E-005  4.048259788023098E+000
  7.200000000000000E+003  7.828766229678140E-005  4.048736833484716E+000
  7.400000000000000E+003  7.828787792180098E-005  4.049206652154187E+000
  7.600000000000000E+003  7.828808323076990E-005  4.049669538406155E+000
  7.800000000000000E+003  7.828827858831222E-005  4.050125767314917E+000
  8.000000000000000E+003  7.828846434367087E-005  4.050575596369977E+000
  8.200000000000000E+003  7.828864083124720E-005  4.051019267001045E+000
  8.400000000000000E+003  7.828880837117075E-005  4.051457005937694E+000
  8.600000000000000E+003  7.828896726988381E-005  4.051889026425020E+000
  8.800000000000000E+003  7.828911782072976E-005  4.052315529313471E+000
  9.000000000000000E+003  7.828926030453740E-005  4.052736704038422E+000
  9.200000000000000E+003  7.828939499019379E-005  4.053152729502725E+000
  9.400000000000000E+003  7.828952213520197E-005  4.053563774873792E+000
  9.600000000000000E+003  7.828964198622149E-005  4.053970000305028E+000
  9.800000000000000E+003  7.828975477958784E-005  4.054371557590217E+000
  1.000000000000000E+004  7.828986074181176E-005  4.054768590758314E+000
  1.020000000000000E+004  7.828996009005567E-005  4.055161236615108E+000
  1.040000000000000E+004  7.829005303258918E-005  4.055549625237459E+000
  1.060000000000000E+004  7.829013976922214E-005  4.055933880425036E+000
  1.080000000000000E+004  7.829022049171611E-005  4.056314120113990E+000
  1.100000000000000E+004  7.829029538417594E-005  4.056690456756333E+000
  1.120000000000000E+004  7.829036462342034E-005  4.057062997668474E+000
  1.140000000000000E+004  7.829042837933363E-005  4.057431845351898E+000
  1.160000000000000E+004  7.829048681519835E-005  4.057797097788666E+000
  1.180000000000000E+004  7.829054008801126E-005  4.058158848714077E+000
  1.200000000000000E+004  7.829058834878129E-005  4.058517187868646E+000
  1.220000000000000E+004  7.829063174281226E-005  4.058872201231253E+000
  1.240000000000000E+004  7.829067040997062E-005  4.059223971235151E+000
  1.260000000000000E+004  7.829070448493802E-005  4.059572576968365E+000
  1.280000000000000E+004  7.829073409745115E-005  4.059918094359815E+000
  1.300000000000000E+004  7.829075937252829E-005  4.060260596352375E+000
  1.320000000000000E+004  7.829078043068424E-005  4.060600153064013E+000
  1.340000000000000E+004  7.829079738813315E-005  4.060936831937942E+000
  1.360000000000000E+004  7.829081035698129E-005  4.061270697882711E+000
  1.380000000000000E+004  7.829081944540931E-005  4.061601813403057E+000
  1.400000000000000E+004  7.829082475784521E-005  4.061930238722208E+000
  1.420000000000000E+004  7.829082639512765E-005  4.062256031896363E+000
  1.440000000000000E+004  7.829082445466183E-005  4.062579248921898E+000
  1.460000000000000E+004  7.829081903056659E-005  4.062899943835894E+000
  1.480000000000000E+004  7.829081021381398E-005  4.063218168810455E+000
  1.500000000000000E+004  7.829079809236244E-005  4.063533974241297E+000
  1.520000000000000E+004  7.829078275128233E-005  4.063847408831036E+000
  1.540000000000000E+004  7.829076427287590E-005  4.064158519667512E+000
  1.560000000000000E+004  7.829074273679072E-005  4.064467352297561E+000
  1.580000000000000E+004  7.829071822012814E-005  4.064773950796515E+000
  1.600000000000000E+004  7.829069079754583E-005  4.065078357833732E+000
  1.620000000000000E+004  7.829066054135586E-005  4.065380614734465E+000
  1.640000000000000E+004  7.829062752161759E-005  4.065680761538239E+000
  1.660000000000000E+004  7.829059180622621E-005  4.065978837054077E+000
  1.680000000000000E+004  7.829055346099748E-005  4.066274878912675E+000
  1.700000000000000E+004  7.829051254974777E-005  4.066568923615804E+000
  1.720000000000000E+004  7.829046913437096E-005  4.066861006583101E+000
  1.740000000000000E+004  7.829042327491169E-005  4.067151162196359E+000
  1.760000000000000E+004  7.829037502963469E-005  4.067439423841575E+000
  1.780000000000000E+004  7.829032445509164E-005  4.067725823948818E+000
  1.800000000000000E+004  7.829027160618459E-005  4.068010394030046E+000
  1.820000000000000E+004  7.829021653622679E-005  4.068293164715089E+000
  1.840000000000000E+004  7.829015929700032E-005  4.068574165785797E+000
  1.860000000000000E+004  7.829009993881178E-005  4.068853426208520E+000
  1.880000000000000E+004  7.829003851054482E-005  4.069130974165032E+000
  1.900000000000000E+004  7.828997505971154E-005  4.069406837081945E+000
  1.920000000000000E+004  7.828990963250026E-005  4.069681041658728E+000
  1.940000000000000E+004  7.828984227382203E-005  4.069953613894438E+000
  1.960000000000000E+004  7.828977302735533E-005  4.070224579113146E+000
  1.980000000000000E+004  7.828970193558818E-005  4.070493961988251E+000
  2.000000000000000E+004  7.828962903985925E-005  4.070761786565647E+000
