 time    0.0000000000000000     
           1   4  0.000000000000000E+000
           2   4  0.000000000000000E+000
           3   4  0.000000000000000E+000
           4   4  0.000000000000000E+000
 time    1.0000000000000001E-009
           1   4  1.468476112951761E-010
           2   4  4.440334608804514E-011
           3   4  2.211473204274859E-011
           4   4  1.360785345449637E-011
 time    2.0000000000000001E-009
           1   4  2.936558252385239E-010
           2   4  8.880071534703861E-011
           3   4  4.422747699082993E-011
           4   4  2.721478919213129E-011
 time    4.0000000000000002E-009
           1   4  5.871155095065648E-010
           2   4  1.775716110083479E-010
           3   4  8.844503281840720E-011
           4   4  5.442499476077785E-011
 time    6.0000000000000008E-009
           1   4  8.804192898429345E-010
           2   4  2.663187280398333E-010
           3   4  1.326546688529047E-010
           4   4  8.163153937469241E-011
 time    8.0000000000000005E-009
           1   4  1.173567999888773E-009
           2   4  3.550421304359205E-010
           3   4  1.768563993353787E-010
           4   4  1.088344279767738E-010
 time    1.0000000000000000E-008
           1   4  1.466562467281595E-009
           2   4  4.437418819596212E-010
           3   4  2.210502384725042E-010
           4   4  1.360336655009645E-010
 time    1.5000000000000002E-008
           1   4  2.198097320926777E-009
           2   4  6.653444301636812E-010
           3   4  3.314857360544125E-010
           4   4  2.040090168194185E-010
 time    2.0000000000000000E-008
           1   4  2.928693335355171E-009
           2   4  8.868011262226397E-010
           3   4  4.418723526906262E-010
           4   4  2.719617020433558E-010
 time    3.0000000000000004E-008
           1   4  4.386226329699343E-009
           2   4  1.329138798537985E-009
           3   4  6.624517958640609E-010
           4   4  4.077770138289826E-010
 time    4.0000000000000001E-008
           1   4  5.840193251216591E-009
           2   4  1.770908302308405E-009
           3   4  8.828391617272473E-010
           4   4  5.435028671720977E-010
 time    6.0000000000000008E-008
           1   4  8.734556546633957E-009
           2   4  2.652232951646477E-009
           3   4  1.322858967162362E-009
           4   4  8.146014574936750E-010
 time    8.0000000000000002E-008
           1   4  1.161599649121588E-008
           2   4  3.531399501634038E-009
           3   4  1.762136908065322E-009
           4   4  1.085351563118688E-009
 time    9.9999999999999995E-008
           1   4  1.448511705030161E-008
           2   4  4.408462264105756E-009
           3   4  2.200685741674474E-009
           4   4  1.355757734288199E-009
 time    1.4999999999999999E-007
           1   4  2.158893589601707E-008
           2   4  6.588749104728253E-009
           3   4  3.292688923076168E-009
           4   4  2.029691593123234E-009
 time    1.9999999999999999E-007
           1   4  2.863058643943006E-008
           2   4  8.757380581219710E-009
           3   4  4.380500595741383E-009
           4   4  2.701608975291726E-009
 time    2.9999999999999999E-007
           1   4  4.250574398290265E-008
           2   4  1.305287697548287E-008
           3   4  6.540625641784608E-009
           4   4  4.037855601717504E-009
 time    3.9999999999999998E-007
           1   4  5.620308243857520E-008
           2   4  1.731073512127934E-008
           3   4  8.686385582020160E-009
           4   4  5.366952612121792E-009
 time    5.9999999999999997E-007
           1   4  8.303485665710302E-008
           2   4  2.570045150498818E-008
           3   4  1.292778696035986E-008
           4   4  7.999527101451227E-009
 time    7.9999999999999996E-007
           1   4  1.093973306016008E-007
           2   4  3.398253929845333E-008
           3   4  1.712503116897672E-008
           4   4  1.060901516428744E-008
 time    9.9999999999999995E-007
           1   4  1.353519498772835E-007
           2   4  4.217085105495541E-008
           3   4  2.128297302932063E-008
           4   4  1.319757407026258E-008
 time    1.5000000000000000E-006
           1   4  1.981719830658257E-007
           2   4  6.217932654284680E-008
           3   4  3.148126770131531E-008
           4   4  1.956184146031041E-008
 time    1.9999999999999999E-006
           1   4  2.592109350122566E-007
           2   4  8.180003612825101E-008
           3   4  4.151541995644415E-008
           4   4  2.583578913315398E-008
 time    3.0000000000000001E-006
           1   4  3.754163315555692E-007
           2   4  1.197879567593305E-007
           3   4  6.106411126307286E-008
           4   4  3.809922693715619E-008
 time    3.9999999999999998E-006
           1   4  4.865555793661688E-007
           2   4  1.566972249496791E-007
           3   4  8.017239963701333E-008
           4   4  5.012438771003379E-008
 time    6.0000000000000002E-006
           1   4  6.922393212344024E-007
           2   4  2.269632335591671E-007
           3   4  1.169479130445172E-007
           4   4  7.340541899670826E-008
 time    7.9999999999999996E-006
           1   4  8.836737710939967E-007
           2   4  2.941663887512939E-007
           3   4  1.524789168217575E-007
           4   4  9.602487198420846E-008
 time    9.9999999999999991E-006
           1   4  1.062498248495831E-006
           2   4  3.586509645258918E-007
           3   4  1.869022142856295E-007
           4   4  1.180552234217925E-007
 time    1.4999999999999999E-005
           1   4  1.445912345340833E-006
           2   4  5.059393330452447E-007
           3   4  2.672701067403182E-007
           4   4  1.700960637320659E-007
 time    1.9999999999999998E-005
           1   4  1.776123807951975E-006
           2   4  6.412807639558237E-007
           3   4  3.427421780564737E-007
           4   4  2.195219107888419E-007
 time    2.9999999999999997E-005
           1   4  2.277848220059760E-006
           2   4  8.734368316343590E-007
           3   4  4.777079730280814E-007
           4   4  3.098172336770526E-007
 time    3.9999999999999996E-005
           1   4  2.659513841403287E-006
           2   4  1.073405507244200E-006
           3   4  5.990465980876084E-007
           4   4  3.927762547632805E-007
 time    4.9999999999999996E-005
           1   4  2.949895789190486E-006
           2   4  1.245998505533581E-006
           3   4  7.084659196865231E-007
           4   4  4.692610190684980E-007
 time    5.9999999999999995E-005
           1   4  3.170755020732540E-006
           2   4  1.395099081999022E-006
           3   4  8.073061344560827E-007
           4   4  5.399284593934954E-007
 time    7.9999999999999993E-005
           1   4  3.441343989170510E-006
           2   4  1.621991734508093E-006
           3   4  9.705149648070436E-007
           4   4  6.617128478636941E-007
 time    9.9999999999999991E-005
           1   4  3.606611700631409E-006
           2   4  1.794571864641451E-006
           3   4  1.105371495675733E-006
           4   4  7.668183629053801E-007
 time    1.1999999999999999E-004
           1   4  3.707096248035218E-006
           2   4  1.925747182169508E-006
           3   4  1.216815541778507E-006
           4   4  8.575873475201913E-007
 time    1.3999999999999999E-004
           1   4  3.767755926291748E-006
           2   4  2.025356754569912E-006
           3   4  1.308894789740457E-006
           4   4  9.359874476676694E-007
 time    1.5999999999999999E-004
           1   4  3.803947559038136E-006
           2   4  2.100907723937040E-006
           3   4  1.384947816891054E-006
           4   4  1.003697363258294E-006
 time    1.7999999999999998E-004
           1   4  3.825114590884208E-006
           2   4  2.158127900525076E-006
           3   4  1.447735923833876E-006
           4   4  1.062160660471623E-006
 time    1.9999999999999998E-004
           1   4  3.837060888207803E-006
           2   4  2.201386039008043E-006
           3   4  1.499545337387252E-006
           4   4  1.112623587808076E-006
 time    2.5000000000000001E-004
           1   4  3.844554367319955E-006
           2   4  2.260612940664989E-006
           3   4  1.583975187606035E-006
           4   4  1.202808583873302E-006
 time    3.0000000000000003E-004
           1   4  3.843399202239187E-006
           2   4  2.292434754848431E-006
           3   4  1.638776202277603E-006
           4   4  1.267110626844349E-006
 time    4.0000000000000002E-004
           1   4  3.832879149850866E-006
           2   4  2.313473285785016E-006
           3   4  1.690462075336747E-006
           4   4  1.337641630818294E-006
 time    5.0000000000000001E-004
           1   4  3.820524453267768E-006
           2   4  2.317993041650132E-006
           3   4  1.713872170895856E-006
           4   4  1.375626629868241E-006
 time    6.0000000000000006E-004
           1   4  3.807851666578741E-006
           2   4  2.316125712944692E-006
           3   4  1.723490236468053E-006
           4   4  1.395401435659107E-006
 time    8.0000000000000004E-004
           1   4  3.782752924095519E-006
           2   4  2.306338300400677E-006
           3   4  1.724936629134745E-006
           4   4  1.406723602615217E-006
 time    1.0000000000000000E-003
           1   4  3.758152615963838E-006
           2   4  2.295237606021525E-006
           3   4  1.720674645717605E-006
           4   4  1.407170333393527E-006
 time    1.5000000000000000E-003
           1   4  3.699013666441417E-006
           2   4  2.267375741089522E-006
           3   4  1.704610666944775E-006
           4   4  1.394937083438790E-006
 time    2.0000000000000000E-003
           1   4  3.642534412028475E-006
           2   4  2.240480010041400E-006
           3   4  1.688066681377000E-006
           4   4  1.380537746226608E-006
 time    3.0000000000000001E-003
           1   4  3.537317573679119E-006
           2   4  2.189914030637346E-006
           3   4  1.656177900943248E-006
           4   4  1.352417237742076E-006
 time    4.0000000000000001E-003
           1   4  3.440381950266502E-006
           2   4  2.142773190246566E-006
           3   4  1.625934137536192E-006
           4   4  1.326221004390137E-006
 time    6.0000000000000001E-003
           1   4  3.268843599486275E-006
           2   4  2.058001949467752E-006
           3   4  1.570532898515347E-006
           4   4  1.279432289752184E-006
 time    8.0000000000000002E-003
           1   4  3.119551318470965E-006
           2   4  1.982707970433325E-006
           3   4  1.520383603768229E-006
           4   4  1.238060219232874E-006
 time    1.0000000000000000E-002
           1   4  2.988126141125936E-006
           2   4  1.915216988760188E-006
           3   4  1.474778683448319E-006
           4   4  1.201016078665890E-006
 time    1.2000000000000000E-002
           1   4  2.871266018214784E-006
           2   4  1.854221270984426E-006
           3   4  1.433077587024557E-006
           4   4  1.167472272704626E-006
 time    1.4000000000000000E-002
           1   4  2.766465491650662E-006
           2   4  1.798707564458101E-006
           3   4  1.394744996888099E-006
           4   4  1.136820761342216E-006
 time    1.6000000000000000E-002
           1   4  2.671784288841521E-006
           2   4  1.747875365455869E-006
           3   4  1.359337806541739E-006
           4   4  1.108604922922256E-006
 time    1.8000000000000002E-002
           1   4  2.585693026821788E-006
           2   4  1.701081720560860E-006
           3   4  1.326488871623613E-006
           4   4  1.082473389947794E-006
 time    2.0000000000000004E-002
           1   4  2.506967620385114E-006
           2   4  1.657802996023111E-006
           3   4  1.295892488291739E-006
           4   4  1.058149628796651E-006
 time    2.5000000000000005E-002
           1   4  2.338421265943508E-006
           2   4  1.563522530624952E-006
           3   4  1.228531142690008E-006
           4   4  1.004575998256826E-006
 time    3.0000000000000006E-002
           1   4  2.197900659403144E-006
           2   4  1.483167800966669E-006
           3   4  1.170356819887364E-006
           4   4  9.582080595533174E-007
 time    3.5000000000000003E-002
           1   4  2.078471351131261E-006
           2   4  1.413590254538979E-006
           3   4  1.119434947991721E-006
           4   4  9.175142665633378E-007
 time    4.0000000000000001E-002
           1   4  1.975361860707638E-006
           2   4  1.352546061388223E-006
           3   4  1.074347433693212E-006
           4   4  8.813905330909574E-007
 time    4.4999999999999998E-002
           1   4  1.885185880954637E-006
           2   4  1.298403189548923E-006
           3   4  1.034043806711058E-006
           4   4  8.490251372105383E-007
 time    4.9999999999999996E-002
           1   4  1.805465217135912E-006
           2   4  1.249940903005412E-006
           3   4  9.977255343086112E-007
           4   4  8.198018177119378E-007
 time    5.4999999999999993E-002
           1   4  1.734339049350315E-006
           2   4  1.206224316901255E-006
           3   4  9.647721000505154E-007
           4   4  7.932407799828695E-007
 time    5.9999999999999991E-002
           1   4  1.670379354067737E-006
           2   4  1.166523002889900E-006
           3   4  9.346922803148363E-007
           4   4  7.689609259517409E-007
 time    6.9999999999999993E-002
           1   4  1.560815379664015E-006
           2   4  1.097635676454701E-006
           3   4  8.821618796018090E-007
           4   4  7.264869154007967E-007
 time    7.9999999999999988E-002
           1   4  1.468731234955153E-006
           2   4  1.038884839927193E-006
           3   4  8.370395314251570E-007
           4   4  6.899372417308414E-007
 time    8.9999999999999983E-002
           1   4  1.389993313952525E-006
           2   4  9.880302059233454E-007
           3   4  7.977571492328797E-007
           4   4  6.580789372940005E-007
 time    9.9999999999999978E-002
           1   4  1.321711293457274E-006
           2   4  9.434653763929082E-007
           3   4  7.631701959803635E-007
           4   4  6.300042847777277E-007
 time   0.10999999999999997     
           1   4  1.261799606521371E-006
           2   4  9.040085852205468E-007
           3   4  7.324261971376969E-007
           4   4  6.050338827807227E-007
 time   0.11999999999999997     
           1   4  1.208710822565060E-006
           2   4  8.687680740737619E-007
           3   4  7.048751674767301E-007
           4   4  5.826476804620387E-007
 time   0.13999999999999996     
           1   4  1.119555400221735E-006
           2   4  8.089824368266677E-007
           3   4  6.579389240738756E-007
           4   4  5.444961216690364E-007
 time   0.15999999999999995     
           1   4  1.046191285346189E-006
           2   4  7.592401203115426E-007
           3   4  6.187177870068000E-007
           4   4  5.126119084960499E-007
 time   0.17999999999999994     
           1   4  9.845770279208449E-007
           2   4  7.170875274093999E-007
           3   4  5.853702785799761E-007
           4   4  4.855079007031068E-007
 time   0.19999999999999993     
           1   4  9.319769507313978E-007
           2   4  6.808317050517426E-007
           3   4  5.566124455735705E-007
           4   4  4.621435041740661E-007
 time   0.21999999999999992     
           1   4  8.864669554721182E-007
           2   4  6.492638583960919E-007
           3   4  5.315206046249077E-007
           4   4  4.417686730012896E-007
 time   0.23999999999999991     
           1   4  8.466497195999198E-007
           2   4  6.214947942087707E-007
           3   4  5.094110779810700E-007
           4   4  4.238274586364599E-007
 time   0.25999999999999990     
           1   4  8.114830734491422E-007
           2   4  5.968539293936250E-007
           3   4  4.897655918505929E-007
           4   4  4.078979280337020E-007
 time   0.27999999999999992     
           1   4  7.801720297599575E-007
           2   4  5.748247444321763E-007
           3   4  4.721831753817541E-007
           4   4  3.936533574731571E-007
 time   0.29999999999999993     
           1   4  7.520983486820063E-007
           2   4  5.550021000178039E-007
           3   4  4.563481196913211E-007
           4   4  3.808363064113039E-007
 time   0.34999999999999992     
           1   4  6.941368110967188E-007
           2   4  5.138401430164844E-007
           3   4  4.234230606370365E-007
           4   4  3.542304745546067E-007
 time   0.39999999999999991     
           1   4  6.477390940073895E-007
           2   4  4.806976201736048E-007
           3   4  3.968914341736372E-007
           4   4  3.328509953279234E-007
 time   0.44999999999999990     
           1   4  6.097576939551677E-007
           2   4  4.534443083785241E-007
           3   4  3.750699965898570E-007
           4   4  3.153215072591461E-007
 time   0.49999999999999989     
           1   4  5.781132076244550E-007
           2   4  4.306566264639024E-007
           3   4  3.568283195885187E-007
           4   4  3.007165771196551E-007
 time   0.54999999999999993     
           1   4  5.513713735065083E-007
           2   4  4.113435430640744E-007
           3   4  3.413764390453550E-007
           4   4  2.883889422719602E-007
 time   0.59999999999999998     
           1   4  5.285075875494409E-007
           2   4  3.947915079333125E-007
           3   4  3.281437222131179E-007
           4   4  2.778706694967644E-007
 time   0.65000000000000002     
           1   4  5.087683821401056E-007
           2   4  3.804722296865175E-007
           3   4  3.167064999426002E-007
           4   4  2.688140735127482E-007
 time   0.70000000000000007     
           1   4  4.915860299457062E-007
           2   4  3.679852933013867E-007
           3   4  3.067428707334713E-007
           4   4  2.609548066453759E-007
 time   0.75000000000000011     
           1   4  4.765237975646065E-007
           2   4  3.570210790174557E-007
           3   4  2.980034038108142E-007
           4   4  2.540879274904039E-007
 time   0.80000000000000016     
           1   4  4.632396649755275E-007
           2   4  3.473360171112429E-007
           3   4  2.902915359014430E-007
           4   4  2.480518844420526E-007
 time   0.85000000000000020     
           1   4  4.514615876497822E-007
           2   4  3.387356106443456E-007
           3   4  2.834500891381525E-007
           4   4  2.427174967444694E-007
 time   0.90000000000000024     
           1   4  4.409702062820140E-007
           2   4  3.310625025192440E-007
           3   4  2.773517728307526E-007
           4   4  2.379801871457713E-007
 time   0.95000000000000029     
           1   4  4.315864963873824E-007
           2   4  3.241879071795732E-007
           3   4  2.718923474705055E-007
           4   4  2.337543864587120E-007
 time    1.0000000000000002     
           1   4  4.231627748565730E-007
           2   4  3.180053402489825E-007
           3   4  2.669856098243700E-007
           4   4  2.299694230941244E-007
 time    1.1000000000000003     
           1   4  4.090998727679540E-007
           2   4  3.076363728655348E-007
           3   4  2.587548505480751E-007
           4   4  2.236477879058276E-007
 time    1.2000000000000004     
           1   4  3.974980154738199E-007
           2   4  2.990412273514534E-007
           3   4  2.519329660214307E-007
           4   4  2.184371153118700E-007
 time    1.3000000000000005     
           1   4  3.878407999181696E-007
           2   4  2.918453396738711E-007
           3   4  2.462180031936229E-007
           4   4  2.140930108883684E-007
 time    1.4000000000000006     
           1   4  3.797409194000593E-007
           2   4  2.857678301780897E-007
           3   4  2.413842814752658E-007
           4   4  2.104340243381318E-007
 time    1.5000000000000007     
           1   4  3.729020096856531E-007
           2   4  2.805940222456848E-007
           3   4  2.372600131740859E-007
           4   4  2.073230720852366E-007
 time    1.6000000000000008     
           1   4  3.670933736035525E-007
           2   4  2.761571137880927E-007
           3   4  2.337123119002900E-007
           4   4  2.046549461384280E-007
 time    1.7000000000000008     
           1   4  3.621327672324644E-007
           2   4  2.723256372653373E-007
           3   4  2.306369138677228E-007
           4   4  2.023477413854589E-007
 time    1.8000000000000009     
           1   4  3.578743866399595E-007
           2   4  2.689946808250674E-007
           3   4  2.279509795972206E-007
           4   4  2.003368608471902E-007
 time    1.9000000000000010     
           1   4  3.542003033602202E-007
           2   4  2.660796188167921E-007
           3   4  2.255879603380724E-007
           4   4  1.985707571056013E-007
 time    2.0000000000000009     
           1   4  3.510142418336729E-007
           2   4  2.635115542720378E-007
           3   4  2.234938770519255E-007
           4   4  1.970078641907284E-007
 time    2.1000000000000010     
           1   4  3.482369802846354E-007
           2   4  2.612339517575859E-007
           3   4  2.216245823614729E-007
           4   4  1.956143574202190E-007
 time    2.2000000000000011     
           1   4  3.458028974534778E-007
           2   4  2.592001117589553E-007
           3   4  2.199437166016810E-007
           4   4  1.943624959678909E-007
 time    2.3000000000000012     
           1   4  3.436573412075109E-007
           2   4  2.573712488812900E-007
           3   4  2.184211604995569E-007
           4   4  1.932293800026255E-007
 time    2.4000000000000012     
           1   4  3.417545953343976E-007
           2   4  2.557150092823330E-007
           3   4  2.170318476281791E-007
           4   4  1.921960058604631E-007
 time    2.5000000000000013     
           1   4  3.400562876611021E-007
           2   4  2.542043118005178E-007
           3   4  2.157548406779840E-007
           4   4  1.912465377767195E-007
 time    2.6000000000000014     
           1   4  3.385301280068873E-007
           2   4  2.528164306747689E-007
           3   4  2.145726035588022E-007
           4   4  1.903677387682744E-007
 time    2.7000000000000015     
           1   4  3.371488957592085E-007
           2   4  2.515322608581368E-007
           3   4  2.134704206921978E-007
           4   4  1.895485199017917E-007
 time    2.8000000000000016     
           1   4  3.358896187265892E-007
           2   4  2.503357230853881E-007
           3   4  2.124359283630698E-007
           4   4  1.887795787738586E-007
 time    2.9000000000000017     
           1   4  3.347329003878669E-007
           2   4  2.492132772708326E-007
           3   4  2.114587325124595E-007
           4   4  1.880531061462122E-007
 time    3.0000000000000018     
           1   4  3.336623637074524E-007
           2   4  2.481535209517205E-007
           3   4  2.105300941031304E-007
           4   4  1.873625453952463E-007
 time    3.1000000000000019     
           1   4  3.326641876513052E-007
           2   4  2.471468553421832E-007
           3   4  2.096426680122316E-007
           4   4  1.867023934819539E-007
 time    3.2000000000000020     
           1   4  3.317267183237940E-007
           2   4  2.461852057981870E-007
           3   4  2.087902848748072E-007
           4   4  1.860680350298303E-007
 time    3.4000000000000021     
           1   4  3.300225059715952E-007
           2   4  2.443897775451303E-007
           3   4  2.071851801543568E-007
           4   4  1.848718199989244E-007
 time    3.6000000000000023     
           1   4  3.284466165710779E-007
           2   4  2.426958093394460E-007
           3   4  2.056606045863519E-007
           4   4  1.837345412581910E-007
 time    3.8000000000000025     
           1   4  3.269634145921290E-007
           2   4  2.410785976874664E-007
           3   4  2.041977129040823E-007
           4   4  1.826421653014614E-007
 time    4.0000000000000027     
           1   4  3.255473815819403E-007
           2   4  2.395204501195304E-007
           3   4  2.027830299353839E-007
           4   4  1.815846980898840E-007
 time    4.2000000000000028     
           1   4  3.241803853478634E-007
           2   4  2.380087575882701E-007
           3   4  2.014069594465920E-007
           4   4  1.805550556875399E-007
 time    4.4000000000000030     
           1   4  3.228496469435809E-007
           2   4  2.365345708930808E-007
           3   4  2.000626867542165E-007
           4   4  1.795482339004742E-007
 time    4.6000000000000032     
           1   4  3.215462352264251E-007
           2   4  2.350915555724279E-007
           3   4  1.987453765309175E-007
           4   4  1.785607025575614E-007
 time    4.8000000000000034     
           1   4  3.202639601596323E-007
           2   4  2.336752302871995E-007
           3   4  1.974515909244291E-007
           4   4  1.775899673836841E-007
 time    5.0000000000000036     
           1   4  3.189985662016554E-007
           2   4  2.322824164839307E-007
           3   4  1.961788711498268E-007
           4   4  1.766342560561086E-007
 time    5.2000000000000037     
           1   4  3.177471499079413E-007
           2   4  2.309108443365443E-007
           3   4  1.949254394045616E-007
           4   4  1.756922954635627E-007
 time    5.4000000000000039     
           1   4  3.165077435449366E-007
           2   4  2.295588732368336E-007
           3   4  1.936899885110855E-007
           4   4  1.747631552660335E-007
 time    5.6000000000000041     
           1   4  3.152790203880465E-007
           2   4  2.282252954137810E-007
           3   4  1.924715348701200E-007
           4   4  1.738461391282751E-007
 time    5.8000000000000043     
           1   4  3.140600882681175E-007
           2   4  2.269091992564377E-007
           3   4  1.912693166221873E-007
           4   4  1.729407098493192E-007
 time    6.0000000000000044     
           1   4  3.128503464273941E-007
           2   4  2.256098750672209E-007
           3   4  1.900827237484733E-007
           4   4  1.720464383204471E-007
 time    6.2000000000000046     
           1   4  3.116493873021630E-007
           2   4  2.243267506553304E-007
           3   4  1.889112504992251E-007
           4   4  1.711629690468505E-007
 time    6.4000000000000048     
           1   4  3.104569298438062E-007
           2   4  2.230593476998100E-007
           3   4  1.877544632692025E-007
           4   4  1.702899970561288E-007
 time    6.6000000000000050     
           1   4  3.092727747432279E-007
           2   4  2.218072524227384E-007
           3   4  1.866119790522612E-007
           4   4  1.694272525500765E-007
 time    6.8000000000000052     
           1   4  3.080967747054951E-007
           2   4  2.205700960242816E-007
           3   4  1.854834510702939E-007
           4   4  1.685744907663453E-007
 time    7.0000000000000053     
           1   4  3.069288149557426E-007
           2   4  2.193475417123298E-007
           3   4  1.843685592215703E-007
           4   4  1.677314853092749E-007
 time    7.5000000000000053     
           1   4  3.040480140723600E-007
           2   4  2.163611240297291E-007
           3   4  1.816472521783757E-007
           4   4  1.656710317598698E-007
 time    8.0000000000000053     
           1   4  3.012197255533424E-007
           2   4  2.134610042921168E-007
           3   4  1.790056489922741E-007
           4   4  1.636677550386796E-007
 time    8.5000000000000053     
           1   4  2.984394456623986E-007
           2   4  2.106412857609050E-007
           3   4  1.764386239825051E-007
           4   4  1.617179302304387E-007
 time    9.0000000000000053     
           1   4  2.957048799013065E-007
           2   4  2.078976886362919E-007
           3   4  1.739423041699620E-007
           4   4  1.598187843623877E-007
 time    9.5000000000000053     
           1   4  2.930145955322096E-007
           2   4  2.052266852252155E-007
           3   4  1.715134200576878E-007
           4   4  1.579679814193750E-007
 time    10.000000000000005     
           1   4  2.903674861332927E-007
           2   4  2.026251488591117E-007
           3   4  1.691490457807140E-007
           4   4  1.561634285715701E-007
 time    10.500000000000005     
           1   4  2.877625671327424E-007
           2   4  2.000902092224004E-007
           3   4  1.668464902797959E-007
           4   4  1.544031983929545E-007
 time    11.000000000000005     
           1   4  2.851989024041416E-007
           2   4  1.976191895410735E-007
           3   4  1.646032472929104E-007
           4   4  1.526854939046507E-007
 time    11.500000000000005     
           1   4  2.826755807511893E-007
           2   4  1.952095759289829E-007
           3   4  1.624169685285675E-007
           4   4  1.510086298860475E-007
 time    12.000000000000005     
           1   4  2.801917102638436E-007
           2   4  1.928589994248843E-007
           3   4  1.602854463317687E-007
           4   4  1.493710207255684E-007
 time    12.500000000000005     
           1   4  2.777464183827816E-007
           2   4  1.905652232464601E-007
           3   4  1.582066006112225E-007
           4   4  1.477711712203646E-007
 time    13.000000000000005     
           1   4  2.753388532991645E-007
           2   4  1.883261324395659E-007
           3   4  1.561784680120798E-007
           4   4  1.462076689673195E-007
 time    13.500000000000005     
           1   4  2.729681852652126E-007
           2   4  1.861397248609322E-007
           3   4  1.541991925230974E-007
           4   4  1.446791777953028E-007
 time    14.000000000000005     
           1   4  2.706336074527016E-007
           2   4  1.840041030810606E-007
           3   4  1.522670171546409E-007
           4   4  1.431844319816223E-007
 time    14.500000000000005     
           1   4  2.683343363477163E-007
           2   4  1.819174670269907E-007
           3   4  1.503802764922086E-007
           4   4  1.417222311058505E-007
 time    15.000000000000005     
           1   4  2.660696117659524E-007
           2   4  1.798781072669913E-007
           3   4  1.485373899973649E-007
           4   4  1.402914354402634E-007
 time    15.500000000000005     
           1   4  2.638386965835753E-007
           2   4  1.778843988689981E-007
           3   4  1.467368559588638E-007
           4   4  1.388909617994022E-007
 time    16.000000000000007     
           1   4  2.616408762650931E-007
           2   4  1.759347957768112E-007
           3   4  1.449772460143161E-007
           4   4  1.375197797858859E-007
 time    16.500000000000007     
           1   4  2.594754582521967E-007
           2   4  1.740278256546857E-007
           3   4  1.432572001749419E-007
           4   4  1.361769083803209E-007
 time    17.000000000000007     
           1   4  2.573417712619867E-007
           2   4  1.721620851558005E-007
           3   4  1.415754222954996E-007
           4   4  1.348614128316368E-007
 time    17.500000000000007     
           1   4  2.552391645306761E-007
           2   4  1.703362355743703E-007
           3   4  1.399306759394096E-007
           4   4  1.335724018110969E-007
 time    18.000000000000007     
           1   4  2.531670070293848E-007
           2   4  1.685489988450939E-007
           3   4  1.383217805957734E-007
           4   4  1.323090247989293E-007
 time    19.000000000000007     
           1   4  2.491178947482821E-007
           2   4  1.650919136336205E-007
           3   4  1.352133754774743E-007
           4   4  1.298612548706973E-007
 time    20.000000000000007     
           1   4  2.451848512383216E-007
           2   4  1.617753077520964E-007
           3   4  1.322349088361282E-007
           4   4  1.275059889092481E-007
 time    21.000000000000007     
           1   4  2.413613418936977E-007
           2   4  1.585898992451376E-007
           3   4  1.293782764718399E-007
           4   4  1.252376626020325E-007
 time    22.000000000000007     
           1   4  2.376429944215025E-007
           2   4  1.555279932591157E-007
           3   4  1.266364433826389E-007
           4   4  1.230513137929150E-007
 time    23.000000000000007     
           1   4  2.340259494531063E-007
           2   4  1.525826176875511E-007
           3   4  1.240029654608473E-007
           4   4  1.209423679988934E-007
 time    24.000000000000007     
           1   4  2.305065766293571E-007
           2   4  1.497473392519968E-007
           3   4  1.214718793676076E-007
           4   4  1.189065961401007E-007
 time    25.000000000000007     
           1   4  2.270814200459060E-007
           2   4  1.470161955189750E-007
           3   4  1.190376507957991E-007
           4   4  1.169400860402922E-007
 time    26.000000000000007     
           1   4  2.237471812340018E-007
           2   4  1.443836493669702E-007
           3   4  1.166951345773742E-007
           4   4  1.150392148827110E-007
 time    27.000000000000007     
           1   4  2.205007084563824E-007
           2   4  1.418445506018405E-007
           3   4  1.144395398182348E-007
           4   4  1.132006232879090E-007
 time    28.000000000000007     
           1   4  2.173389875065143E-007
           2   4  1.393941019822015E-007
           3   4  1.122663988493347E-007
           4   4  1.114211915982928E-007
 time    29.000000000000007     
           1   4  2.142591333242796E-007
           2   4  1.370278288737678E-007
           3   4  1.101715395031164E-007
           4   4  1.096980184296258E-007
 time    30.000000000000007     
           1   4  2.112583823202257E-007
           2   4  1.347415520700864E-007
           3   4  1.081510603232642E-007
           4   4  1.080284013497885E-007
 time    31.000000000000007     
           1   4  2.083340853578708E-007
           2   4  1.325313633984732E-007
           3   4  1.062013083561191E-007
           4   4  1.064098194935125E-007
 time    32.000000000000007     
           1   4  2.054837013397499E-007
           2   4  1.303936037788636E-007
           3   4  1.043188592114512E-007
           4   4  1.048399179195245E-007
 time    33.000000000000007     
           1   4  2.027047913391838E-007
           2   4  1.283248434455232E-007
           3   4  1.025004991188754E-007
           4   4  1.033164935290778E-007
 time    34.000000000000007     
           1   4  1.999950132205650E-007
           2   4  1.263218640792260E-007
           3   4  1.007432087416011E-007
           4   4  1.018374823811571E-007
 time    35.000000000000007     
           1   4  1.973521166945226E-007
           2   4  1.243816426305742E-007
           3   4  9.904414854056930E-008
           4   4  1.004009482561257E-007
 time    36.000000000000007     
           1   4  1.947739387591677E-007
           2   4  1.225013366438291E-007
           3   4  9.740064550936143E-008
           4   4  9.900507233509255E-008
 time    38.000000000000007     
           1   4  1.898116649260187E-007
           2   4  1.189160817958299E-007
           3   4  9.427604358395613E-008
           4   4  9.633398425622260E-008
 time    40.000000000000007     
           1   4  1.850838556787209E-007
           2   4  1.155395598486535E-007
           3   4  9.134421787547927E-008
           4   4  9.380490985148678E-008
 time    42.000000000000007     
           1   4  1.805751897361113E-007
           2   4  1.123541153259558E-007
           3   4  8.858881570744493E-008
           4   4  9.140722960387686E-008
 time    44.000000000000007     
           1   4  1.762723291043754E-007
           2   4  1.093443206979151E-007
           3   4  8.599526229375121E-008
           4   4  8.913114282217509E-008
 time    46.000000000000007     
           1   4  1.721629179129758E-007
           2   4  1.064963524675723E-007
           3   4  8.355046241320336E-008
           4   4  8.696778581980582E-008
 time    48.000000000000007     
           1   4  1.682354590925735E-007
           2   4  1.037977744923707E-007
           3   4  8.124262386996388E-008
           4   4  8.490914443693276E-008
 time    50.000000000000007     
           1   4  1.644792484364347E-007
           2   4  1.012373702865776E-007
           3   4  7.906110641431662E-008
           4   4  8.294795474077347E-008
 time    52.000000000000007     
           1   4  1.608843160069574E-007
           2   4  9.880499936006754E-008
           3   4  7.699629026546342E-008
           4   4  8.107761453119487E-008
 time    54.000000000000007     
           1   4  1.574413719397063E-007
           2   4  9.649147306803622E-008
           3   4  7.503946165936456E-008
           4   4  7.929210695523477E-008
 time    56.000000000000007     
           1   4  1.541417562800779E-007
           2   4  9.428844701180631E-008
           3   4  7.318271302719803E-008
           4   4  7.758593480233682E-008
 time    58.000000000000007     
           1   4  1.509773925787671E-007
           2   4  9.218832752525887E-008
           3   4  7.141885571076745E-008
           4   4  7.595406385380390E-008
 time    60.000000000000007     
           1   4  1.479407449758815E-007
           2   4  9.018419017462081E-008
           3   4  6.974134343866117E-008
           4   4  7.439187384798306E-008
 time    62.000000000000007     
           1   4  1.450247785180434E-007
           2   4  8.826970853162715E-008
           3   4  6.814420506620528E-008
           4   4  7.289511585346467E-008
 time    64.000000000000000     
           1   4  1.422229224708691E-007
           2   4  8.643909175735943E-008
           3   4  6.662198531644305E-008
           4   4  7.145987505099908E-008
 time    66.000000000000000     
           1   4  1.395290364067458E-007
           2   4  8.468702976420058E-008
           3   4  6.516969245335582E-008
           4   4  7.008253810005022E-008
 time    68.000000000000000     
           1   4  1.369373788637833E-007
           2   4  8.300864491433013E-008
           3   4  6.378275197911072E-008
           4   4  6.875976440968070E-008
 time    70.000000000000000     
           1   4  1.344425783862025E-007
           2   4  8.139944937196757E-008
           3   4  6.245696558046073E-008
           4   4  6.748846075041207E-008
 time    75.000000000000000     
           1   4  1.286137804882597E-007
           2   4  7.766351300338826E-008
           3   4  5.939433804474267E-008
           4   4  6.452625216329053E-008
 time    80.000000000000000     
           1   4  1.232858393188567E-007
           2   4  7.427600423535055E-008
           3   4  5.663589397991987E-008
           4   4  6.182615901775628E-008
 time    85.000000000000000     
           1   4  1.183994827101744E-007
           2   4  7.119084284072138E-008
           3   4  5.413928629266488E-008
           4   4  5.935609648609502E-008
 time    90.000000000000000     
           1   4  1.139041380371150E-007
           2   4  6.836969277885557E-008
           3   4  5.186945902266894E-008
           4   4  5.708853712969942E-008
 time    95.000000000000000     
           1   4  1.097562889709589E-007
           2   4  6.578034624137531E-008
           3   4  4.979720028192260E-008
           4   4  5.500004680161008E-008
 time    100.00000000000000     
           1   4  1.059183586800958E-007
           2   4  6.339556271331687E-008
           3   4  4.789800745429460E-008
           4   4  5.307058442349117E-008
 time    105.00000000000000     
           1   4  1.023577832177936E-007
           2   4  6.119215874221368E-008
           3   4  4.615119741001994E-008
           4   4  5.128292480276632E-008
 time    110.00000000000000     
           1   4  9.904624130493038E-008
           2   4  5.915028816874115E-008
           3   4  4.453920558530669E-008
           4   4  4.962219149392227E-008
 time    115.00000000000000     
           1   4  9.595901380380274E-008
           2   4  5.725286868869866E-008
           3   4  4.304703037213483E-008
           4   4  4.807547766193852E-008
 time    120.00000000000000     
           1   4  9.307445012186027E-008
           2   4  5.548512160040389E-008
           3   4  4.166178978919684E-008
           4   4  4.663153674408734E-008
 time    125.00000000000000     
           1   4  9.037352261566201E-008
           2   4  5.383419975610992E-008
           3   4  4.037236542483925E-008
           4   4  4.528052864316130E-008
 time    130.00000000000000     
           1   4  8.783945343110475E-008
           2   4  5.228888477079838E-008
           3   4  3.916911464442877E-008
           4   4  4.401381033891144E-008
 time    135.00000000000000     
           1   4  8.545740104837865E-008
           2   4  5.083933901253087E-008
           3   4  3.804363653751973E-008
           4   4  4.282376223490350E-008
 time    140.00000000000000     
           1   4  8.321419613749874E-008
           2   4  4.947690123025219E-008
           3   4  3.698858043900296E-008
           4   4  4.170364342021067E-008
 time    145.00000000000000     
           1   4  8.109811824019839E-008
           2   4  4.819391717558095E-008
           3   4  3.599748838721546E-008
           4   4  4.064747045620786E-008
 time    150.00000000000000     
           1   4  7.909870634675320E-008
           2   4  4.698359846614082E-008
           3   4  3.506466479659934E-008
           4   4  3.964991540406498E-008
 time    155.00000000000000     
           1   4  7.720659769574743E-008
           2   4  4.583990437874238E-008
           3   4  3.418506808066287E-008
           4   4  3.870621966762231E-008
 time    160.00000000000000     
           1   4  7.541339014566378E-008
           2   4  4.475744236647894E-008
           3   4  3.335422007822495E-008
           4   4  3.781212089814183E-008
 time    165.00000000000000     
           1   4  7.371152429499221E-008
           2   4  4.373138394843034E-008
           3   4  3.256812999703270E-008
           4   4  3.696379073591172E-008
 time    170.00000000000000     
           1   4  7.209418219967287E-008
           2   4  4.275739328567220E-008
           3   4  3.182323025647529E-008
           4   4  3.615778158179782E-008
 time    175.00000000000000     
           1   4  7.055520008331495E-008
           2   4  4.183156627809558E-008
           3   4  3.111632213172157E-008
           4   4  3.539098092441147E-008
 time    180.00000000000000     
           1   4  6.908899288115763E-008
           2   4  4.095037842692103E-008
           3   4  3.044452950985741E-008
           4   4  3.466057201448400E-008
 time    190.00000000000000     
           1   4  6.636285976586555E-008
           2   4  3.931414104930786E-008
           3   4  2.919973298073155E-008
           4   4  3.330288960550479E-008
 time    200.00000000000000     
           1   4  6.387086843467604E-008
           2   4  3.782077898689437E-008
           3   4  2.806652846721999E-008
           4   4  3.206205126713036E-008
 time    210.00000000000000     
           1   4  6.158390931570924E-008
           2   4  3.645216129050156E-008
           3   4  2.703034530941899E-008
           4   4  3.092349923569699E-008
 time    220.00000000000000     
           1   4  5.947745678350105E-008
           2   4  3.519308372943785E-008
           3   4  2.607903505329735E-008
           4   4  2.987493969593859E-008
 time    230.00000000000000     
           1   4  5.753071767609977E-008
           2   4  3.403070910932460E-008
           3   4  2.520239547172607E-008
           4   4  2.890596120391407E-008
 time    240.00000000000000     
           1   4  5.572595780657187E-008
           2   4  3.295412826851291E-008
           3   4  2.439179859933460E-008
           4   4  2.800769322802563E-008
 time    250.00000000000000     
           1   4  5.404796543758633E-008
           2   4  3.195401346652279E-008
           3   4  2.363989961211337E-008
           4   4  2.717253393606962E-008
 time    260.00000000000000     
           1   4  5.248362198131119E-008
           2   4  3.102234313009314E-008
           3   4  2.294040743877008E-008
           4   4  2.639393278727647E-008
 time    270.00000000000000     
           1   4  5.102155643244444E-008
           2   4  3.015218172855030E-008
           3   4  2.228790260588528E-008
           4   4  2.566621586794541E-008
 time    280.00000000000000     
           1   4  4.965186542229541E-008
           2   4  2.933750246727274E-008
           3   4  2.167769145781734E-008
           4   4  2.498444464571195E-008
 time    290.00000000000000     
           1   4  4.836588499028524E-008
           2   4  2.857304346670351E-008
           3   4  2.110568860523683E-008
           4   4  2.434430100033307E-008
 time    300.00000000000000     
           1   4  4.715600337210884E-008
           2   4  2.785419031891772E-008
           3   4  2.056832145431590E-008
           4   4  2.374199304974929E-008
 time    310.00000000000000     
           1   4  4.601550652660229E-008
           2   4  2.717687957223925E-008
           3   4  2.006245214169826E-008
           4   4  2.317417754276742E-008
 time    320.00000000000000     
           1   4  4.493844995879115E-008
           2   4  2.653751893585346E-008
           3   4  1.958531329242592E-008
           4   4  2.263789553549521E-008
 time    330.00000000000000     
           1   4  4.391955179327581E-008
           2   4  2.593292093143851E-008
           3   4  1.913445483342106E-008
           4   4  2.213051878611354E-008
 time    340.00000000000000     
           1   4  4.295410312097400E-008
           2   4  2.536024742807574E-008
           3   4  1.870769970871408E-008
           4   4  2.164970485006991E-008
 time    350.00000000000000     
           1   4  4.203789246525930E-008
           2   4  2.481696303852668E-008
           3   4  1.830310680793876E-008
           4   4  2.119335927826550E-008
 time    360.00000000000000     
           1   4  4.116714185123075E-008
           2   4  2.430079577183671E-008
           3   4  1.791893977520481E-008
           4   4  2.075960364586230E-008
 time    370.00000000000000     
           1   4  4.033845245901701E-008
           2   4  2.380970366019110E-008
           3   4  1.755364063919893E-008
           4   4  2.034674839223175E-008
 time    380.00000000000000     
           1   4  3.954875823197165E-008
           2   4  2.334184632982564E-008
           3   4  1.720580741758978E-008
           4   4  1.995326965055331E-008
 time    390.00000000000000     
           1   4  3.879528611828031E-008
           2   4  2.289556068349190E-008
           3   4  1.687417501446062E-008
           4   4  1.957778940151313E-008
 time    400.00000000000000     
           1   4  3.807552186860234E-008
           2   4  2.246934001809903E-008
           3   4  1.655759885962591E-008
           4   4  1.921905840908813E-008
 time    420.00000000000000     
           1   4  3.673275935754207E-008
           2   4  2.167446045113461E-008
           3   4  1.596757638906303E-008
           4   4  1.854969547709365E-008
 time    440.00000000000000     
           1   4  3.549893272228674E-008
           2   4  2.094434701326120E-008
           3   4  1.542604383284407E-008
           4   4  1.793445951103255E-008
 time    460.00000000000000     
           1   4  3.436092628957452E-008
           2   4  2.027116247077262E-008
           3   4  1.492707729268762E-008
           4   4  1.736684206199477E-008
 time    480.00000000000000     
           1   4  3.330765151245785E-008
           2   4  1.964828791719534E-008
           3   4  1.446568341588492E-008
           4   4  1.684133672827893E-008
 time    500.00000000000000     
           1   4  3.232967692413646E-008
           2   4  1.907009886034134E-008
           3   4  1.403762637139705E-008
           4   4  1.635326048293961E-008
 time    520.00000000000000     
           1   4  3.141893173384978E-008
           2   4  1.853178626682050E-008
           3   4  1.363929006050695E-008
           4   4  1.589860612739924E-008
 time    540.00000000000000     
           1   4  3.056846943679025E-008
           2   4  1.802921410558766E-008
           3   4  1.326756878339820E-008
           4   4  1.547392473527210E-008
 time    560.00000000000000     
           1   4  2.977227854292804E-008
           2   4  1.755880546704642E-008
           3   4  1.291978007657441E-008
           4   4  1.507623158785854E-008
 time    580.00000000000000     
           1   4  2.902513009216303E-008
           2   4  1.711745094304720E-008
           3   4  1.259359475823108E-008
           4   4  1.470293042104963E-008
 time    600.00000000000000     
           1   4  2.832245398363338E-008
           2   4  1.670243441161684E-008
           3   4  1.228698038595990E-008
           4   4  1.435175200368607E-008
 time    620.00000000000000     
           1   4  2.766023800845959E-008
           2   4  1.631137251341172E-008
           3   4  1.199815523669253E-008
           4   4  1.402070400242396E-008
 time    640.00000000000000     
           1   4  2.703494489056342E-008
           2   4  1.594216497281952E-008
           3   4  1.172555060046924E-008
           4   4  1.370802979567910E-008
 time    660.00000000000000     
           1   4  2.644344370800345E-008
           2   4  1.559295356808044E-008
           3   4  1.146777969007728E-008
           4   4  1.341217443188060E-008
 time    680.00000000000000     
           1   4  2.588295287402796E-008
           2   4  1.526208804583719E-008
           3   4  1.122361185190279E-008
           4   4  1.313175632925894E-008
 time    700.00000000000000     
           1   4  2.535099246953867E-008
           2   4  1.494809764757133E-008
           3   4  1.099195105279666E-008
           4   4  1.286554361937247E-008
 time    720.00000000000000     
           1   4  2.484534418654872E-008
           2   4  1.464966719908708E-008
           3   4  1.077181783782884E-008
           4   4  1.261243426943280E-008
 time    740.00000000000000     
           1   4  2.436401750201605E-008
           2   4  1.436561693201996E-008
           3   4  1.056233412231948E-008
           4   4  1.237143929747752E-008
 time    760.00000000000000     
           1   4  2.390522097996964E-008
           2   4  1.409488537472426E-008
           3   4  1.036271031148335E-008
           4   4  1.214166853295221E-008
 time    780.00000000000000     
           1   4  2.346733781689354E-008
           2   4  1.383651478092745E-008
           3   4  1.017223434192740E-008
           4   4  1.192231848316946E-008
 time    800.00000000000000     
           1   4  2.304890491555273E-008
           2   4  1.358963866718012E-008
           3   4  9.990262318115751E-009
           4   4  1.171266195071045E-008
 time    820.00000000000000     
           1   4  2.264859490675828E-008
           2   4  1.335347111102868E-008
           3   4  9.816210478965101E-009
           4   4  1.151203911357569E-008
 time    840.00000000000000     
           1   4  2.226520064518153E-008
           2   4  1.312729752598665E-008
           3   4  9.649548278847837E-009
           4   4  1.131984983285209E-008
 time    860.00000000000000     
           1   4  2.189762179042606E-008
           2   4  1.291046668053767E-008
           3   4  9.489792406382444E-009
           4   4  1.113554699493223E-008
 time    880.00000000000000     
           1   4  2.154485315286813E-008
           2   4  1.270238376942401E-008
           3   4  9.336501595696745E-009
           4   4  1.095863072923809E-008
 time    900.00000000000000     
           1   4  2.120597453887386E-008
           2   4  1.250250437854122E-008
           3   4  9.189272110048992E-009
           4   4  1.078864336975876E-008
 time    920.00000000000000     
           1   4  2.088014187467342E-008
           2   4  1.231032921154647E-008
           3   4  9.047733798077242E-009
           4   4  1.062516505088819E-008
 time    940.00000000000000     
           1   4  2.056657942456185E-008
           2   4  1.212539946809418E-008
           3   4  8.911546639521993E-009
           4   4  1.046780984611068E-008
 time    960.00000000000000     
           1   4  2.026457294887227E-008
           2   4  1.194729278144390E-008
           3   4  8.780397710802735E-009
           4   4  1.031622237286085E-008
 time    980.00000000000000     
           1   4  1.997346367164030E-008
           2   4  1.177561963783140E-008
           3   4  8.653998511936050E-009
           4   4  1.017007479902890E-008
 time    1000.0000000000000     
           1   4  1.969264294807644E-008
           2   4  1.161002021207454E-008
           3   4  8.532082605432747E-009
           4   4  1.002906419660418E-008
 time    1050.0000000000000     
           1   4  1.903517868785252E-008
           2   4  1.122234284744566E-008
           3   4  8.246715405001364E-009
           4   4  9.698818435823794E-009
 time    1100.0000000000000     
           1   4  1.843019016598840E-008
           2   4  1.086563525963950E-008
           3   4  7.984195839201717E-009
           4   4  9.394788330829401E-009
 time    1150.0000000000000     
           1   4  1.787137036298812E-008
           2   4  1.053617118173538E-008
           3   4  7.741768072162168E-009
           4   4  9.113832255902104E-009
 time    1200.0000000000000     
           1   4  1.735339434756562E-008
           2   4  1.023080526873835E-008
           3   4  7.517107058046734E-009
           4   4  8.853297136999821E-009
 time    1250.0000000000000     
           1   4  1.687173764747737E-008
           2   4  9.946865523859136E-009
           3   4  7.308238524505865E-009
           4   4  8.610928061019084E-009
 time    1300.0000000000000     
           1   4  1.642253123834731E-008
           2   4  9.682067443763470E-009
           3   4  7.113475178642144E-009
           4   4  8.384796125696073E-009
 time    1350.0000000000000     
           1   4  1.600244644036561E-008
           2   4  9.434445893736665E-009
           3   4  6.931366127809966E-009
           4   4  8.173241246521090E-009
 time    1400.0000000000000     
           1   4  1.560860312980984E-008
           2   4  9.202300798453464E-009
           3   4  6.760656585492970E-009
           4   4  7.974826555017208E-009
 time    1450.0000000000000     
           1   4  1.523849604179573E-008
           2   4  8.984153549027682E-009
           3   4  6.600255547724217E-009
           4   4  7.788301779670857E-009
 time    1500.0000000000000     
           1   4  1.488993517086836E-008
           2   4  8.778711758045273E-009
           3   4  6.449209673777372E-009
           4   4  7.612573625152471E-009
 time    1550.0000000000000     
           1   4  1.456099723085024E-008
           2   4  8.584840561273079E-009
           3   4  6.306682029072764E-009
           4   4  7.446681641895293E-009
 time    1600.0000000000000     
           1   4  1.424998585345320E-008
           2   4  8.401539090935662E-009
           3   4  6.171934666652173E-009
           4   4  7.289778434807712E-009
 time    1650.0000000000000     
           1   4  1.395539874233353E-008
           2   4  8.227921064133072E-009
           3   4  6.044314261393909E-009
           4   4  7.141113326370111E-009
 time    1700.0000000000000     
           1   4  1.367590040226079E-008
           2   4  8.063198668953567E-009
           3   4  5.923240189314731E-009
           4   4  7.000018789205688E-009
 time    1750.0000000000000     
           1   4  1.341029936716879E-008
           2   4  7.906669111105703E-009
           3   4  5.808194578599296E-009
           4   4  6.865899114008047E-009
 time    1800.0000000000000     
           1   4  1.315752908192264E-008
           2   4  7.757703320825626E-009
           3   4  5.698713960931601E-009
           4   4  6.738220893300290E-009
 time    1850.0000000000000     
           1   4  1.291663176948307E-008
           2   4  7.615736424584159E-009
           3   4  5.594382229643015E-009
           4   4  6.616504989216738E-009
 time    1900.0000000000000     
           1   4  1.268674475147726E-008
           2   4  7.480259666860054E-009
           3   4  5.494824671221842E-009
           4   4  6.500319721130003E-009
 time    1950.0000000000000     
           1   4  1.246708879601831E-008
           2   4  7.350813529910469E-009
           3   4  5.399702883292576E-009
           4   4  6.389275061458098E-009
 time    2000.0000000000000     
           1   4  1.225695814933365E-008
           2   4  7.226981848435113E-009
           3   4  5.308710428539782E-009
           4   4  6.283017669037102E-009
 time    2050.0000000000000     
           1   4  1.205571197283370E-008
           2   4  7.108386754542427E-009
           3   4  5.221569102639761E-009
           4   4  6.181226621743675E-009
 time    2100.0000000000000     
           1   4  1.186276695876220E-008
           2   4  6.994684318904228E-009
           3   4  5.138025716877947E-009
           4   4  6.083609735623755E-009
 time    2150.0000000000000     
           1   4  1.167759093858456E-008
           2   4  6.885560778250138E-009
           3   4  5.057849314127602E-009
           4   4  5.989900378149726E-009
 time    2200.0000000000000     
           1   4  1.149969733111723E-008
           2   4  6.780729258780641E-009
           3   4  4.980828751268778E-009
           4   4  5.899854699540049E-009
 time    2250.0000000000000     
           1   4  1.132864030384597E-008
           2   4  6.679926920717328E-009
           3   4  4.906770592717945E-009
           4   4  5.813249219211922E-009
 time    2300.0000000000000     
           1   4  1.116401054228404E-008
           2   4  6.582912461863885E-009
           3   4  4.835497269114640E-009
           4   4  5.729878715069739E-009
 time    2350.0000000000000     
           1   4  1.100543153962830E-008
           2   4  6.489463928342569E-009
           3   4  4.766845462833567E-009
           4   4  5.649554371981798E-009
 time    2400.0000000000000     
           1   4  1.085255633319567E-008
           2   4  6.399376789079178E-009
           3   4  4.700664688216466E-009
           4   4  5.572102152866803E-009
 time    2450.0000000000000     
           1   4  1.070506462579848E-008
           2   4  6.312462237510576E-009
           3   4  4.636816039526148E-009
           4   4  5.497361361615502E-009
 time    2500.0000000000000     
           1   4  1.056266023984326E-008
           2   4  6.228545689677251E-009
           3   4  4.575171083834771E-009
           4   4  5.425183371857975E-009
 time    2550.0000000000000     
           1   4  1.042506885990615E-008
           2   4  6.147465452572393E-009
           3   4  4.515610879542180E-009
           4   4  5.355430499549638E-009
 time    2600.0000000000000     
           1   4  1.029203602616077E-008
           2   4  6.069071540531260E-009
           3   4  4.458025104113906E-009
           4   4  5.287975000642396E-009
 time    2650.0000000000000     
           1   4  1.016332534655995E-008
           2   4  5.993224620709613E-009
           3   4  4.402311277042740E-009
           4   4  5.222698177855782E-009
 time    2700.0000000000000     
           1   4  1.003871690029967E-008
           2   4  5.919795071432244E-009
           3   4  4.348374066057945E-009
           4   4  5.159489582864605E-009
 time    2750.0000000000000     
           1   4  9.918005808980683E-009
           2   4  5.848662139489501E-009
           3   4  4.296124666303743E-009
           4   4  5.098246302154057E-009
 time    2800.0000000000000     
           1   4  9.801000955161950E-009
           2   4  5.779713184395413E-009
           3   4  4.245480243639349E-009
           4   4  5.038872316424273E-009
 time    2850.0000000000000     
           1   4  9.687523830772580E-009
           2   4  5.712842999258491E-009
           3   4  4.196363434422638E-009
           4   4  4.981277924806855E-009
 time    2900.0000000000000     
           1   4  9.577407500201554E-009
           2   4  5.647953199305616E-009
           3   4  4.148701895166017E-009
           4   4  4.925379226326684E-009
 time    2950.0000000000000     
           1   4  9.470495664887535E-009
           2   4  5.584951670281981E-009
           3   4  4.102427896326325E-009
           4   4  4.871097652039640E-009
 time    3000.0000000000000     
           1   4  9.366641817939953E-009
           2   4  5.523752069958976E-009
           3   4  4.057477955235855E-009
           4   4  4.818359542127912E-009
 time    3050.0000000000000     
           1   4  9.265708478786159E-009
           2   4  5.464273376845926E-009
           3   4  4.013792503819499E-009
           4   4  4.767095762963468E-009
 time    3100.0000000000000     
           1   4  9.167566499094807E-009
           2   4  5.406439480942975E-009
           3   4  3.971315587290210E-009
           4   4  4.717241359775565E-009
 time    3150.0000000000000     
           1   4  9.072094432307030E-009
           2   4  5.350178812010114E-009
           3   4  3.929994590486072E-009
           4   4  4.668735241096915E-009
 time    3200.0000000000000     
           1   4  8.979177960038753E-009
           2   4  5.295424001378075E-009
           3   4  3.889779988918245E-009
           4   4  4.621519891627467E-009
 time    3300.0000000000000     
           1   4  8.801110710392798E-009
           2   4  5.190490788049381E-009
           3   4  3.812713275498251E-009
           4   4  4.531014807726156E-009
 time    3400.0000000000000     
           1   4  8.631980307883946E-009
           2   4  5.090823360494888E-009
           3   4  3.739515192479787E-009
           4   4  4.445025674504337E-009
 time    3500.0000000000000     
           1   4  8.471091867466485E-009
           2   4  4.996012256368389E-009
           3   4  3.669884785046762E-009
           4   4  4.363202527120363E-009
 time    3600.0000000000000     
           1   4  8.317821861631785E-009
           2   4  4.905690063818197E-009
           3   4  3.603552020890282E-009
           4   4  4.285231333593550E-009
 time    3700.0000000000000     
           1   4  8.171609411574576E-009
           2   4  4.819526290182977E-009
           3   4  3.540274014774156E-009
           4   4  4.210829552060351E-009
 time    3800.0000000000000     
           1   4  8.031948621175048E-009
           2   4  4.737222844145683E-009
           3   4  3.479831704826734E-009
           4   4  4.139742269246095E-009
 time    3900.0000000000000     
           1   4  7.898381959813012E-009
           2   4  4.658510135828624E-009
           3   4  3.422026983687773E-009
           4   4  4.071738878453988E-009
 time    4000.0000000000000     
           1   4  7.770494564703715E-009
           2   4  4.583143718810560E-009
           3   4  3.366680228510315E-009
           4   4  4.006610221138839E-009
 time    4100.0000000000000     
           1   4  7.647909327287482E-009
           2   4  4.510901394268603E-009
           3   4  3.313628171053057E-009
           4   4  3.944166121855977E-009
 time    4200.0000000000000     
           1   4  7.530282644176176E-009
           2   4  4.441580706821225E-009
           3   4  3.262722056009182E-009
           4   4  3.884233256225406E-009
 time    4300.0000000000000     
           1   4  7.417300731429850E-009
           2   4  4.374996772406988E-009
           3   4  3.213826043643934E-009
           4   4  3.826653301124489E-009
 time    4400.0000000000000     
           1   4  7.308676417382004E-009
           2   4  4.310980388223298E-009
           3   4  3.166815819951313E-009
           4   4  3.771281324655756E-009
 time    4500.0000000000000     
           1   4  7.204146343171299E-009
           2   4  4.249376382966080E-009
           3   4  3.121577383592017E-009
           4   4  3.717984380435563E-009
 time    4600.0000000000000     
           1   4  7.103468511727208E-009
           2   4  4.190042172442907E-009
           3   4  3.078005983905933E-009
           4   4  3.666640276550081E-009
 time    4700.0000000000000     
           1   4  7.006420135533226E-009
           2   4  4.132846491277606E-009
           3   4  3.036005188449434E-009
           4   4  3.617136494314130E-009
 time    4800.0000000000000     
           1   4  6.912795741397430E-009
           2   4  4.077668276084832E-009
           3   4  2.995486061939379E-009
           4   4  3.569369235920984E-009
 time    4900.0000000000000     
           1   4  6.822405496995040E-009
           2   4  4.024395679345826E-009
           3   4  2.956366441321806E-009
           4   4  3.523242583338869E-009
 time    5000.0000000000000     
           1   4  6.735073729363338E-009
           2   4  3.972925196408988E-009
           3   4  2.918570294033519E-009
           4   4  3.478667753518132E-009
 time    5100.0000000000000     
           1   4  6.650637610030351E-009
           2   4  3.923160890692215E-009
           3   4  2.882027148477759E-009
           4   4  3.435562437224557E-009
 time    5200.0000000000000     
           1   4  6.568945985211228E-009
           2   4  3.875013704376005E-009
           3   4  2.846671587363137E-009
           4   4  3.393850210691775E-009
 time    5300.0000000000000     
           1   4  6.489858332645170E-009
           2   4  3.828400843726844E-009
           3   4  2.812442795916913E-009
           4   4  3.353460010856722E-009
 time    5400.0000000000000     
           1   4  6.413243829280366E-009
           2   4  3.783245229742952E-009
           3   4  2.779284158126202E-009
           4   4  3.314325666260616E-009
 time    5500.0000000000000     
           1   4  6.338980516231835E-009
           2   4  3.739475006121873E-009
           3   4  2.747142895122753E-009
           4   4  3.276385476808460E-009
 time    5600.0000000000000     
           1   4  6.266954549310379E-009
           2   4  3.697023097653546E-009
           3   4  2.715969740639173E-009
           4   4  3.239581836518140E-009
 time    5700.0000000000000     
           1   4  6.197059525007983E-009
           2   4  3.655826813077654E-009
           3   4  2.685718649152777E-009
           4   4  3.203860894184905E-009
 time    5800.0000000000000     
           1   4  6.129195873172885E-009
           2   4  3.615827487238949E-009
           3   4  2.656346532917738E-009
           4   4  3.169172247562740E-009
 time    5900.0000000000000     
           1   4  6.063270308757164E-009
           2   4  3.576970158051507E-009
           3   4  2.627813024584641E-009
           4   4  3.135468667240021E-009
 time    6000.0000000000000     
           1   4  5.999195336001560E-009
           2   4  3.539203274361668E-009
           3   4  2.600080262532123E-009
           4   4  3.102705846878717E-009
 time    6100.0000000000000     
           1   4  5.936888799263557E-009
           2   4  3.502478431295302E-009
           3   4  2.573112696400190E-009
           4   4  3.070842176908750E-009
 time    6200.0000000000000     
           1   4  5.876273475418290E-009
           2   4  3.466750130101367E-009
           3   4  2.546876910628283E-009
           4   4  3.039838539131214E-009
 time    6300.0000000000000     
           1   4  5.817276703384212E-009
           2   4  3.431975559870632E-009
           3   4  2.521341464070942E-009
           4   4  3.009658119996765E-009
 time    6400.0000000000000     
           1   4  5.759830046863528E-009
           2   4  3.398114398825462E-009
           3   4  2.496476743997254E-009
           4   4  2.980266240595220E-009
 time    6500.0000000000000     
           1   4  5.703868986853123E-009
           2   4  3.365128633151031E-009
           3   4  2.472254832981903E-009
           4   4  2.951630201625846E-009
 time    6600.0000000000000     
           1   4  5.649332640885294E-009
           2   4  3.332982391576232E-009
           3   4  2.448649387370751E-009
           4   4  2.923719141820701E-009
 time    6700.0000000000000     
           1   4  5.596163506309205E-009
           2   4  3.301641794119695E-009
           3   4  2.425635526156079E-009
           4   4  2.896503908469471E-009
 time    6800.0000000000000     
           1   4  5.544307225229996E-009
           2   4  3.271074813596679E-009
           3   4  2.403189729229327E-009
           4   4  2.869956938848040E-009
 time    6900.0000000000000     
           1   4  5.493712368989756E-009
           2   4  3.241251148640160E-009
           3   4  2.381289744094903E-009
           4   4  2.844052151487171E-009
 time    7000.0000000000000     
           1   4  5.444330240308716E-009
           2   4  3.212142107127298E-009
           3   4  2.359914500230147E-009
           4   4  2.818764846335224E-009
 time    7100.0000000000000     
           1   4  5.396114691410101E-009
           2   4  3.183720499023464E-009
           3   4  2.339044030365308E-009
           4   4  2.794071612971741E-009
 time    7200.0000000000000     
           1   4  5.349021956632329E-009
           2   4  3.155960537762118E-009
           3   4  2.318659398035583E-009
           4   4  2.769950246119436E-009
 time    7300.0000000000000     
           1   4  5.303010498191047E-009
           2   4  3.128837749372440E-009
           3   4  2.298742630825956E-009
           4   4  2.746379667781690E-009
 time    7400.0000000000000     
           1   4  5.258040863893283E-009
           2   4  3.102328888649019E-009
           3   4  2.279276658790209E-009
           4   4  2.723339855403055E-009
 time    7500.0000000000000     
           1   4  5.214075555729715E-009
           2   4  3.076411861730775E-009
           3   4  2.260245257579026E-009
           4   4  2.700811775512318E-009
 time    7600.0000000000000     
           1   4  5.171078908380517E-009
           2   4  3.051065654520723E-009
           3   4  2.241632995859514E-009
           4   4  2.678777322362706E-009
 time    7700.0000000000000     
           1   4  5.129016976767068E-009
           2   4  3.026270266435466E-009
           3   4  2.223425186650482E-009
           4   4  2.657219261132524E-009
 time    7800.0000000000000     
           1   4  5.087857431868065E-009
           2   4  3.002006649023807E-009
           3   4  2.205607842235049E-009
           4   4  2.636121175292871E-009
 time    8000.0000000000000     
           1   4  5.008328608507322E-009
           2   4  2.955123884825921E-009
           3   4  2.171180709435552E-009
           4   4  2.595348579534634E-009
 time    8200.0000000000000     
           1   4  4.932036024366981E-009
           2   4  2.910148221597564E-009
           3   4  2.138153890112878E-009
           4   4  2.556226228938970E-009
 time    8400.0000000000000     
           1   4  4.858772960049997E-009
           2   4  2.866957861554010E-009
           3   4  2.106437949258897E-009
           4   4  2.518649058921676E-009
 time    8600.0000000000000     
           1   4  4.788350305676077E-009
           2   4  2.825441380830756E-009
           3   4  2.075951069878011E-009
           4   4  2.482520958903797E-009
 time    8800.0000000000000     
           1   4  4.720594767141547E-009
           2   4  2.785496673186455E-009
           3   4  2.046618277296346E-009
           4   4  2.447753839137153E-009
 time    9000.0000000000000     
           1   4  4.655347245220148E-009
           2   4  2.747029995232485E-009
           3   4  2.018370737985170E-009
           4   4  2.414266807294003E-009
 time    9200.0000000000000     
           1   4  4.592461400359881E-009
           2   4  2.709955120982487E-009
           3   4  1.991145138663650E-009
           4   4  2.381985441715706E-009
 time    9400.0000000000000     
           1   4  4.531802385175414E-009
           2   4  2.674192595162169E-009
           3   4  1.964883137933776E-009
           4   4  2.350841149818392E-009
 time    9600.0000000000000     
           1   4  4.473245724266197E-009
           2   4  2.639669073295196E-009
           3   4  1.939530881647738E-009
           4   4  2.320770601039760E-009
 time    9800.0000000000000     
           1   4  4.416676322598118E-009
           2   4  2.606316737519425E-009
           3   4  1.915038573895429E-009
           4   4  2.291715224788858E-009
 time    10000.000000000000     
           1   4  4.361987585922823E-009
           2   4  2.574072778401488E-009
           3   4  1.891360096464249E-009
           4   4  2.263620765036353E-009
 time    10200.000000000000     
           1   4  4.309080638895468E-009
           2   4  2.542878934304531E-009
           3   4  1.868452670568191E-009
           4   4  2.236436884299152E-009
 time    10400.000000000000     
           1   4  4.257863628518751E-009
           2   4  2.512681081021423E-009
           3   4  1.846276555493436E-009
           4   4  2.210116810769742E-009
 time    10600.000000000000     
           1   4  4.208251102253792E-009
           2   4  2.483428865394696E-009
           3   4  1.824794779548777E-009
           4   4  2.184617023206814E-009
 time    10800.000000000000     
           1   4  4.160163451611331E-009
           2   4  2.455075377511734E-009
           3   4  1.803972899346146E-009
           4   4  2.159896968947251E-009
 time    11000.000000000000     
           1   4  4.113526413295381E-009
           2   4  2.427576856804929E-009
           3   4  1.783778783981044E-009
           4   4  2.135918811034909E-009
 time    11200.000000000000     
           1   4  4.068270621044630E-009
           2   4  2.400892428018922E-009
           3   4  1.764182421147162E-009
           4   4  2.112647201003313E-009
 time    11400.000000000000     
           1   4  4.024331202233023E-009
           2   4  2.374983863546473E-009
           3   4  1.745155742615683E-009
           4   4  2.090049074311532E-009
 time    11600.000000000000     
           1   4  3.981647414072554E-009
           2   4  2.349815369094991E-009
           3   4  1.726672466848075E-009
           4   4  2.068093465827171E-009
 time    11800.000000000000     
           1   4  3.940162314930399E-009
           2   4  2.325353390039921E-009
           3   4  1.708707956800607E-009
           4   4  2.046751343087992E-009
 time    12000.000000000000     
           1   4  3.899822466845562E-009
           2   4  2.301566436158722E-009
           3   4  1.691239091226817E-009
           4   4  2.025995455363045E-009
 time    12200.000000000000     
           1   4  3.860577665822700E-009
           2   4  2.278424922729297E-009
           3   4  1.674244147997231E-009
           4   4  2.005800196782853E-009
 time    12400.000000000000     
           1   4  3.822380696904483E-009
           2   4  2.255901026226330E-009
           3   4  1.657702698138979E-009
           4   4  1.986141482022098E-009
 time    12600.000000000000     
           1   4  3.785187111389607E-009
           2   4  2.233968553064503E-009
           3   4  1.641595509456194E-009
           4   4  1.966996633203091E-009
 time    12800.000000000000     
           1   4  3.748955023879831E-009
           2   4  2.212602820023723E-009
           3   4  1.625904458728866E-009
           4   4  1.948344276847941E-009
 time    13000.000000000000     
           1   4  3.713644927113227E-009
           2   4  2.191780545153052E-009
           3   4  1.610612451606451E-009
           4   4  1.930164249845824E-009
 time    13200.000000000000     
           1   4  3.679219522779216E-009
           2   4  2.171479748090153E-009
           3   4  1.595703349415454E-009
           4   4  1.912437513522105E-009
 time    13400.000000000000     
           1   4  3.645643566717896E-009
           2   4  2.151679658855244E-009
           3   4  1.581161902189960E-009
           4   4  1.895146075000703E-009
 time    13600.000000000000     
           1   4  3.612883727087021E-009
           2   4  2.132360634284932E-009
           3   4  1.566973687312140E-009
           4   4  1.878272915142526E-009
 time    13800.000000000000     
           1   4  3.580908454238033E-009
           2   4  2.113504081364469E-009
           3   4  1.553125053218293E-009
           4   4  1.861801922422671E-009
 time    14000.000000000000     
           1   4  3.549687861180845E-009
           2   4  2.095092386798403E-009
           3   4  1.539603067685714E-009
           4   4  1.845717832179023E-009
 time    14200.000000000000     
           1   4  3.519193613638554E-009
           2   4  2.077108852231230E-009
           3   4  1.526395470268292E-009
           4   4  1.830006170726397E-009
 time    14400.000000000000     
           1   4  3.489398828800102E-009
           2   4  2.059537634592503E-009
           3   4  1.513490628494942E-009
           4   4  1.814653203884274E-009
 time    14600.000000000000     
           1   4  3.460277981972853E-009
           2   4  2.042363691096287E-009
           3   4  1.500877497485621E-009
           4   4  1.799645889513828E-009
 time    14800.000000000000     
           1   4  3.431806820420175E-009
           2   4  2.025572728473775E-009
           3   4  1.488545582675663E-009
           4   4  1.784971833701996E-009
 time    15000.000000000000     
           1   4  3.403962283742434E-009
           2   4  2.009151156061038E-009
           3   4  1.476484905370860E-009
           4   4  1.770619250267347E-009
 time    15200.000000000000     
           1   4  3.376722430224825E-009
           2   4  1.993086042402289E-009
           3   4  1.464685970883843E-009
           4   4  1.756576923295539E-009
 time    15400.000000000000     
           1   4  3.350066368633099E-009
           2   4  1.977365075062881E-009
           3   4  1.453139739027280E-009
           4   4  1.742834172441232E-009
 time    15600.000000000000     
           1   4  3.323974194989482E-009
           2   4  1.961976523376508E-009
           3   4  1.441837596761555E-009
           4   4  1.729380820759356E-009
 time    15800.000000000000     
           1   4  3.298426933906595E-009
           2   4  1.946909203877886E-009
           3   4  1.430771332814283E-009
           4   4  1.716207164851572E-009
 time    16000.000000000000     
           1   4  3.273406484097914E-009
           2   4  1.932152448196174E-009
           3   4  1.419933114106632E-009
           4   4  1.703303947134507E-009
 time    16200.000000000000     
           1   4  3.248895567719498E-009
           2   4  1.917696073205708E-009
           3   4  1.409315463837086E-009
           4   4  1.690662330054576E-009
 time    16400.000000000000     
           1   4  3.224877683230090E-009
           2   4  1.903530353249688E-009
           3   4  1.398911241087290E-009
           4   4  1.678273872090659E-009
 time    16600.000000000000     
           1   4  3.201337061485801E-009
           2   4  1.889645994269694E-009
           3   4  1.388713621827239E-009
           4   4  1.666130505400678E-009
 time    16800.000000000000     
           1   4  3.178258624811540E-009
           2   4  1.876034109689042E-009
           3   4  1.378716081208191E-009
           4   4  1.654224514981163E-009
 time    17000.000000000000     
           1   4  3.155627948814736E-009
           2   4  1.862686197911862E-009
           3   4  1.368912377041965E-009
           4   4  1.642548519220844E-009
 time    17200.000000000000     
           1   4  3.133431226727811E-009
           2   4  1.849594121312153E-009
           3   4  1.359296534374192E-009
           4   4  1.631095451739902E-009
 time    17400.000000000000     
           1   4  3.111655236084811E-009
           2   4  1.836750086598099E-009
           3   4  1.349862831067370E-009
           4   4  1.619858544416057E-009
 time    17600.000000000000     
           1   4  3.090287307554709E-009
           2   4  1.824146626447097E-009
           3   4  1.340605784316891E-009
           4   4  1.608831311507352E-009
 time    17800.000000000000     
           1   4  3.069315295768984E-009
           2   4  1.811776582315828E-009
           3   4  1.331520138029871E-009
           4   4  1.598007534789259E-009
 time    18000.000000000000     
           1   4  3.048727551995291E-009
           2   4  1.799633088338059E-009
           3   4  1.322600851002572E-009
           4   4  1.587381249630759E-009
 time    18200.000000000000     
           1   4  3.028512898521298E-009
           2   4  1.787709556230090E-009
           3   4  1.313843085837710E-009
           4   4  1.576946731940383E-009
 time    18400.000000000000     
           1   4  3.008660604624296E-009
           2   4  1.775999661130556E-009
           3   4  1.305242198547795E-009
           4   4  1.566698485919090E-009
 time    18600.000000000000     
           1   4  2.989160364012424E-009
           2   4  1.764497328307353E-009
           3   4  1.296793728795098E-009
           4   4  1.556631232561872E-009
 time    18800.000000000000     
           1   4  2.970002273632723E-009
           2   4  1.753196720669879E-009
           3   4  1.288493390722944E-009
           4   4  1.546739898854925E-009
 time    19000.000000000000     
           1   4  2.951176813749656E-009
           2   4  1.742092227029895E-009
           3   4  1.280337064336655E-009
           4   4  1.537019607619426E-009
 time    19200.000000000000     
           1   4  2.932674829205554E-009
           2   4  1.731178451058803E-009
           3   4  1.272320787395785E-009
           4   4  1.527465667956840E-009
 time    19400.000000000000     
           1   4  2.914487511781377E-009
           2   4  1.720450200893241E-009
           3   4  1.264440747782411E-009
           4   4  1.518073566254384E-009
 time    19600.000000000000     
           1   4  2.896606383582686E-009
           2   4  1.709902479344778E-009
           3   4  1.256693276312931E-009
           4   4  1.508838957712360E-009
 time    19800.000000000000     
           1   4  2.879023281381406E-009
           2   4  1.699530474672788E-009
           3   4  1.249074839963385E-009
           4   4  1.499757658358174E-009
 time    20000.000000000000     
           1   4  2.861730341849515E-009
           2   4  1.689329551882872E-009
           3   4  1.241582035480625E-009
           4   4  1.490825637514486E-009
