! time                    int_density             frank_density           perfect_density         vac_density             faulted_density         void_density            
  0.000000000000000E+000  0.000000000000000E+000  0.000000000000000E+000  0.000000000000000E+000  2.140585232712487E-007  0.000000000000000E+000  0.000000000000000E+000
  1.000000000000001E-001  5.787338287163104E-004  9.885872342772670E-004  1.183113841664013E-003  4.782479384104327E-002  3.875718943259598E-004  2.716287035029229E-011
  2.000000000000001E-001  4.865631889159103E-004  1.890742754262977E-003  1.260447076487085E-003  8.863555867318472E-002  6.752103883995860E-004  5.188899216699830E-011
  3.000000000000002E-001  4.376132139022552E-004  2.746802051737694E-003  1.151326232273991E-003  1.261351474649733E-001  9.149806537394115E-004  7.511826193660904E-011
  4.000000000000003E-001  4.020932006956119E-004  3.575102024566332E-003  1.017621112875819E-003  1.611561246685321E-001  1.130428021139629E-003  9.687652503022020E-011
  5.000000000000003E-001  3.731064831597816E-004  4.382443621739352E-003  8.972775822083774E-004  1.940484020122167E-001  1.334920244365369E-003  1.171650527903014E-010
  6.000000000000004E-001  3.482152028976260E-004  5.173175393954827E-003  7.979232352880602E-004  2.250576472022894E-001  1.536976323068669E-003  1.360609799183722E-010
  7.000000000000005E-001  3.263390397423975E-004  5.950486650232036E-003  7.185044793280436E-004  2.543533234909355E-001  1.741773784967711E-003  1.536440480828537E-010
  8.000000000000006E-001  3.068808349483762E-004  6.716541176392402E-003  6.553430679574592E-004  2.820192978242594E-001  1.952602618422823E-003  1.699592405351870E-010
  9.000000000000007E-001  2.894432560529969E-004  7.473072365443272E-003  6.045877874035531E-004  3.081098242485900E-001  2.171667193131722E-003  1.850464200595607E-010
  1.000000000000001E+000  2.737268505802869E-004  8.221491367653821E-003  5.630852629630052E-004  3.326584708144111E-001  2.400444578883505E-003  1.989422925011014E-010
  1.100000000000001E+000  2.594917283463884E-004  8.962956755192533E-003  5.284971852172618E-004  3.556839252243408E-001  2.639891392000558E-003  2.116834012073351E-010
  1.200000000000001E+000  2.465410021880233E-004  9.698425988847126E-003  4.991577874991303E-004  3.771941423272400E-001  2.890564009497773E-003  2.233083305321091E-010
  1.300000000000001E+000  2.347115725614614E-004  1.042869548523150E-002  4.738885891389809E-004  3.971895508617184E-001  3.152693541979959E-003  2.338584443349364E-010
  1.400000000000001E+000  2.238676136759583E-004  1.115443217193010E-002  4.518458202755600E-004  4.156656925713543E-001  3.426240072307356E-003  2.433772239460665E-010
  1.500000000000001E+000  2.138954067693831E-004  1.187619832771478E-002  4.324126576507499E-004  4.326154935088432E-001  3.710939151994810E-003  2.519086675105360E-010
  1.600000000000001E+000  2.046991304713357E-004  1.259447111776675E-002  4.151276427977222E-004  4.480312734600704E-001  4.006346236171089E-003  2.594953478823774E-010
  1.700000000000001E+000  1.961974471697842E-004  1.330965798133023E-002  3.996378909387938E-004  4.619065458675814E-001  4.311880448186599E-003  2.661766747543397E-010
  1.800000000000001E+000  1.883207637151347E-004  1.402210880415069E-002  3.856682581463708E-004  4.742376293725412E-001  4.626866841035815E-003  2.719877432393545E-010
  1.900000000000001E+000  1.810090522042043E-004  1.473212560807357E-002  3.730006297887321E-004  4.850250740911012E-001  4.950575461818134E-003  2.769589459391071E-010
  2.000000000000001E+000  1.742101258788882E-004  1.543997032279117E-002  3.614596762143839E-004  4.942748961337086E-001  5.282255510507832E-003  2.811163363126540E-010
  2.100000000000001E+000  1.678782786600268E-004  1.614587107106848E-002  3.509027951396712E-004  5.019996098870165E-001  5.621163330303506E-003  2.844825947673826E-010
  2.200000000000002E+000  1.619732116182669E-004  1.685002729519448E-002  3.412127923529908E-004  5.082190474579371E-001  5.966583602955565E-003  2.870783778372316E-010
  2.300000000000002E+000  1.564591834475695E-004  1.755261397347554E-002  3.322923741651591E-004  5.129609570819088E-001  6.317843780994091E-003  2.889238173428334E-010
  2.400000000000002E+000  1.513043337634272E-004  1.825378511592913E-002  3.240598754856877E-004  5.162613759988807E-001  6.674322373399133E-003  2.900399629276734E-010
  2.500000000000002E+000  1.464801378686755E-004  1.895367668339742E-002  3.164458890292869E-004  5.181647772587620E-001  7.035452145819901E-003  2.904500105293878E-010
  2.600000000000002E+000  1.419609601102157E-004  1.965240904054804E-002  3.093906139788014E-004  5.187239935204148E-001  7.400719546356700E-003  2.901802183118419E-010
  2.700000000000002E+000  1.377236806322868E-004  2.035008902802388E-002  3.028418173450886E-004  5.179999241396697E-001  7.769661695366491E-003  2.892604704333994E-010
  2.800000000000002E+000  1.337473773572643E-004  2.104681172034745E-002  2.967533191867218E-004  5.160610351976401E-001  8.141862106088336E-003  2.877244988923868E-010
  2.900000000000002E+000  1.300130511373562E-004  2.174266192248422E-002  2.910839041319397E-004  5.129826662767877E-001  8.516946006971888E-003  2.856098078791114E-010
  3.000000000000002E+000  1.265033868164485E-004  2.243771544790495E-002  2.857965534573398E-004  5.088461631945975E-001  8.894575812182035E-003  2.829573615924726E-010
  3.100000000000002E+000  1.232025461427184E-004  2.313204021346942E-002  2.808578977706467E-004  5.037378624512370E-001  9.274447011218953E-003  2.798110985774903E-010
  3.200000000000002E+000  1.200959900676531E-004  2.382569718062852E-002  2.762378093505784E-004  4.977479600762462E-001  9.656284558932712E-003  2.762173293432153E-010
  3.300000000000002E+000  1.171708450782768E-004  2.451865311293391E-002  2.719100025304427E-004  4.908640608583741E-001  1.004006572748713E-002  2.721682176423505E-010
  3.400000000000002E+000  1.144139640539687E-004  2.521105231944169E-002  2.678460432565778E-004  4.833067723649411E-001  1.042529291743218E-002  2.677797492242221E-010
  3.500000000000001E+000  1.118142492191351E-004  2.590293873414220E-002  2.640271795404105E-004  4.751694152514594E-001  1.081176772205663E-002  2.631008341258247E-010
  3.600000000000001E+000  1.093610118473049E-004  2.659435205722946E-002  2.604333961775822E-004  4.665440303255584E-001  1.119931011491176E-002  2.581796979692618E-010
  3.700000000000001E+000  1.070443327349189E-004  2.728532821940977E-002  2.570465226079184E-004  4.575203263463712E-001  1.158775690521489E-002  2.530634165846316E-010
  3.800000000000000E+000  1.048549873507416E-004  2.797589979013628E-002  2.538501701830156E-004  4.481847310169810E-001  1.197696020028107E-002  2.477973986126754E-010
  3.900000000000000E+000  1.027843771346802E-004  2.866609633558989E-002  2.508295471470170E-004  4.386195558621733E-001  1.236678600362152E-002  2.424249197099161E-010
  4.000000000000000E+000  1.008244670707358E-004  2.935594473283400E-002  2.479712802050109E-004  4.289022817382724E-001  1.275711296370567E-002  2.369867207941310E-010
  4.100000000000000E+000  9.896773011414516E-005  3.004546944583889E-002  2.452632530235911E-004  4.191049690178413E-001  1.314783126924012E-002  2.315206752651049E-010
  4.199999999999999E+000  9.720709917220974E-005  3.073469276848120E-002  2.426944625393400E-004  4.092937946733964E-001  1.353884167967931E-002  2.260615274021490E-010
  4.299999999999999E+000  9.553592704197281E-005  3.142363503907911E-002  2.402548926096977E-004  3.995287168947873E-001  1.393005467655166E-002  2.206407025348487E-010
  4.399999999999999E+000  9.394795421811648E-005  3.211231483048740E-002  2.379354039540823E-004  3.898632660299369E-001  1.432138971996073E-002  2.152861882081316E-010
  4.499999999999998E+000  9.243728397887145E-005  3.280074911924128E-002  2.357276389212817E-004  3.803444583469125E-001  1.471277459449872E-002  2.100224841205094E-010
  4.599999999999998E+000  9.099836375201302E-005  3.348895343671904E-002  2.336239393718141E-004  3.710128264556833E-001  1.510414482940049E-002  2.048706170747592E-010
  4.699999999999998E+000  8.962500331118486E-005  3.417688973012361E-002  2.316185967755165E-004  3.619547130020216E-001  1.549541090894204E-002  1.998779377861291E-010
  4.799999999999997E+000  8.831301357667507E-005  3.486462637526132E-002  2.297026067363910E-004  3.531450144624835E-001  1.588653974301295E-002  1.950279244430165E-010
  4.899999999999997E+000  8.705802592153643E-005  3.555217507152422E-002  2.278710866821920E-004  3.446045490727994E-001  1.627749176514454E-002  1.903312373601747E-010
  4.999999999999996E+000  8.585579139403868E-005  3.623954656685328E-002  2.261186342690957E-004  3.363490322400789E-001  1.666823238915328E-002  1.857957339419281E-010
  5.099999999999996E+000  8.470235857335474E-005  3.692675074619359E-002  2.244402079573821E-004  3.283894940077768E-001  1.705873185813350E-002  1.814267438117182E-010
  5.199999999999996E+000  8.359406772771097E-005  3.761379671205618E-002  2.228311516280300E-004  3.207327286840271E-001  1.744896500876834E-002  1.772273272824769E-010
  5.299999999999995E+000  8.252754189972318E-005  3.830069285760253E-002  2.212871669570241E-004  3.133817614184868E-001  1.783891099779483E-002  1.731985359510131E-010
  5.399999999999995E+000  8.149967674878841E-005  3.898744693291267E-002  2.198042839412039E-004  3.063363185604287E-001  1.822855300813495E-002  1.693396718409728E-010
  5.499999999999995E+000  8.050762907234929E-005  3.967406610502234E-002  2.183788336609393E-004  2.995932905604783E-001  1.861787794420233E-002  1.656485403983201E-010
  5.599999999999994E+000  7.954880404186365E-005  4.036055701225372E-002  2.170074234170524E-004  2.931471781173677E-001  1.900687612238346E-002  1.621216930252502E-010
  5.699999999999994E+000  7.862084129521156E-005  4.104692581331742E-002  2.156869140186437E-004  2.869905141860679E-001  1.939554096099872E-002  1.587546555736358E-010
  5.799999999999994E+000  7.772160010406426E-005  4.173317823162568E-002  2.144143989999171E-004  2.811142562975280E-001  1.978386867320360E-002  1.555421400590503E-010
  5.899999999999993E+000  7.684914388393615E-005  4.241931959522641E-002  2.131871855768130E-004  2.755081453410574E-001  2.017185796583725E-002  1.524782376941190E-010
  5.999999999999993E+000  7.600172433869546E-005  4.310535487274077E-002  2.120027771828268E-004  2.701610284891024E-001  2.055950974692668E-002  1.495565921194175E-010
  6.099999999999993E+000  7.517776553352485E-005  4.379128870566360E-002  2.108588574456562E-004  2.650611452759124E-001  2.094682684429402E-002  1.467705524011855E-010
  6.199999999999992E+000  7.437584817466909E-005  4.447712543736398E-002  2.097532754835662E-004  2.601963769646582E-001  2.133381373743798E-002  1.441133059530015E-010
  6.299999999999992E+000  7.359469434513182E-005  4.516286913910109E-002  2.086840324139243E-004  2.555544602513400E-001  2.172047630454737E-002  1.415779920186315E-010
  6.399999999999991E+000  7.283315290715269E-005  4.584852363335044E-002  2.076492689772100E-004  2.511231670664931E-001  2.210682158615735E-002  1.391577967276840E-010
  6.499999999999991E+000  7.209018573891463E-005  4.653409251471351E-002  2.066472541886861E-004  2.468904527618703E-001  2.249285756658560E-002  1.368460310111609E-010
  6.599999999999991E+000  7.136485492808512E-005  4.721957916866380E-002  2.056763749373301E-004  2.428445753280288E-001  2.287859297390310E-002  1.346361928501784E-010
  6.699999999999990E+000  7.065631100140979E-005  4.790498678836095E-002  2.047351264579628E-004  2.389741885015696E-001  2.326403709881602E-002  1.325220154392666E-010
  6.799999999999990E+000  6.996378222983055E-005  4.859031838974484E-002  2.038221036080274E-004  2.352684117102967E-001  2.364919963247814E-002  1.304975028878098E-010
  6.999999999999990E+000  6.862011428495577E-005  4.996069402345331E-002  2.020754475397162E-004  2.284098090233363E-001  2.441848798436988E-002  1.267491091003036E-010
  7.199999999999990E+000  6.733423546050669E-005  5.133080269077268E-002  2.004263705883609E-004  2.220473875917551E-001  2.518682329732854E-002  1.232700674298313E-010
  7.399999999999991E+000  6.610157067147107E-005  5.270066296022866E-002  1.988670443644658E-004  2.161286886426787E-001  2.595428107459944E-002  1.200320527785925E-010
  7.599999999999991E+000  6.491811344976741E-005  5.407029161771573E-002  1.973901348898247E-004  2.106061351922245E-001  2.672093079733548E-002  1.170092805163805E-010
  7.799999999999991E+000  6.378037514546122E-005  5.543970389164735E-002  1.959891052183061E-004  2.054372108313881E-001  2.748683652708377E-002  1.141786836108859E-010
  7.999999999999991E+000  6.268528189782465E-005  5.680891364179786E-002  1.946581164167373E-004  2.005843403952756E-001  2.825205711787207E-002  1.115198747107069E-010
  8.199999999999990E+000  6.163009579376149E-005  5.817793351889240E-002  1.933919350285410E-004  1.960145786528792E-001  2.901664633798956E-002  1.090149856228926E-010
  8.399999999999990E+000  6.061235522356509E-005  5.954677510053481E-002  1.921858543704520E-004  1.916991915375124E-001  2.978065301632548E-002  1.066484408752240E-010
  8.599999999999989E+000  5.962982982362899E-005  6.091544900784506E-002  1.910356277222590E-004  1.876131919839156E-001  3.054412124750511E-002  1.044067038136576E-010
  8.799999999999988E+000  5.868048623897927E-005  6.228396500623030E-002  1.899374114947957E-004  1.837348728763542E-001  3.130709065461725E-002  1.022780204569893E-010
  8.999999999999988E+000  5.776246176543307E-005  6.365233209298357E-002  1.888877167530561E-004  1.800453639853601E-001  3.206959669465630E-002  1.002521766178356E-010
  9.199999999999987E+000  5.687404366037769E-005  6.502055857384618E-002  1.878833677340251E-004  1.765282280433753E-001  3.283167098862085E-002  9.832027683812910E-011
  9.399999999999986E+000  5.601365251088776E-005  6.638865213024232E-002  1.869214662244019E-004  1.731691027916503E-001  3.359334165978740E-002  9.647454889086710E-011
  9.599999999999985E+000  5.517982851596142E-005  6.775661987856754E-002  1.859993608548903E-004  1.699553902764936E-001  3.435463366705718E-002  9.470817446339889E-011
  9.799999999999985E+000  5.437121988969957E-005  6.912446842266090E-002  1.851146205288182E-004  1.668759912327061E-001  3.511556912397831E-002  9.301514472986214E-011
  9.999999999999984E+000  5.358657284460237E-005  7.049220390039375E-002  1.842650113372682E-004  1.639210804871678E-001  3.587616759738142E-002  9.139013848568571E-011
  1.019999999999998E+001  5.282472279020466E-005  7.185983202515470E-002  1.834484764243262E-004  1.610819184688253E-001  3.663644638227485E-002  8.982842007397249E-011
  1.039999999999998E+001  5.208458650144663E-005  7.322735812288668E-002  1.826631183579441E-004  1.583506937515281E-001  3.739642075168528E-002  8.832575426875500E-011
  1.059999999999998E+001  5.136515508963832E-005  7.459478716523349E-002  1.819071836374073E-004  1.557203918088482E-001  3.815610418156760E-002  8.687833543875893E-011
  1.079999999999998E+001  5.066548765924619E-005  7.596212379927175E-002  1.811790490302661E-004  1.531846856320886E-001  3.891550855185145E-002  8.548272859000948E-011
  1.099999999999998E+001  4.998470556539366E-005  7.732937237423729E-002  1.804772094822785E-004  1.507378444252374E-001  3.967464432525525E-002  8.413582020561118E-011
  1.149999999999998E+001  4.835747346012095E-005  8.074698620135164E-002  1.788273678302333E-004  1.450247188772958E-001  4.157100994358152E-002  8.098932505751415E-011
  1.199999999999998E+001  4.683346040782577E-005  8.416414717808718E-002  1.773141194096959E-004  1.397235463460267E-001  4.346597386824116E-002  7.806905008210844E-011
  1.249999999999998E+001  4.540177580257325E-005  8.758090228726648E-002  1.759214219376460E-004  1.348067504315507E-001  4.535957659976210E-002  7.536025494043472E-011
  1.299999999999998E+001  4.405355613629424E-005  9.099729213256064E-002  1.746354742909669E-004  1.302378415891748E-001  4.725184601776834E-002  7.284296556607705E-011
  1.349999999999998E+001  4.278131038990372E-005  9.441335202190604E-002  1.734444964318888E-004  1.259810558905244E-001  4.914280169145398E-002  7.049753972819325E-011
  1.399999999999998E+001  4.157855896484236E-005  9.782911282289616E-002  1.723383779470803E-004  1.220042558121688E-001  5.103245616495015E-002  6.830631903229275E-011
  1.449999999999998E+001  4.043962080468806E-005  1.012446016509189E-001  1.713083934259322E-004  1.182793708380186E-001  5.292081582422292E-002  6.625387932983014E-011
  1.499999999999998E+001  3.935947097932813E-005  1.046598424297871E-001  1.703469731719561E-004  1.147820505384398E-001  5.480788180076291E-002  6.432683906437935E-011
  1.549999999999998E+001  3.833363593510494E-005  1.080748563528129E-001  1.694475177868579E-004  1.114911398996600E-001  5.669365088976153E-002  6.251356968942389E-011
  1.599999999999998E+001  3.735811183621567E-005  1.114896622649373E-001  1.686042473454159E-004  1.083881766036062E-001  5.857811640878858E-002  6.080391912742639E-011
  1.649999999999998E+001  3.642929879942820E-005  1.149042769815635E-001  1.678120779090985E-004  1.054569615955864E-001  6.046126895361062E-002  5.918897615985258E-011
  1.699999999999998E+001  3.554394693103912E-005  1.183187155561980E-001  1.670665197682244E-004  1.026832054160447E-001  6.234309703812084E-002  5.766087671391661E-011
  1.749999999999998E+001  3.469911151272205E-005  1.217329915063737E-001  1.663635930695621E-004  1.000542395066756E-001  6.422358762296131E-002  5.621264588277565E-011
  1.799999999999998E+001  3.389211544840417E-005  1.251471170053502E-001  1.656997574499050E-004  9.755878011504189E-002  6.610272654523087E-002  5.483806877338175E-011
  1.849999999999998E+001  3.312051755528602E-005  1.285611030455609E-001  1.650718530282194E-004  9.518673407748190E-002  6.798049886391824E-002  5.353158425804470E-011
  1.899999999999998E+001  3.238208560494371E-005  1.319749595786063E-001  1.644770506676000E-004  9.292903791465283E-002  6.985688913524672E-002  5.228819692343265E-011
  1.949999999999998E+001  3.167477325629759E-005  1.353886956356659E-001  1.639128098474365E-004  9.077752356287876E-002  7.173188163056354E-002  5.110340356180683E-011
  1.999999999999998E+001  3.099670020037719E-005  1.388023194314839E-001  1.633768428183455E-004  8.872480555729578E-002  7.360546050754856E-002  4.997313137295721E-011
  2.049999999999998E+001  3.034613497374854E-005  1.422158384545056E-001  1.628670839713445E-004  8.676418562504248E-002  7.547760994371339E-002  4.889368567217019E-011
  2.099999999999998E+001  2.972148000382466E-005  1.456292595452894E-001  1.623816635560252E-004  8.488957151484984E-002  7.734831423956041E-002  4.786170537429912E-011
  2.149999999999998E+001  2.912125853249770E-005  1.490425889649457E-001  1.619188850431358E-004  8.309540755124513E-002  7.921755789740327E-002  4.687412488513494E-011
  2.199999999999998E+001  2.854410313006208E-005  1.524558324550626E-001  1.614772055547444E-004  8.137661490969696E-002  8.108532568071426E-002  4.592814130812112E-011
  2.249999999999998E+001  2.798874556330858E-005  1.558689952903356E-001  1.610552188873720E-004  7.972854000224582E-002  8.295160265793171E-002  4.502118608852872E-011
  2.299999999999998E+001  2.745400782303265E-005  1.592820823249209E-001  1.606516407357194E-004  7.814690966994177E-002  8.481637423389855E-002  4.415090038415026E-011
  2.349999999999998E+001  2.693879414935107E-005  1.626950980333740E-001  1.602652957911226E-004  7.662779211962288E-002  8.667962617148900E-002  4.331511358282935E-011
  2.399999999999998E+001  2.644208391994564E-005  1.661080465468975E-001  1.598951064429411E-004  7.516756273364240E-002  8.854134460548191E-002  4.251182449112433E-011
  2.449999999999998E+001  2.596292528801877E-005  1.695209316855181E-001  1.595400828552489E-004  7.376287403356864E-002  9.040151605033736E-002  4.173918480137649E-011
  2.499999999999998E+001  2.550042947441388E-005  1.729337569867142E-001  1.591993142274351E-004  7.241062920127145E-002  9.226012740320909E-002  4.099548451110276E-011
  2.549999999999998E+001  2.505376563284066E-005  1.763465257309470E-001  1.588719610771903E-004  7.110795865970870E-002  9.411716594326304E-002  4.027913902251758E-011
  2.599999999999998E+001  2.462215621909071E-005  1.797592409644765E-001  1.585572484090697E-004  6.985219929611428E-002  9.597261932816267E-002  3.958867769381012E-011
  2.649999999999998E+001  2.420487280503293E-005  1.831719055197950E-001  1.582544596523632E-004  6.864087597601012E-002  9.782647558840959E-002  3.892273364964946E-011
  2.699999999999998E+001  2.380123228643096E-005  1.865845220339640E-001  1.579629312691300E-004  6.747168505047681E-002  9.967872312009179E-002  3.828003468786836E-011
  2.749999999999998E+001  2.341059344053936E-005  1.899970929650994E-001  1.576820479475973E-004  6.634247960374250E-002  1.015293506764800E-001  3.765939514364563E-011
  2.799999999999998E+001  2.303235379525597E-005  1.934096206072216E-001  1.574112383081650E-004  6.525125622519326E-002  1.033783473588233E-001  3.705970859274999E-011
  2.899999999999998E+001  2.231077663793298E-005  2.002345153111684E-001  1.568976102461177E-004  6.317885494049916E-002  1.070697995437989E-001  3.592098384022980E-011
  2.999999999999998E+001  2.163246772045212E-005  2.070592644776776E-001  1.564183740407962E-004  6.123395467146659E-002  1.107546209402916E-001  3.485256508224563E-011
  3.099999999999998E+001  2.099370136209132E-005  2.138838813316187E-001  1.559701999003742E-004  5.940784514027078E-002  1.144327276266490E-001  3.384967887494695E-011
  3.199999999999998E+001  2.039118567837286E-005  2.207083775472859E-001  1.555501667488686E-004  5.769030267535329E-002  1.181040432239724E-001  3.290667349287462E-011
  3.299999999999998E+001  1.982198024952291E-005  2.275327634684108E-001  1.551557080979512E-004  5.607201311168170E-002  1.217684976764675E-001  3.201839957127788E-011
  3.399999999999998E+001  1.928344880081499E-005  2.343570482916771E-001  1.547845599722055E-004  5.454467231051922E-002  1.254260262407592E-001  3.118026770168436E-011
  3.499999999999998E+001  1.877322121932170E-005  2.411812402207668E-001  1.544347176759328E-004  5.310087209693456E-002  1.290765687657265E-001  3.038818475616983E-011
  3.599999999999998E+001  1.828916125839658E-005  2.480053465963159E-001  1.541043997533253E-004  5.173398441214953E-002  1.327200691664575E-001  2.963848935783149E-011
  3.699999999999998E+001  1.782933880252169E-005  2.548293740060533E-001  1.537920177896628E-004  5.043806144292683E-002  1.363564750241288E-001  2.892789638835754E-011
  3.799999999999998E+001  1.739200594705169E-005  2.616533283785518E-001  1.534961509798937E-004  4.920775060708697E-002  1.399857372701535E-001  2.825344983302486E-011
  3.899999999999998E+001  1.697557629667745E-005  2.684772150633586E-001  1.532155246100771E-004  4.803822199485642E-002  1.436078099290819E-001  2.761248258224519E-011
  3.999999999999998E+001  1.657860699172697E-005  2.753010388997547E-001  1.529489917676194E-004  4.692510618824837E-002  1.472226499041706E-001  2.700258201036693E-011
  4.099999999999998E+001  1.619978305510653E-005  2.821248042759737E-001  1.526955177294447E-004  4.586444076038663E-002  1.508302167950985E-001  2.642156037587926E-011
  4.199999999999998E+001  1.583790372050664E-005  2.889485151803898E-001  1.524541665819935E-004  4.485262406835976E-002  1.544304727406671E-001  2.586742926693116E-011
  4.299999999999998E+001  1.549187045783344E-005  2.957721752459094E-001  1.522240897098260E-004  4.388637520211459E-002  1.580233822814061E-001  2.533837745779927E-011
  4.399999999999998E+001  1.516067645720643E-005  3.025957877885967E-001  1.520045158555692E-004  4.296269915126423E-002  1.616089122383574E-001  2.483275165444628E-011
  4.499999999999998E+001  1.484339737024891E-005  3.094193558413840E-001  1.517947425067470E-004  4.207885641228890E-002  1.651870316052061E-001  2.434903969740239E-011
  4.599999999999998E+001  1.453918313833265E-005  3.162428821835812E-001  1.515941284075174E-004  4.123233638872618E-002  1.687577114515557E-001  2.388585586289438E-011
  4.699999999999998E+001  1.424725076313734E-005  3.230663693667792E-001  1.514020870276973E-004  4.042083404293403E-002  1.723209248355940E-001  2.344192796219096E-011
  4.799999999999998E+001  1.396687789631952E-005  3.298898197376515E-001  1.512180808493884E-004  3.964222934477751E-002  1.758766467247276E-001  2.301608598737586E-011
  4.899999999999998E+001  1.369739714302459E-005  3.367132354580762E-001  1.510416163543149E-004  3.889456913395639E-002  1.794248539230189E-001  2.260725209138359E-011
  4.999999999999998E+001  1.343819098904309E-005  3.435366185229392E-001  1.508722396136875E-004  3.817605107165534E-002  1.829655250044558E-001  2.221443172283835E-011
  5.099999999999998E+001  1.318868727410846E-005  3.503599707759226E-001  1.507095323978135E-004  3.748500940612117E-002  1.864986402512441E-001  2.183670576335079E-011
  5.199999999999998E+001  1.294835514456485E-005  3.571832939235398E-001  1.505531087354085E-004  3.681990231752437E-002  1.900241815964384E-001  2.147322353750185E-011
  5.399999999999998E+001  1.249333936999111E-005  3.708298330797646E-001  1.502576745988465E-004  3.556315632258895E-002  1.970450113011728E-001  2.078652516808453E-011
  5.599999999999998E+001  1.206951595006250E-005  3.844762760302561E-001  1.499834276681743E-004  3.439347069464837E-002  2.040354646564707E-001  2.014759016812244E-011
  5.799999999999998E+001  1.167379773913711E-005  3.981226322565875E-001  1.497281706180222E-004  3.330270609587746E-002  2.109954372010532E-001  1.955195774637922E-011
  5.999999999999998E+001  1.130349108210062E-005  4.117689100217489E-001  1.494899986545215E-004  3.228315943401314E-002  2.179248502098213E-001  1.899537767528723E-011
  6.199999999999998E+001  1.095623377424183E-005  4.254151165596838E-001  1.492672534225989E-004  3.132807796799153E-002  2.248236494172746E-001  1.847412339926902E-011
  6.399999999999998E+001  1.062994588362096E-005  4.390612582305572E-001  1.490584844041309E-004  3.043153260131843E-002  2.316918028211717E-001  1.798492411749501E-011
  6.599999999999997E+001  1.032278907260138E-005  4.527073406487676E-001  1.488624173486535E-004  2.958829684642253E-002  2.385292987138729E-001  1.752489789447896E-011
  6.799999999999997E+001  1.003313271443966E-005  4.663533687891185E-001  1.486779282879205E-004  2.879374605463338E-002  2.453361440458828E-001  1.709149575056361E-011
  6.999999999999997E+001  9.759525523106815E-006  4.799993470753708E-001  1.485040220154107E-004  2.804377345955235E-002  2.521123630477008E-001  1.668245508942559E-011
  7.199999999999997E+001  9.500671683488067E-006  4.936452794544897E-001  1.483398141608395E-004  2.733471986837452E-002  2.588579960335977E-001  1.629576073076042E-011
  7.399999999999997E+001  9.255410675166525E-006  5.072911694592126E-001  1.481845161781291E-004  2.666331448461328E-002  2.655730983335423E-001  1.592961213856849E-011
  7.599999999999997E+001  9.022700143256745E-006  5.209370202610195E-001  1.480374227090240E-004  2.602662486109652E-002  2.722577393184561E-001  1.558239572210304E-011
  7.799999999999997E+001  8.801601295260745E-006  5.345828347151825E-001  1.478979008950589E-004  2.542201438266769E-002  2.789120014965843E-001  1.525266131388207E-011
  7.999999999999997E+001  8.591266401809889E-006  5.482286153992405E-001  1.477653812962068E-004  2.484710599070762E-002  2.855359796666989E-001  1.493910210643078E-011
  8.199999999999997E+001  8.390928057524736E-006  5.618743646459901E-001  1.476393501413232E-004  2.429975110720294E-002  2.921297801187935E-001  1.464053746791781E-011
  8.399999999999997E+001  8.199889920673113E-006  5.755200845718845E-001  1.475193426879627E-004  2.377800291023068E-002  2.986935198760294E-001  1.435589816576260E-011
  8.599999999999997E+001  8.017518700331704E-006  5.891657771015681E-001  1.474049375106047E-004  2.328009326711912E-002  3.052273259736552E-001  1.408421361355394E-011
  8.799999999999997E+001  7.843237200032681E-006  6.028114439891461E-001  1.472957515692880E-004  2.280441275503082E-002  3.117313347718849E-001  1.382460082540523E-011
  8.999999999999997E+001  7.676518259462207E-006  6.164570868366844E-001  1.471914359370146E-004  2.234949329801947E-002  3.182056913005296E-001  1.357625481706802E-011
  9.499999999999997E+001  7.289953697947961E-006  6.505710591622061E-001  1.469499461878729E-004  2.129642294570849E-002  3.342096774338802E-001  1.300074735849350E-011
  9.999999999999997E+001  6.941181703062602E-006  6.846849152500744E-001  1.467326828855622E-004  2.034633799660771E-002  3.500339813913744E-001  1.248110390168326E-011
  1.050000000000000E+002  6.624908288739961E-006  7.187986702524836E-001  1.465361759286009E-004  1.948488381417256E-002  3.656811819603700E-001  1.200945528830489E-011
  1.100000000000000E+002  6.336783250533485E-006  7.529123366652245E-001  1.463575868462172E-004  1.870006949858417E-002  3.811541446059564E-001  1.157922656207251E-011
  1.150000000000000E+002  6.073199067892973E-006  7.870259248861409E-001  1.461945717063685E-004  1.798197332346876E-002  3.964559347577705E-001  1.118499544213036E-011
  1.200000000000000E+002  5.831139144559134E-006  8.211394436383282E-001  1.460451779614392E-004  1.732231671218076E-002  4.115897559853448E-001  1.082225083829345E-011
  1.250000000000000E+002  5.608061724888160E-006  8.552529002948197E-001  1.459077660715963E-004  1.671413803525607E-002  4.265589055512027E-001  1.048720879589743E-011
  1.300000000000000E+002  5.401810095271683E-006  8.893663011305040E-001  1.457809492325768E-004  1.615154109484509E-002  4.413667405992779E-001  1.017667171326052E-011
  1.350000000000000E+002  5.210542394038248E-006  9.234796515196295E-001  1.456635465109730E-004  1.562949907561082E-002  4.560166513264975E-001  9.887919215533059E-012
  1.400000000000000E+002  5.032676218153671E-006  9.575929560921292E-001  1.455545460323560E-004  1.514370019338622E-002  4.705120391792624E-001  9.618622553257388E-012
  1.450000000000000E+002  4.866844515911371E-006  9.917062188584480E-001  1.454530757935222E-004  1.469042505231322E-002  4.848562989307550E-001  9.366776762370049E-012
  1.500000000000000E+002  4.711860174050816E-006  1.025819443310041E+000  1.453583803182829E-004  1.426644836830039E-002  4.990528038958261E-001  9.130646413096781E-012
  1.550000000000000E+002  4.566687365353369E-006  1.059932632500907E+000  1.452698018360955E-004  1.386895959786969E-002  5.131048937524392E-001  8.908721872234000E-012
  1.600000000000000E+002  4.430418198717481E-006  1.094045789114199E+000  1.451867649932825E-004  1.349549836647263E-002  5.270158645619542E-001  8.699683778986562E-012
  1.610000000000000E+002  4.404143798489849E-006  1.100868419191397E+000  1.451707723197512E-004  1.342332617202264E-002  5.297924172935524E-001  8.659275545030718E-012
  1.620000000000000E+002  4.378187930223056E-006  1.107691048041623E+000  1.451549773997740E-004  1.335205029014876E-002  5.325633589439760E-001  8.619347785295700E-012
  1.640000000000000E+002  4.327216860726296E-006  1.121336300942615E+000  1.451239683476914E-004  1.321209034615350E-002  5.380830675168750E-001  8.540839637012934E-012
  1.660000000000000E+002  4.277451567869014E-006  1.134981549181635E+000  1.450937071769745E-004  1.307537816167602E-002  5.435808353614229E-001  8.464059654591381E-012
  1.680000000000000E+002  4.228849478612109E-006  1.148626792889723E+000  1.450641670860073E-004  1.294180752510675E-002  5.490568865552110E-001  8.388956073971035E-012
  1.700000000000000E+002  4.181370010411205E-006  1.162272032191859E+000  1.450353225271790E-004  1.281126906792786E-002  5.545114381583692E-001  8.315473117785563E-012
  1.750000000000000E+002  4.067383973019089E-006  1.196385104200102E+000  1.449661116186687E-004  1.249794935655543E-002  5.680167559841378E-001  8.138620684546411E-012
  1.800000000000000E+002  3.959611482036873E-006  1.230498151622366E+000  1.449007451648682E-004  1.220136873849312E-002  5.813938625096000E-001  7.970794884104821E-012
  1.850000000000000E+002  3.857554973208072E-006  1.264611175945291E+000  1.448389105362404E-004  1.192020420367406E-002  5.946456249712917E-001  7.811277000644195E-012
  1.900000000000000E+002  3.760768654958737E-006  1.298724178503399E+000  1.447803280479498E-004  1.165325292165396E-002  6.077748923505790E-001  7.659417049816756E-012
  1.950000000000000E+002  3.668851970230215E-006  1.332837160498090E+000  1.447247467707418E-004  1.139943553401514E-002  6.207844675652300E-001  7.514636195880810E-012
  2.000000000000000E+002  3.581444011701788E-006  1.366950123013879E+000  1.446719409349295E-004  1.115778050602410E-002  6.336770931861130E-001  7.376415795913629E-012
  2.050000000000000E+002  3.498218738224160E-006  1.401063067032312E+000  1.446217068585247E-004  1.092741083252735E-002  6.464554445836846E-001  7.244288909658092E-012
  2.100000000000000E+002  3.418880864635678E-006  1.435175993443951E+000  1.445738603135691E-004  1.070753272360514E-002  6.591221267609506E-001  7.117833585404154E-012
  2.150000000000000E+002  3.343162318329980E-006  1.469288903058717E+000  1.445282342598910E-004  1.049742590523608E-002  6.716796730925647E-001  6.996667345163210E-012
  2.200000000000000E+002  3.270819174076518E-006  1.503401796614860E+000  1.444846768880564E-004  1.029643525837444E-002  6.841305451323169E-001  6.880442542024156E-012
  2.250000000000000E+002  3.201628993731187E-006  1.537514674786743E+000  1.444430499234919E-004  1.010396357989573E-002  6.964771330710016E-001  6.768842394759558E-012
  2.300000000000000E+002  3.135388509924159E-006  1.571627538191645E+000  1.444032271520588E-004  9.919465291112709E-003  7.087217566182353E-001  6.661577570342567E-012
  2.350000000000000E+002  3.071911603002647E-006  1.605740387395703E+000  1.443650931340934E-004  9.742440951137582E-003  7.208666661745130E-001  6.558383220445092E-012
  2.400000000000000E+002  3.011027528847802E-006  1.639853222919124E+000  1.443285420794183E-004  9.572432456967452E-003  7.329140442079888E-001  6.459016399513254E-012
  2.450000000000000E+002  2.952579362027511E-006  1.673966045240782E+000  1.442934768603140E-004  9.409018831816581E-003  7.448660067774610E-001  6.363253806550900E-012
  2.500000000000000E+002  2.896422624377826E-006  1.708078854802255E+000  1.442598081431232E-004  9.251812519141898E-003  7.567246051592785E-001  6.270889803330319E-012
  2.550000000000000E+002  2.842424073755575E-006  1.742191652011415E+000  1.442274536221887E-004  9.100456112837857E-003  7.684918275463647E-001  6.181734669857378E-012
  2.600000000000000E+002  2.790460631558675E-006  1.776304437245594E+000  1.441963373423391E-004  8.954619464812782E-003  7.801696007947185E-001  6.095613064325969E-012
  2.650000000000000E+002  2.740418430816365E-006  1.810417210854411E+000  1.441663890982121E-004  8.813997120053324E-003  7.917597921979178E-001  6.012362659965881E-012
  2.700000000000000E+002  2.692191969327641E-006  1.844529973162281E+000  1.441375439004465E-004  8.678306036687271E-003  8.032642112740305E-001  5.931832935415090E-012
  2.800000000000000E+002  2.600847769907558E-006  1.912755454375956E+000  1.440829422406773E-004  8.421117850727912E-003  8.259428622017497E-001  5.778538699184299E-012
  2.900000000000000E+002  2.515670245705841E-006  1.980980894273949E+000  1.440320802246199E-004  8.180673837985689E-003  8.483034934073233E-001  5.634596391805497E-012
  3.000000000000000E+002  2.436050509023973E-006  2.049206294676461E+000  1.439845838621512E-004  7.955344987390060E-003  8.703580282740959E-001  5.499101669836752E-012
  3.100000000000000E+002  2.361457442110805E-006  2.117431657177900E+000  1.439401274830701E-004  7.743707251682006E-003  8.921178578273090E-001  5.371279369538972E-012
  3.150000000000000E+002  2.325881783315734E-006  2.151544329213951E+000  1.439189428570645E-004  7.642469294003429E-003  9.029255408477799E-001  5.309985023470071E-012
  3.200000000000000E+002  2.291394245300946E-006  2.185656992201113E+000  1.438984148231219E-004  7.544209445251845E-003  9.136624893871869E-001  5.250348742744131E-012
  3.250000000000000E+002  2.257945170653469E-006  2.219769646294816E+000  1.438785130638623E-004  7.448792124214744E-003  9.243300805364043E-001  5.192306246560125E-012
  3.300000000000000E+002  2.225487905777423E-006  2.253882291641113E+000  1.438592091145173E-004  7.356092557907377E-003  9.349296115772363E-001  5.135794996656499E-012
  3.350000000000000E+002  2.193978568303798E-006  2.287994928377475E+000  1.438404762164004E-004  7.265992957519457E-003  9.454623226610906E-001  5.080753685360516E-012
  3.400000000000000E+002  2.163375840598808E-006  2.322107556633460E+000  1.438222891898041E-004  7.178382192569369E-003  9.559294080113097E-001  5.027123387872134E-012
  3.500000000000000E+002  2.104760859847209E-006  2.390332779967665E+000  1.437874681064801E-004  7.010454382438847E-003  9.766094951513028E-001  4.923966878588591E-012
  3.550000000000000E+002  2.076652163222215E-006  2.424445383499791E+000  1.437707812830681E-004  6.929699012213250E-003  9.868870826398641E-001  4.874259442317897E-012
  3.600000000000000E+002  2.049307030250160E-006  2.458557979000745E+000  1.437545532727341E-004  6.851047631346573E-003  9.971033498173894E-001  4.825747255374266E-012
  3.650000000000000E+002  2.022694457902628E-006  2.492670566568543E+000  1.437387652391689E-004  6.774415023626482E-003  1.007259359669537E+000  4.778388015636123E-012
  3.700000000000000E+002  1.996785113278288E-006  2.526783146295920E+000  1.437233993715495E-004  6.699722302008781E-003  1.017356124497971E+000  4.732140940742444E-012
  3.800000000000000E+002  1.946985454933570E-006  2.595008274928189E+000  1.436938746106212E-004  6.556054520349461E-003  1.037319765089171E+000  4.642902641309045E-012
  3.900000000000000E+002  1.899681119095777E-006  2.663233373367340E+000  1.436658462877546E-004  6.419275548571471E-003  1.057060335114906E+000  4.557665647258485E-012
  3.950000000000000E+002  1.876897819997960E-006  2.697345915141864E+000  1.436523547190681E-004  6.353224708644864E-003  1.066875756030934E+000  4.516426657584726E-012
  4.000000000000000E+002  1.854671145216860E-006  2.731458449540054E+000  1.436391964409440E-004  6.288717289232939E-003  1.076637242673147E+000  4.476076112983073E-012
  4.050000000000000E+002  1.832980734245513E-006  2.765570976627015E+000  1.436263591363399E-004  6.225697317155466E-003  1.086345656540842E+000  4.436587258121940E-012
  4.100000000000000E+002  1.811807217875835E-006  2.799683496464612E+000  1.436138310936432E-004  6.164112570814672E-003  1.096001815402505E+000  4.397933310102931E-012
  4.150000000000000E+002  1.791132155141812E-006  2.833796009111749E+000  1.436016011670397E-004  6.103913122175016E-003  1.105606506188515E+000  4.360087556058973E-012
  4.200000000000000E+002  1.770937977027789E-006  2.867908514624576E+000  1.435896587423085E-004  6.045051297337439E-003  1.115160490987547E+000  4.323023990128667E-012
  4.300000000000000E+002  1.731939252909681E-006  2.936133497447066E+000  1.435666013284526E-004  5.931300557399558E-003  1.134071027218442E+000  4.251203366889047E-012
  4.400000000000000E+002  1.694671278222954E-006  3.004358452454262E+000  1.435445777943844E-004  5.822367859287145E-003  1.152789377523110E+000  4.182231447771398E-012
  4.500000000000000E+002  1.659020302515617E-006  3.072583380002240E+000  1.435235195187962E-004  5.717943641443468E-003  1.171320715786770E+000  4.115926369042026E-012
  4.600000000000000E+002  1.624882359221354E-006  3.140808280417717E+000  1.435033638388840E-004  5.617744485511300E-003  1.189670028257741E+000  4.052126153336638E-012
  4.700000000000000E+002  1.592162241282604E-006  3.209033154000822E+000  1.434840534199962E-004  5.521510795473716E-003  1.207842089909880E+000  3.990683503880644E-012
  4.800000000000000E+002  1.560772597860053E-006  3.277258001027702E+000  1.434655357008998E-004  5.429004181555845E-003  1.225841466624219E+000  3.931463205644829E-012
  4.900000000000000E+002  1.530633139339721E-006  3.345482821752882E+000  1.434477624065414E-004  5.340005278942031E-003  1.243672524153395E+000  3.874340617815668E-012
  5.000000000000000E+002  1.501669936641101E-006  3.413707616411357E+000  1.434306891191902E-004  5.254311857770593E-003  1.261339438722505E+000  3.819200552609127E-012
  5.100000000000000E+002  1.473814802272691E-006  3.481932385220457E+000  1.434142749000430E-004  5.171737162996725E-003  1.278846207761897E+000  3.765936344959669E-012
  5.200000000000000E+002  1.447004742300617E-006  3.550157128381505E+000  1.433984819545257E-004  5.092108447362288E-003  1.296196660275346E+000  3.714449048721153E-012
  5.300000000000000E+002  1.421181469958782E-006  3.618381846081283E+000  1.433832753355268E-004  5.015265670186298E-003  1.313394466668936E+000  3.664646730565090E-012
  5.400000000000000E+002  1.396290972971613E-006  3.686606538493356E+000  1.433686226796423E-004  4.941060339878236E-003  1.330443147986264E+000  3.616443844464199E-012
  5.500000000000000E+002  1.372283127797745E-006  3.754831205779237E+000  1.433544939722318E-004  4.869354481680257E-003  1.347346084546342E+000  3.569760674650915E-012
  5.600000000000000E+002  1.349111354963728E-006  3.823055848089453E+000  1.433408613376758E-004  4.800019714937267E-003  1.364106524003412E+000  3.524522837659620E-012
  5.700000000000000E+002  1.326732310468960E-006  3.891280465564479E+000  1.433276988517384E-004  4.732936426461155E-003  1.380727588858147E+000  3.480660835817736E-012
  5.800000000000000E+002  1.305105608930899E-006  3.959505058335585E+000  1.433149823733634E-004  4.667993028435818E-003  1.397212283453896E+000  3.438109655814428E-012
  5.900000000000000E+002  1.284193574723523E-006  4.027729626525614E+000  1.433026893935929E-004  4.605085290887574E-003  1.413563500492615E+000  3.396808406946602E-012
  6.000000000000000E+002  1.263961017859110E-006  4.095954170249658E+000  1.432907988996114E-004  4.544115740079034E-003  1.429784027104595E+000  3.356699994417579E-012
  6.100000000000000E+002  1.244375031787543E-006  4.164178689615690E+000  1.432792912521725E-004  4.484993115317804E-003  1.445876550504618E+000  3.317730823699769E-012
  6.200000000000000E+002  1.225404810650369E-006  4.232403184725123E+000  1.432681480749001E-004  4.427631877638168E-003  1.461843663265376E+000  3.279850532502253E-012
  6.300000000000000E+002  1.207021483838162E-006  4.300627655673327E+000  1.432573521541387E-004  4.371951764641786E-003  1.477687868236959E+000  3.243011747330528E-012
  6.400000000000000E+002  1.189197965967559E-006  4.368852102550091E+000  1.432468873481996E-004  4.317877386494575E-003  1.493411583139205E+000  3.207169862004734E-012
  6.500000000000000E+002  1.171908820625202E-006  4.437076525440044E+000  1.432367385049888E-004  4.265337858689471E-003  1.509017144851679E+000  3.172282835826903E-012
  6.600000000000000E+002  1.155130136425305E-006  4.505300924423044E+000  1.432268913871265E-004  4.214266467713850E-003  1.524506813424201E+000  3.138311009366083E-012
  6.700000000000000E+002  1.138839414100451E-006  4.573525299574531E+000  1.432173326037759E-004  4.164600366218569E-003  1.539882775828969E+000  3.105216936070705E-012
  6.800000000000000E+002  1.123015463495157E-006  4.641749650965837E+000  1.432080495484874E-004  4.116280294683218E-003  1.555147149473729E+000  3.072965228125311E-012
  6.900000000000000E+002  1.107638309462405E-006  4.709973978664494E+000  1.431990303424489E-004  4.069250326918188E-003  1.570301985493826E+000  3.041522415149814E-012
  7.000000000000000E+002  1.092689105777033E-006  4.778198282734490E+000  1.431902637826003E-004  4.023457637045860E-003  1.585349271839555E+000  3.010856814496666E-012
  7.100000000000000E+002  1.078150056279409E-006  4.846422563236521E+000  1.431817392941332E-004  3.978852285866790E-003  1.600290936173906E+000  2.980938412039045E-012
  7.200000000000000E+002  1.064004342549815E-006  4.914646820228223E+000  1.431734468869469E-004  3.935387024747637E-003  1.615128848594576E+000  2.951738752463480E-012
  7.400000000000000E+002  1.036840576153763E-006  5.051095240557625E+000  1.431575249014027E-004  3.851834489305865E-003  1.644402503454859E+000  2.895461616536520E-012
  7.600000000000000E+002  1.011068536550248E-006  5.187543567620508E+000  1.431424236283880E-004  3.772321115556010E-003  1.673287018401911E+000  2.841752740254424E-012
  7.700000000000000E+002  9.986664803843400E-007  5.255767707886647E+000  1.431351592712086E-004  3.733925497463375E-003  1.687633825712948E+000  2.815772309737795E-012
  7.800000000000000E+002  9.865740452591444E-007  5.323991824932435E+000  1.431280773234542E-004  3.696433620976436E-003  1.701886883379480E+000  2.790363831017041E-012
  7.900000000000000E+002  9.747796593957801E-007  5.392215918799692E+000  1.431211709283995E-004  3.659812863897130E-003  1.716047769616239E+000  2.765509598540319E-012
  8.000000000000000E+002  9.632723249069799E-007  5.460439989528110E+000  1.431144335711397E-004  3.624032178259005E-003  1.730117998766416E+000  2.741191280203197E-012
  8.200000000000000E+002  9.410851349390276E-007  5.596888038710857E+000  1.431014443105214E-004  3.554976089612166E-003  1.757906226558643E+000  2.694147367916902E-012
  8.400000000000000E+002  9.199260370362049E-007  5.733335995888822E+000  1.430890602133137E-004  3.488932845099026E-003  1.785352770339637E+000  2.649042134360792E-012
  8.600000000000000E+002  8.997245171731837E-007  5.869783861313646E+000  1.430772395437053E-004  3.425701993564218E-003  1.812467897501618E+000  2.605748564175236E-012
  8.800000000000000E+002  8.804163889728659E-007  6.006231635218773E+000  1.430659443323355E-004  3.365100901180278E-003  1.839261444930621E+000  2.564152831066585E-012
  9.000000000000000E+002  8.619431001366222E-007  6.142679317820960E+000  1.430551399607799E-004  3.306962713569820E-003  1.865742813345999E+000  2.524151109834268E-012
  9.200000000000000E+002  8.442511268431164E-007  6.279126909321898E+000  1.430447947992650E-004  3.251134630403167E-003  1.891920984566298E+000  2.485648212687760E-012
  9.400000000000000E+002  8.272914443523324E-007  6.415574409909721E+000  1.430348798903188E-004  3.197476431882833E-003  1.917804543419498E+000  2.448556624163106E-012
  9.600000000000000E+002  8.110190630559480E-007  6.552021819760366E+000  1.430253686717730E-004  3.145859194615514E-003  1.943401700322039E+000  2.412795703788639E-012
  9.800000000000000E+002  7.953926207915448E-007  6.688469139038771E+000  1.430162367335435E-004  3.096164164994476E-003  1.968720313194231E+000  2.378291001389231E-012
  1.000000000000000E+003  7.803740236434945E-007  6.824916367899936E+000  1.430074616034890E-004  3.048281766629933E-003  1.993767908206957E+000  2.344973659752279E-012
  1.020000000000000E+003  7.659281286428291E-007  6.961363506489894E+000  1.429990225583716E-004  3.002110722964694E-003  2.018551699195411E+000  2.312779888848363E-012
  1.040000000000000E+003  7.520224627751977E-007  7.097810554946525E+000  1.429909004565523E-004  2.957557279463559E-003  2.043078605726225E+000  2.281650500340874E-012
  1.060000000000000E+003  7.386269735397277E-007  7.234257513400324E+000  1.429830775895594E-004  2.914534512263949E-003  2.067355269870788E+000  2.251530493735653E-012
  1.080000000000000E+003  7.257138069995990E-007  7.370704381975058E+000  1.429755375500906E-004  2.872961712174114E-003  2.091388071765021E+000  2.222368687218611E-012
  1.100000000000000E+003  7.132571098507145E-007  7.507151160788347E+000  1.429682651143618E-004  2.832763834540593E-003  2.115183144044780E+000  2.194117387433076E-012
  1.120000000000000E+003  7.012328525274130E-007  7.643597849952212E+000  1.429612461370150E-004  2.793871006863134E-003  2.138746385246171E+000  2.166732093358924E-012
  1.140000000000000E+003  6.896186707797057E-007  7.780044449573544E+000  1.429544674570466E-004  2.756218087170539E-003  2.162083472255937E+000  2.140171230174367E-012
  1.160000000000000E+003  6.783937235080683E-007  7.916490959754515E+000  1.429479168134302E-004  2.719744267127228E-003  2.185199871891353E+000  2.114395909564982E-012
  1.180000000000000E+003  6.675385649401240E-007  8.052937380592969E+000  1.429415827692855E-004  2.684392714649866E-003  2.208100851682551E+000  2.089369713427649E-012
  1.200000000000000E+003  6.570350294874089E-007  8.189383712182769E+000  1.429354546436006E-004  2.650110251501509E-003  2.230791489923880E+000  2.065058498322012E-012
  1.220000000000000E+003  6.468661278370185E-007  8.325829954614088E+000  1.429295224496422E-004  2.616847061917796E-003  2.253276685054807E+000  2.041430218364655E-012
  1.240000000000000E+003  6.370159530183065E-007  8.462276107973702E+000  1.429237768393016E-004  2.584556428822041E-003  2.275561164425270E+000  2.018454764552833E-012
  1.260000000000000E+003  6.274695953438185E-007  8.598722172345241E+000  1.429182090527180E-004  2.553194494617390E-003  2.297649492495214E+000  1.996103818754501E-012
  1.280000000000000E+003  6.182130652604429E-007  8.735168147809404E+000  1.429128108726049E-004  2.522720043915333E-003  2.319546078513414E+000  1.974350720816062E-012
  1.300000000000000E+003  6.092332232646956E-007  8.871614034444171E+000  1.429075745827733E-004  2.493094305880222E-003  2.341255183716524E+000  1.953170347424710E-012
  1.320000000000000E+003  6.005177161380166E-007  9.008059832324998E+000  1.429024929304087E-004  2.464280774146620E-003  2.362780928085458E+000  1.932539001522718E-012
  1.340000000000000E+003  5.920549188462759E-007  9.144505541524969E+000  1.428975590917115E-004  2.436245042506604E-003  2.384127296692893E+000  1.912434311210366E-012
  1.360000000000000E+003  5.838338815243871E-007  9.280951162114972E+000  1.428927666405543E-004  2.408954654773151E-003  2.405298145672596E+000  1.892835137195597E-012
  1.380000000000000E+003  5.758442810336762E-007  9.417396694163809E+000  1.428881095198527E-004  2.382378967407674E-003  2.426297207838594E+000  1.873721487954262E-012
  1.400000000000000E+003  5.680763766378550E-007  9.553842137738364E+000  1.428835820153779E-004  2.356489023658734E-003  2.447128097979727E+000  1.855074441857531E-012
  1.450000000000000E+003  5.495772455274182E-007  9.894955194914328E+000  1.428727989814049E-004  2.294756099689265E-003  2.498199621770866E+000  1.810489003834077E-012
  1.500000000000000E+003  5.322752152817916E-007  1.023606770120108E+001  1.428627157444621E-004  2.236729839762189E-003  2.548313235021223E+000  1.768447979408571E-012
  1.510000000000000E+003  5.289458996006325E-007  1.030429018041335E+001  1.428607762658399E-004  2.225499767627258E-003  2.558298210486913E+000  1.760302485563054E-012
  1.520000000000000E+003  5.256591264716928E-007  1.037251263759096E+001  1.428588616359647E-004  2.214402596673763E-003  2.568245924529238E+000  1.752246413491837E-012
  1.540000000000000E+003  5.192110393366049E-007  1.050895746388711E+001  1.428551053836865E-004  2.192616158000266E-003  2.587995288436349E+000  1.736410217064389E-012
  1.560000000000000E+003  5.129234707923215E-007  1.064540220218065E+001  1.428514428853462E-004  2.171332486162847E-003  2.607601481933664E+000  1.720919730479020E-012
  1.580000000000000E+003  5.067904354908727E-007  1.078184685252659E+001  1.428478706354516E-004  2.150533623310195E-003  2.627067303946855E+000  1.705763182325921E-012
  1.600000000000000E+003  5.008062438952699E-007  1.091829141497836E+001  1.428443853021718E-004  2.130202454826115E-003  2.646395457724503E+000  1.690929367722510E-012
  1.620000000000000E+003  4.949654840673361E-007  1.105473588958801E+001  1.428409837166536E-004  2.110322668606318E-003  2.665588559664339E+000  1.676407547955940E-012
  1.640000000000000E+003  4.892630048177716E-007  1.119118027640637E+001  1.428376628631174E-004  2.090878711206108E-003  2.684649146142617E+000  1.662187439562092E-012
  1.660000000000000E+003  4.836939001000263E-007  1.132762457548318E+001  1.428344198696800E-004  2.071855746089839E-003  2.703579678624115E+000  1.648259201707762E-012
  1.680000000000000E+003  4.782534945305520E-007  1.146406878686717E+001  1.428312519998386E-004  2.053239613733885E-003  2.722382547705922E+000  1.634613419054858E-012
  1.700000000000000E+003  4.729373299350066E-007  1.160051291060607E+001  1.428281566445560E-004  2.035016793871370E-003  2.741060076481704E+000  1.621241082652987E-012
  1.710000000000000E+003  4.703241112245258E-007  1.166873495056655E+001  1.428266352479865E-004  2.026041834322797E-003  2.750367827201151E+000  1.614650754170068E-012
  1.720000000000000E+003  4.677403862306193E-007  1.173695696862465E+001  1.428251310616896E-004  2.017160525737124E-003  2.759644866627755E+000  1.608125314309303E-012
  1.740000000000000E+003  4.626601583469102E-007  1.187340091719185E+001  1.428221733946993E-004  1.999686265622999E-003  2.778078160251337E+000  1.595273713119161E-012
  1.760000000000000E+003  4.576919776275574E-007  1.200984477825353E+001  1.428192811080309E-004  1.982568305276056E-003  2.796392754784306E+000  1.582671194847049E-012
  1.780000000000000E+003  4.528321382638927E-007  1.214628855185340E+001  1.428164520339440E-004  1.965795316604285E-003  2.814590709597407E+000  1.570309932813596E-012
  1.800000000000000E+003  4.480770968338903E-007  1.228273223803471E+001  1.428136840999476E-004  1.949356469743725E-003  2.832674038171668E+000  1.558182582886935E-012
  1.820000000000000E+003  4.434234635571758E-007  1.241917583684011E+001  1.428109753236496E-004  1.933241399417706E-003  2.850644704974002E+000  1.546282142151420E-012
  1.840000000000000E+003  4.388679940633213E-007  1.255561934831162E+001  1.428083238079119E-004  1.917440176492717E-003  2.868504625187680E+000  1.534601908305865E-012
  1.860000000000000E+003  4.344075816695685E-007  1.269206277249061E+001  1.428057277363081E-004  1.901943283726540E-003  2.886255665393675E+000  1.523135456279718E-012
  1.880000000000000E+003  4.300392501395132E-007  1.282850610941779E+001  1.428031853688670E-004  1.886741593803199E-003  2.903899644653873E+000  1.511876620548302E-012
  1.900000000000000E+003  4.257601468914812E-007  1.296494935913324E+001  1.428006950380817E-004  1.871826349060905E-003  2.921438335763410E+000  1.500819480332877E-012
  1.950000000000000E+003  4.154389069467186E-007  1.330605693911191E+001  1.427946877429498E-004  1.835811873066640E-003  2.964649384720447E+000  1.474071806565182E-012
  2.000000000000000E+003  4.056182200051801E-007  1.364716397531944E+001  1.427889723637888E-004  1.801406107854177E-003  3.007248688746918E+000  1.448464973168791E-012
  2.010000000000000E+003  4.037100067881045E-007  1.371538536080271E+001  1.427878621424930E-004  1.794690140849414E-003  3.015744369626608E+000  1.443462814833825E-012
  2.020000000000000E+003  4.018201252108017E-007  1.378360672453454E+001  1.427867626061995E-004  1.788033483284566E-003  3.024216118266905E+000  1.438501937524749E-012
  2.040000000000000E+003  3.980947403980316E-007  1.392004936504547E+001  1.427845951093046E-004  1.774903641447955E-003  3.041065416084140E+000  1.428708451622817E-012
  2.060000000000000E+003  3.944395311680995E-007  1.405649191864044E+001  1.427824685160129E-004  1.762001436305853E-003  3.057822000651996E+000  1.419076468152594E-012
  2.080000000000000E+003  3.908525120359426E-007  1.419293438535537E+001  1.427803816667319E-004  1.749320739637262E-003  3.074487312747963E+000  1.409601876351100E-012
  2.100000000000000E+003  3.873317722696695E-007  1.432937676522527E+001  1.427783334455924E-004  1.736855636646402E-003  3.091062748944267E+000  1.400280702616949E-012
  2.150000000000000E+003  3.788107805001341E-007  1.467048217277993E+001  1.427733757910553E-004  1.706656425071735E-003  3.131957111587288E+000  1.377662574665433E-012
  2.200000000000000E+003  3.706654261408377E-007  1.501158703868069E+001  1.427686370675421E-004  1.677680650056394E-003  3.172326015680809E+000  1.355921323860062E-012
  2.250000000000000E+003  3.628711706073987E-007  1.535269136339964E+001  1.427641029451203E-004  1.649851823571702E-003  3.212187701257477E+000  1.335002802509740E-012
  2.300000000000000E+003  3.554055766676789E-007  1.569379514739929E+001  1.427597603238289E-004  1.623100012159885E-003  3.251559538478845E+000  1.314858349952015E-012
  2.350000000000000E+003  3.482480886977144E-007  1.603489839112864E+001  1.427555972045669E-004  1.597361036355319E-003  3.290457981162519E+000  1.295443467682578E-012
  2.400000000000000E+003  3.413798392834719E-007  1.637600109502223E+001  1.427516025756383E-004  1.572575851632547E-003  3.328898591332737E+000  1.276717209063743E-012
  2.450000000000000E+003  3.347834790080297E-007  1.671710325950014E+001  1.427477663129742E-004  1.548690028066131E-003  3.366896084278075E+000  1.258641769805770E-012
  2.500000000000000E+003  3.284430263802225E-007  1.705820488496834E+001  1.427440790922028E-004  1.525653298850141E-003  3.404464378335648E+000  1.241182166224292E-012
  2.550000000000000E+003  3.223437352220326E-007  1.739930597181908E+001  1.427405323109756E-004  1.503419163390425E-003  3.441616644109172E+000  1.224305963921698E-012
  2.600000000000000E+003  3.164719772045868E-007  1.774040652043140E+001  1.427371180201846E-004  1.481944536066095E-003  3.478365351370635E+000  1.207983041690066E-012
  2.650000000000000E+003  3.108151375558621E-007  1.808150653117156E+001  1.427338288629089E-004  1.461189434143350E-003  3.514722313147796E+000  1.192185383066467E-012
  2.700000000000000E+003  3.053615222492843E-007  1.842260600439358E+001  1.427306580200943E-004  1.441116699645932E-003  3.550698726950992E+000  1.176886890935589E-012
  2.750000000000000E+003  3.001002752248113E-007  1.876370494043961E+001  1.427275991621148E-004  1.421691750864240E-003  3.586305213253145E+000  1.162063221902477E-012
  2.800000000000000E+003  2.950213043988369E-007  1.910480333964044E+001  1.427246464054869E-004  1.402882359841744E-003  3.621551851389054E+000  1.147691637866832E-012
  2.850000000000000E+003  2.901152153922761E-007  1.944590120231589E+001  1.427217942741050E-004  1.384658452701884E-003  3.656448213050953E+000  1.133750872679591E-012
  2.900000000000000E+003  2.853732520526989E-007  1.978699852877525E+001  1.427190376644595E-004  1.366991930111373E-003  3.691003393552624E+000  1.120221012086928E-012
  2.950000000000000E+003  2.807872429707529E-007  2.012809531931768E+001  1.427163718143641E-004  1.349856505539159E-003  3.725226041023894E+000  1.107083385420522E-012
  3.000000000000000E+003  2.763495532969758E-007  2.046919157423265E+001  1.427137922747880E-004  1.333227559278033E-003  3.759124383685448E+000  1.094320467700220E-012
  3.050000000000000E+003  2.720530412554589E-007  2.081028729380026E+001  1.427112948844378E-004  1.317082006458150E-003  3.792706255341818E+000  1.081915790988750E-012
  3.100000000000000E+003  2.678910188281530E-007  2.115138247829171E+001  1.427088757467814E-004  1.301398177506277E-003  3.825979119219145E+000  1.069853863985332E-012
  3.150000000000000E+003  2.638572161499685E-007  2.149247712796958E+001  1.427065312092422E-004  1.286155709697341E-003  3.858950090263923E+000  1.058120098970859E-012
  3.200000000000000E+003  2.599457492119055E-007  2.183357124308828E+001  1.427042578443312E-004  1.271335448610924E-003  3.891625956009408E+000  1.046700745325566E-012
  3.250000000000000E+003  2.561510905186852E-007  2.217466482389434E+001  1.427020524325057E-004  1.256919358448823E-003  3.924013196107867E+000  1.035582828933503E-012
  3.300000000000000E+003  2.524680423899139E-007  2.251575787062680E+001  1.426999119465757E-004  1.242890440293926E-003  3.956118000619004E+000  1.024754096869048E-012
  3.350000000000000E+003  2.488917126306889E-007  2.285685038351752E+001  1.426978335374953E-004  1.229232657498435E-003  3.987946287137968E+000  1.014202966830937E-012
  3.400000000000000E+003  2.454174923295862E-007  2.319794236279150E+001  1.426958145213990E-004  1.215930867483208E-003  4.019503716839958E+000  1.003918480850500E-012
  3.450000000000000E+003  2.420410355698421E-007  2.353903380866722E+001  1.426938523677554E-004  1.202970759311672E-003  4.050795709512709E+000  9.938902628541047E-013
  3.500000000000000E+003  2.387582408638581E-007  2.388012472135695E+001  1.426919446885297E-004  1.190338796473158E-003  4.081827457642923E+000  9.841084797065679E-013
  3.550000000000000E+003  2.355652341424036E-007  2.422121510106702E+001  1.426900892282540E-004  1.178022164372953E-003  4.112603939617927E+000  9.745638054031533E-013
  3.600000000000000E+003  2.324583531485060E-007  2.456230494799812E+001  1.426882838549193E-004  1.166008722081177E-003  4.143129932099577E+000  9.652473881137150E-013
  3.650000000000000E+003  2.294341331023434E-007  2.490339426234560E+001  1.426865265516091E-004  1.154286957940735E-003  4.173410021623353E+000  9.561508198141610E-013
  3.700000000000000E+003  2.264892935178135E-007  2.524448304429970E+001  1.426848154088077E-004  1.142845948677021E-003  4.203448615472062E+000  9.472661082682743E-013
  3.750000000000000E+003  2.236207260640940E-007  2.558557129404582E+001  1.426831486173170E-004  1.131675321689423E-003  4.233249951870176E+000  9.385856511475217E-013
  3.800000000000000E+003  2.208254833766661E-007  2.592665901176483E+001  1.426815244617296E-004  1.120765220237740E-003  4.262818109541729E+000  9.301022120982741E-013
  3.850000000000000E+003  2.181007687321339E-007  2.626774619763320E+001  1.426799413144054E-004  1.110106271265892E-003  4.292157016671948E+000  9.218088985851143E-013
  3.900000000000000E+003  2.154439265098986E-007  2.660883285182336E+001  1.426783976299078E-004  1.099689555631235E-003  4.321270459310088E+000  9.136991413560696E-013
  4.000000000000000E+003  2.103252234650545E-007  2.729100403520212E+001  1.426754231831376E-004  1.079586017691102E-003  4.378619446633109E+000  8.980337147860768E-013
  4.100000000000000E+003  2.054491316724599E-007  2.797317309482872E+001  1.426725898135378E-004  1.060350948144484E-003  4.435117312069968E+000  8.830284850801455E-013
  4.150000000000000E+003  2.030961054935509E-007  2.831425709376186E+001  1.426712227593493E-004  1.051024393421716E-003  4.463157685163861E+000  8.757472612182600E-013
  4.200000000000000E+003  2.007975324547560E-007  2.865534056198101E+001  1.426698873599605E-004  1.041894663724751E-003  4.490992767741961E+000  8.686156873716976E-013
  4.250000000000000E+003  1.985515305994680E-007  2.899642349963609E+001  1.426685825205534E-004  1.032955399254299E-003  4.518625556796830E+000  8.616293092785846E-013
  4.300000000000000E+003  1.963563041606672E-007  2.933750590687199E+001  1.426673071964763E-004  1.024200475540997E-003  4.546058926848567E+000  8.547836121527353E-013
  4.350000000000000E+003  1.942101385685754E-007  2.967858778383125E+001  1.426660603903526E-004  1.015624023436387E-003  4.573295667170009E+000  8.480742151104043E-013
  4.400000000000000E+003  1.921113958831043E-007  3.001966913065467E+001  1.426648411494220E-004  1.007220424017642E-003  4.600338491385308E+000  8.414969111115369E-013
  4.500000000000000E+003  1.880509274322710E-007  3.070182970521282E+001  1.426624819941418E-004  9.909376769343602E-004  4.653665982067259E+000  8.287435948486853E-013
  4.600000000000000E+003  1.841621266843675E-007  3.138398816174380E+001  1.426602226354832E-004  9.752822725025970E-004  4.706255089976406E+000  8.164706983222464E-013
  4.700000000000000E+003  1.804342615200473E-007  3.206614450130404E+001  1.426580568302739E-004  9.602172609263220E-004  4.758124815884829E+000  8.046502909840701E-013
  4.750000000000000E+003  1.786271682853747E-007  3.240722214188420E+001  1.426570071001344E-004  9.528836384827772E-004  4.783882785877450E+000  7.988926753689752E-013
  4.800000000000000E+003  1.768566994068129E-007  3.274829925340099E+001  1.426559786548423E-004  9.456855412010350E-004  4.809466161570538E+000  7.932389806858929E-013
  4.850000000000000E+003  1.751217450852198E-007  3.308937583597999E+001  1.426549708490510E-004  9.386191268683419E-004  4.834877077928425E+000  7.876864682936126E-013
  4.900000000000000E+003  1.734212400976826E-007  3.343045188974452E+001  1.426539830633469E-004  9.316806744721426E-004  4.860117607975470E+000  7.822323457742367E-013
  5.000000000000000E+003  1.701202191888804E-007  3.411260188331971E+001  1.426520653670295E-004  9.181942663089155E-004  4.909930779490537E+000  7.716245707791593E-013
  5.100000000000000E+003  1.669451623886060E-007  3.479474976390137E+001  1.426502208835455E-004  9.051767984601774E-004  4.959091542780365E+000  7.613778513959386E-013
  5.200000000000000E+003  1.638889479633347E-007  3.547689553245185E+001  1.426484454712901E-004  8.926032943652800E-004  5.007614889981530E+000  7.514731537307803E-013
  5.300000000000000E+003  1.609449829014478E-007  3.615903918991750E+001  1.426467352963295E-004  8.804505721820762E-004  5.055515163566374E+000  7.418929239575621E-013
  5.400000000000000E+003  1.581071545949399E-007  3.684118073723123E+001  1.426450868042655E-004  8.686970605955259E-004  5.102806113893637E+000  7.326207984960586E-013
  5.500000000000000E+003  1.553697877294291E-007  3.752332017531552E+001  1.426434966951362E-004  8.573226601987110E-004  5.149500957495060E+000  7.236415001655321E-013
  5.600000000000000E+003  1.527276057648818E-007  3.820545750508430E+001  1.426419619009905E-004  8.463086203939735E-004  5.195612420874611E+000  7.149407556214895E-013
  5.700000000000000E+003  1.501756964360978E-007  3.888759272744429E+001  1.426404795658022E-004  8.356374277586038E-004  5.241152775062812E+000  7.065052173871117E-013
  5.800000000000000E+003  1.477094807848010E-007  3.956972584329571E+001  1.426390470274408E-004  8.252927049354636E-004  5.286133864748698E+000  6.983223910094107E-013
  5.900000000000000E+003  1.453246853053852E-007  4.025185685353302E+001  1.426376618014578E-004  8.152591191726390E-004  5.330567133796383E+000  6.903805681547981E-013
  6.000000000000000E+003  1.430173168435821E-007  4.093398575904542E+001  1.426363215664751E-004  8.055222995639525E-004  5.374463648001672E+000  6.826687656175445E-013
  6.100000000000000E+003  1.407836399349315E-007  4.161611256071726E+001  1.426350241509957E-004  7.960687620747048E-004  5.417834115565862E+000  6.751766698306973E-013
  6.200000000000000E+003  1.386201563102283E-007  4.229823725942835E+001  1.426337675214762E-004  7.868858415191388E-004  5.460688905611727E+000  6.678945863708877E-013
  6.300000000000000E+003  1.365235863295502E-007  4.298035985605419E+001  1.426325497715223E-004  7.779616297479820E-004  5.503038064996076E+000  6.608133939586841E-013
  6.400000000000000E+003  1.344908521360425E-007  4.366248035146612E+001  1.426313691120861E-004  7.692849193910903E-004  5.544891333632222E+000  6.539245024987046E-013
  6.500000000000000E+003  1.325190623461233E-007  4.434459874653144E+001  1.426302238625578E-004  7.608451525775231E-004  5.586258158506380E+000  6.472198147517837E-013
  6.600000000000000E+003  1.306054981148076E-007  4.502671504211352E+001  1.426291124426582E-004  7.526323741232000E-004  5.627147706548030E+000  6.406916912769616E-013
  6.700000000000000E+003  1.287476004339508E-007  4.570882923907173E+001  1.426280333650491E-004  7.446371887354328E-004  5.667568876493795E+000  6.343329183217551E-013
  6.800000000000000E+003  1.269429585377901E-007  4.639094133826158E+001  1.426269852285882E-004  7.368507218351926E-004  5.707530309866440E+000  6.281366783750488E-013
  6.900000000000000E+003  1.251892993046110E-007  4.707305134053450E+001  1.426259667121630E-004  7.292645836429982E-004  5.747040401174767E+000  6.220965231284077E-013
  7.000000000000000E+003  1.234844775559571E-007  4.775515924673797E+001  1.426249765690492E-004  7.218708362136757E-004  5.786107307426207E+000  6.162063486191842E-013
  7.100000000000000E+003  1.218264671658200E-007  4.843726505771534E+001  1.426240136217378E-004  7.146619631397306E-004  5.824738957031801E+000  6.104603723530336E-013
  7.200000000000000E+003  1.202133529018835E-007  4.911936877430583E+001  1.426230767571909E-004  7.076308416733375E-004  5.862943058172491E+000  6.048531122247421E-013
  7.300000000000000E+003  1.186433229293693E-007  4.980147039734432E+001  1.426221649224811E-004  7.007707170435523E-004  5.900727106686342E+000  5.993793670750530E-013
  7.400000000000000E+003  1.171146619154673E-007  5.048356992766144E+001  1.426212771207810E-004  6.940751787687977E-004  5.938098393528177E+000  5.940341987377644E-013
  7.500000000000000E+003  1.156257446788914E-007  5.116566736608335E+001  1.426204124076707E-004  6.875381387853395E-004  5.975064011846097E+000  5.888129154460393E-013
  7.600000000000000E+003  1.141750303348873E-007  5.184776271343170E+001  1.426195698877319E-004  6.811538112307599E-004  6.011630863713138E+000  5.837110564798816E-013
  7.700000000000000E+003  1.127610568911300E-007  5.252985597052353E+001  1.426187487114065E-004  6.749166937376060E-004  6.047805666547175E+000  5.787243779482976E-013
  7.800000000000000E+003  1.113824362544784E-007  5.321194713817118E+001  1.426179480720919E-004  6.688215501067813E-004  6.083594959247456E+000  5.738488396099401E-013
  7.900000000000000E+003  1.100378496125679E-007  5.389403621718223E+001  1.426171672034562E-004  6.628633942429928E-004  6.119005108072338E+000  5.690805926452262E-013
  8.000000000000000E+003  1.087260431577934E-007  5.457612320835945E+001  1.426164053769515E-004  6.570374752459546E-004  6.154042312279336E+000  5.644159683011049E-013
  8.100000000000000E+003  1.074458241244054E-007  5.525820811250066E+001  1.426156618995098E-004  6.513392635611803E-004  6.188712609545751E+000  5.598514673369966E-013
  8.200000000000000E+003  1.061960571122734E-007  5.594029093039880E+001  1.426149361114055E-004  6.457644381032690E-004  6.223021881185598E+000  5.553837502070054E-013
  8.300000000000000E+003  1.049756606733948E-007  5.662237166284174E+001  1.426142273842710E-004  6.403088742726873E-004  6.256975857176486E+000  5.510096279194044E-013
  8.400000000000000E+003  1.037836041394841E-007  5.730445031061233E+001  1.426135351192518E-004  6.349686327943273E-004  6.290580121008268E+000  5.467260535197066E-013
  8.500000000000000E+003  1.026189046709965E-007  5.798652687448835E+001  1.426128587452915E-004  6.297399493126360E-004  6.323840114363701E+000  5.425301141484179E-013
  8.600000000000000E+003  1.014806245097496E-007  5.866860135524250E+001  1.426121977175340E-004  6.246192246839701E-004  6.356761141640189E+000  5.384190236288640E-013
  8.700000000000000E+003  1.003678684189330E-007  5.935067375364231E+001  1.426115515158353E-004  6.196030159121071E-004  6.389348374320347E+000  5.343901155443835E-013
  8.800000000000000E+003  9.927978129575301E-008  6.003274407045024E+001  1.426109196433762E-004  6.146880276775979E-004  6.421606855198432E+000  5.304408367676827E-013
  8.900000000000000E+003  9.821554594327483E-008  6.071481230642360E+001  1.426103016253664E-004  6.098711044159135E-004  6.453541502468763E+000  5.265687414083268E-013
  9.000000000000000E+003  9.717438098920639E-008  6.139687846231462E+001  1.426096970078349E-004  6.051492229032328E-004  6.485157113681605E+000  5.227714851472245E-013
  9.100000000000000E+003  9.615553894043609E-008  6.207894253887036E+001  1.426091053564992E-004  6.005194853121968E-004  6.516458369571478E+000  5.190468199295590E-013
  9.200000000000000E+003  9.515830436309965E-008  6.276100453683289E+001  1.426085262557072E-004  5.959791127031338E-004  6.547449837762407E+000  5.153925889899937E-013
  9.300000000000000E+003  9.418199217882295E-008  6.344306445693915E+001  1.426079593074469E-004  5.915254389191223E-004  6.578135976354152E+000  5.118067221861296E-013
  9.400000000000000E+003  9.322594606857567E-008  6.412512229992112E+001  1.426074041304187E-004  5.871559048558682E-004  6.608521137393251E+000  5.082872316181364E-013
  9.600000000000000E+003  9.137256695768506E-008  6.548922968425687E+001  1.426063277360262E-004  5.786760847920841E-004  6.668117208909242E+000  5.014527385556466E-013
  9.800000000000000E+003  8.959298863173473E-008  6.685332877254014E+001  1.426052942151951E-004  5.705033232139923E-004  6.726570631181962E+000  4.948609563806942E-013
  9.900000000000000E+003  8.872931688312311E-008  6.753537624308977E+001  1.426047926914663E-004  5.665190841069959E-004  6.755516328983109E+000  4.916459461269574E-013
  1.000000000000000E+004  8.788250027931432E-008  6.821742164076586E+001  1.426043009573707E-004  5.626055952466617E-004  6.784184891600119E+000  4.884868528064940E-013
  1.010000000000000E+004  8.705204659660382E-008  6.889946496627546E+001  1.426038187269671E-004  5.587609161559261E-004  6.812580072516177E+000  4.853821820849912E-013
  1.020000000000000E+004  8.623748266860668E-008  6.958150622031930E+001  1.426033457253875E-004  5.549831770711995E-004  6.840705531756262E+000  4.823304816282204E-013
  1.040000000000000E+004  8.465454078972549E-008  7.094558044901102E+001  1.426024264337823E-004  5.476350007389057E-004  6.895902507236496E+000  4.763911107927943E-013
  1.060000000000000E+004  8.312988586061775E-008  7.230964640361539E+001  1.426015410010827E-004  5.405328604762720E-004  6.950072013369593E+000  4.706468432819346E-013
  1.080000000000000E+004  8.166033483971335E-008  7.367370408941369E+001  1.426006875777915E-004  5.336641114469142E-004  7.003239627643412E+000  4.650877493584735E-013
  1.100000000000000E+004  8.024293300870363E-008  7.503775351164192E+001  1.425998644471212E-004  5.270169818278430E-004  7.055429979795091E+000  4.597045996989669E-013
  1.120000000000000E+004  7.887493385071555E-008  7.640179467548394E+001  1.425990700132914E-004  5.205804958941075E-004  7.106666761127500E+000  4.544887919002281E-013
  1.140000000000000E+004  7.755378100861984E-008  7.776582758606861E+001  1.425983027910382E-004  5.143444055989124E-004  7.156972753579324E+000  4.494322925934414E-013
  1.160000000000000E+004  7.627709208108139E-008  7.912985224846958E+001  1.425975613961924E-004  5.082991296617031E-004  7.206369871473517E+000  4.445275871255603E-013
  1.180000000000000E+004  7.504264404613714E-008  8.049386866770654E+001  1.425968445372065E-004  5.024356992066807E-004  7.254879206950902E+000  4.397676362858597E-013
  1.200000000000000E+004  7.384836012673218E-008  8.185787684874695E+001  1.425961510075188E-004  4.967457088920371E-004  7.302521074859836E+000  4.351458381890087E-013
  1.220000000000000E+004  7.269229793516984E-008  8.322187679650770E+001  1.425954796786625E-004  4.912212727625675E-004  7.349315055622735E+000  4.306559941301190E-013
  1.240000000000000E+004  7.157263875370598E-008  8.458586851585716E+001  1.425948294940345E-004  4.858549842518815E-004  7.395280035647967E+000  4.262922777469513E-013
  1.260000000000000E+004  7.048767782629514E-008  8.594985201161683E+001  1.425941994632531E-004  4.806398798677149E-004  7.440434245218343E+000  4.220492070533040E-013
  1.280000000000000E+004  6.943581555191144E-008  8.731382728856309E+001  1.425935886570393E-004  4.755694061625772E-004  7.484795293916982E+000  4.179216190097850E-013
  1.300000000000000E+004  6.841554948320820E-008  8.867779435142911E+001  1.425929962025664E-004  4.706373896435713E-004  7.528380203701706E+000  4.139046463546562E-013
  1.320000000000000E+004  6.742546704583078E-008  9.004175320490624E+001  1.425924212792281E-004  4.658380093175221E-004  7.571205439759096E+000  4.099936964563436E-013
  1.340000000000000E+004  6.646423890371919E-008  9.140570385364575E+001  1.425918631147834E-004  4.611657716034885E-004  7.613286939276532E+000  4.061844319796368E-013
  1.360000000000000E+004  6.553061290444689E-008  9.276964630226009E+001  1.425913209818373E-004  4.566154873757932E-004  7.654640138270542E+000  4.024727531828710E-013
  1.380000000000000E+004  6.462340854622944E-008  9.413358055532441E+001  1.425907941946254E-004  4.521822509276930E-004  7.695279996606500E+000  3.988547816848704E-013
  1.400000000000000E+004  6.374151191485624E-008  9.549750661737785E+001  1.425902821060719E-004  4.478614206693660E-004  7.735221021339250E+000  3.953268455589548E-013
  1.420000000000000E+004  6.288387104458722E-008  9.686142449292470E+001  1.425897841050931E-004  4.436486013944967E-004  7.774477288497526E+000  3.918854656273365E-013
  1.440000000000000E+004  6.204949166212544E-008  9.822533418643555E+001  1.425892996141248E-004  4.395396279677603E-004  7.813062463427906E+000  3.885273428432030E-013
  1.460000000000000E+004  6.123743327722518E-008  9.958923570234840E+001  1.425888280868502E-004  4.355305503013351E-004  7.850989819806715E+000  3.852493466599473E-013
  1.480000000000000E+004  6.044680558740614E-008  1.009531290450695E+002  1.425883690061104E-004  4.316176195024726E-004  7.888272257420792E+000  3.820485042976820E-013
  1.500000000000000E+004  5.967676516768957E-008  1.023170142189748E+002  1.425879218819819E-004  4.277972750864069E-004  7.924922318810907E+000  3.789219908265427E-013
  1.520000000000000E+004  5.892651241930988E-008  1.036808912284098E+002  1.425874862500019E-004  4.240661331596999E-004  7.960952204864687E+000  3.758671199945268E-013
  1.540000000000000E+004  5.819528875404406E-008  1.050447600776914E+002  1.425870616695343E-004  4.204209754886973E-004  7.996373789439287E+000  3.728813357349219E-013
  1.560000000000000E+004  5.748237399317760E-008  1.064086207711082E+002  1.425866477222561E-004  4.168587393762641E-004  8.031198633087705E+000  3.699622042948246E-013
  1.580000000000000E+004  5.678708396223687E-008  1.077724733129211E+002  1.425862440107616E-004  4.133765082775212E-004  8.065437995956941E+000  3.671074069319974E-013
  1.600000000000000E+004  5.610876826449081E-008  1.091363177073641E+002  1.425858501572680E-004  4.099715030920358E-004  8.099102849920520E+000  3.643147331324055E-013
  1.620000000000000E+004  5.544680821789222E-008  1.105001539586450E+002  1.425854658024165E-004  4.066410740759125E-004  8.132203890002929E+000  3.615820743053403E-013
  1.640000000000000E+004  5.480061494161470E-008  1.118639820709458E+002  1.425850906041608E-004  4.033826933226044E-004  8.164751545148668E+000  3.589074179170920E-013
  1.660000000000000E+004  5.416962757966610E-008  1.132278020484232E+002  1.425847242367353E-004  4.001939477660481E-004  8.196755988384359E+000  3.562888420277667E-013
  1.680000000000000E+004  5.355331165024360E-008  1.145916138952094E+002  1.425843663896950E-004  3.970725326640342E-004  8.228227146418179E+000  3.537245101991141E-013
  1.700000000000000E+004  5.295115751055608E-008  1.159554176154122E+002  1.425840167670250E-004  3.940162455235668E-004  8.259174708717303E+000  3.512126667441296E-013
  1.720000000000000E+004  5.236267892778775E-008  1.173192132131156E+002  1.425836750863088E-004  3.910229804334383E-004  8.289608136100549E+000  3.487516322918381E-013
  1.740000000000000E+004  5.178741174772952E-008  1.186830006923803E+002  1.425833410779559E-004  3.880907227723423E-004  8.319536668880298E+000  3.463397996430108E-013
  1.760000000000000E+004  5.122491265336958E-008  1.200467800572441E+002  1.425830144844801E-004  3.852175442636563E-004  8.348969334585002E+000  3.439756298946931E-013
  1.780000000000000E+004  5.067475800642286E-008  1.214105513117219E+002  1.425826950598262E-004  3.824015983505435E-004  8.377914955290835E+000  3.416576488133380E-013
  1.800000000000000E+004  5.013654276539915E-008  1.227743144598064E+002  1.425823825687420E-004  3.796411158673009E-004  8.406382154588796E+000  3.393844434380640E-013
  1.820000000000000E+004  4.960987947436794E-008  1.241380695054684E+002  1.425820767861903E-004  3.769344009849363E-004  8.434379364211324E+000  3.371546588971163E-013
  1.840000000000000E+004  4.909439731708329E-008  1.255018164526571E+002  1.425817774967996E-004  3.742798274108144E-004  8.461914830340557E+000  3.349669954220295E-013
  1.860000000000000E+004  4.858974123158759E-008  1.268655553053003E+002  1.425814844943499E-004  3.716758348238984E-004  8.488996619618522E+000  3.328202055452657E-013
  1.880000000000000E+004  4.809557108082571E-008  1.282292860673045E+002  1.425811975812903E-004  3.691209255286390E-004  8.515632624877954E+000  3.307130914682644E-013
  1.900000000000000E+004  4.761156087517462E-008  1.295930087425556E+002  1.425809165682880E-004  3.666136613119453E-004  8.541830570610893E+000  3.286445025878974E-013
  1.920000000000000E+004  4.713739804313310E-008  1.309567233349190E+002  1.425806412738044E-004  3.641526604889323E-004  8.567598018190969E+000  3.266133331702812E-013
  1.940000000000000E+004  4.667278274672259E-008  1.323204298482395E+002  1.425803715236970E-004  3.617365951242866E-004  8.592942370863916E+000  3.246185201617732E-013
  1.960000000000000E+004  4.621742723843127E-008  1.336841282863420E+002  1.425801071508462E-004  3.593641884171281E-004  8.617870878519788E+000  3.226590411277733E-013
  1.980000000000000E+004  4.577105525678638E-008  1.350478186530314E+002  1.425798479948045E-004  3.570342122382035E-004  8.642390642259439E+000  3.207339123106826E-013
  2.000000000000000E+004  4.533340145787212E-008  1.364115009520931E+002  1.425795939014654E-004  3.547454848091036E-004  8.666508618766708E+000  3.188421867990315E-013
