! time                    visible_void_density    visible_void_diameter   
  0.000000000000000E+000  0.000000000000000E+000  0.000000000000000E+000
  1.000000000000001E-001  0.000000000000000E+000  0.000000000000000E+000
  2.000000000000001E-001  0.000000000000000E+000  0.000000000000000E+000
  3.000000000000002E-001  0.000000000000000E+000  0.000000000000000E+000
  4.000000000000003E-001  0.000000000000000E+000  0.000000000000000E+000
  5.000000000000003E-001  7.567202761566597E-094  0.000000000000000E+000
  6.000000000000004E-001  2.223303897703832E-085  0.000000000000000E+000
  7.000000000000005E-001  1.412702609589965E-078  0.000000000000000E+000
  8.000000000000006E-001  7.897999201030910E-073  0.000000000000000E+000
  9.000000000000007E-001  7.248950732047489E-068  0.000000000000000E+000
  1.000000000000001E+000  1.600967407320962E-063  0.000000000000000E+000
  1.100000000000001E+000  1.101526201341393E-059  0.000000000000000E+000
  1.200000000000001E+000  2.834800966903223E-056  0.000000000000000E+000
  1.300000000000001E+000  3.114608355980022E-053  0.000000000000000E+000
  1.400000000000001E+000  1.605089605109861E-050  0.000000000000000E+000
  1.500000000000001E+000  4.109604944099391E-048  0.000000000000000E+000
  1.600000000000001E+000  5.225244951624610E-046  0.000000000000000E+000
  1.700000000000001E+000  2.652650615671776E-044  0.000000000000000E+000
  1.800000000000001E+000 -9.086152896108321E-043  0.000000000000000E+000
  1.900000000000001E+000 -2.091923809861380E-040  0.000000000000000E+000
  2.000000000000001E+000 -1.377437608555748E-038  0.000000000000000E+000
  2.100000000000001E+000 -5.313976913950937E-037  0.000000000000000E+000
  2.200000000000002E+000 -1.385842953841074E-035  0.000000000000000E+000
  2.300000000000002E+000 -2.613745474319448E-034  0.000000000000000E+000
  2.400000000000002E+000 -3.723126438921434E-033  0.000000000000000E+000
  2.500000000000002E+000 -4.137205334007349E-032  0.000000000000000E+000
  2.600000000000002E+000 -3.681349717695413E-031  0.000000000000000E+000
  2.700000000000002E+000 -2.681470805151513E-030  0.000000000000000E+000
  2.800000000000002E+000 -1.629596917486557E-029  0.000000000000000E+000
  2.900000000000002E+000 -8.402381406234254E-029  0.000000000000000E+000
  3.000000000000002E+000 -3.730768398376969E-028  0.000000000000000E+000
  3.100000000000002E+000 -1.445569740402362E-027  0.000000000000000E+000
  3.200000000000002E+000 -4.946533277390705E-027  0.000000000000000E+000
  3.300000000000002E+000 -1.839063840881926E-026  0.000000000000000E+000
  3.400000000000002E+000 -5.646933962847298E-026  0.000000000000000E+000
  3.500000000000001E+000 -1.491057330428355E-025  0.000000000000000E+000
  3.600000000000001E+000 -3.475718414403782E-025  0.000000000000000E+000
  3.700000000000001E+000 -7.284190236825536E-025  0.000000000000000E+000
  3.800000000000000E+000 -1.390532856403080E-024  0.000000000000000E+000
  3.900000000000000E+000 -2.440665159839813E-024  0.000000000000000E+000
  4.000000000000000E+000 -3.963751606156407E-024  0.000000000000000E+000
  4.100000000000000E+000 -5.976573908808824E-024  0.000000000000000E+000
  4.199999999999999E+000 -8.366367150689080E-024  0.000000000000000E+000
  4.299999999999999E+000 -1.081902841541655E-023  0.000000000000000E+000
  4.399999999999999E+000 -1.274388477634590E-023  0.000000000000000E+000
  4.499999999999998E+000 -1.320301309987548E-023  0.000000000000000E+000
  4.599999999999998E+000 -1.085273109350490E-023  0.000000000000000E+000
  4.699999999999998E+000 -1.655375236882561E-024  9.449492973814193E-001
  4.799999999999997E+000  1.626481636742214E-023  1.055765431745920E+000
  4.899999999999997E+000  4.615843042573596E-023  1.048307622218214E+000
  4.999999999999996E+000  9.168616163869529E-023  1.045866808240448E+000
  5.099999999999996E+000  1.568423431456822E-022  1.044569565100780E+000
  5.199999999999996E+000  2.458684618998668E-022  1.043717792964386E+000
  5.299999999999995E+000  3.631624403744992E-022  1.043087924484636E+000
  5.399999999999995E+000  5.131885682294838E-022  1.042586057442390E+000
  5.499999999999995E+000  7.003918601231132E-022  1.042165717040809E+000
  5.599999999999994E+000  9.291194811128556E-022  1.041801183524134E+000
  5.699999999999994E+000  1.203550845760516E-021  1.041477013023722E+000
  5.799999999999994E+000  1.527637133966054E-021  1.041183333396877E+000
  5.899999999999993E+000  1.905050304144076E-021  1.040913512952011E+000
  5.999999999999993E+000  2.339141219080444E-021  1.040662913013999E+000
  6.099999999999993E+000  2.832906208219649E-021  1.040428178137437E+000
  6.199999999999992E+000  3.388961238974464E-021  1.040206811333950E+000
  6.299999999999992E+000  4.009522823262836E-021  1.039996908884530E+000
  6.399999999999991E+000  4.696394810648463E-021  1.039796988707223E+000
  6.499999999999991E+000  5.450960288076645E-021  1.039605875763004E+000
  6.599999999999991E+000  6.274177896279499E-021  1.039422623434881E+000
  6.699999999999990E+000  7.166581968585764E-021  1.039246458277506E+000
  6.799999999999990E+000  8.128285988620760E-021  1.039076740352898E+000
  6.999999999999990E+000  1.032873092593721E-020  1.038721581889776E+000
  7.199999999999990E+000  1.279290651609573E-020  1.038396398296906E+000
  7.399999999999991E+000  1.550153617399426E-020  1.038096353340924E+000
  7.599999999999991E+000  1.843013156901680E-020  1.037817920407403E+000
  7.799999999999991E+000  2.154976569358025E-020  1.037558444730909E+000
  7.999999999999991E+000  2.482784367649484E-020  1.037315878554533E+000
  8.199999999999990E+000  2.822885644465667E-020  1.037088612872046E+000
  8.399999999999990E+000  3.171510458267706E-020  1.036875366194657E+000
  8.599999999999989E+000  3.524738188440100E-020  1.036675108720830E+000
  8.799999999999988E+000  3.878561027237585E-020  1.036487009494647E+000
  8.999999999999988E+000  4.228941998363561E-020  1.036310399110517E+000
  9.199999999999987E+000  4.571867109862083E-020  1.036144743344466E+000
  9.399999999999986E+000  4.903391451698477E-020  1.035989624775399E+000
  9.599999999999985E+000  5.219679226842799E-020  1.035844730515841E+000
  9.799999999999985E+000  5.517037853199496E-020  1.035709844873172E+000
  9.999999999999984E+000  5.791946390336121E-020  1.035584846262202E+000
  1.019999999999998E+001  6.041078630637087E-020  1.035469708080787E+000
  1.039999999999998E+001  6.261321252257499E-020  1.035364503604581E+000
  1.059999999999998E+001  6.449787465183817E-020  1.035269415305085E+000
  1.079999999999998E+001  6.603826596280223E-020  1.035184749396204E+000
  1.099999999999998E+001  6.721030058710055E-020  1.035110956928526E+000
  1.149999999999998E+001  6.747313901327589E-020  1.035013873793549E+000
  1.199999999999998E+001  6.487044805857214E-020  1.035030072548104E+000
  1.249999999999998E+001  5.929900315479505E-020  1.035206564019321E+000
  1.299999999999998E+001  5.073612392182322E-020  1.035652205253273E+000
  1.349999999999998E+001  3.922615629455931E-020  1.036663337803152E+000
  1.399999999999998E+001  2.486791454506128E-020  1.039384171264126E+000
  1.449999999999998E+001  7.803222229631669E-021  1.056057052362912E+000
  1.499999999999998E+001 -1.179331663842527E-020  1.015444537164639E+000
  1.549999999999998E+001 -3.372325556093309E-020  1.025891861015056E+000
  1.599999999999998E+001 -5.777196449819439E-020  1.028200025880481E+000
  1.649999999999998E+001 -8.371507558881925E-020  1.029189444234377E+000
  1.699999999999998E+001 -1.113238149288381E-019  1.029731741512621E+000
  1.749999999999998E+001 -1.403693366100752E-019  1.030073924215918E+000
  1.799999999999998E+001 -1.706261803886647E-019  1.030312603891657E+000
  1.849999999999998E+001 -2.018749718375449E-019  1.030493166754291E+000
  1.899999999999998E+001 -2.339044766527071E-019  1.030639640811938E+000
  1.949999999999998E+001 -2.665131110517129E-019  1.030765865097547E+000
  1.999999999999998E+001 -2.995099993565138E-019  1.030880325150369E+000
  2.049999999999998E+001 -3.327156588246839E-019  1.030988481901733E+000
  2.099999999999998E+001 -3.659623811661525E-019  1.031093988474719E+000
  2.149999999999998E+001 -3.990943702954949E-019  1.031199368210858E+000
  2.199999999999998E+001 -4.319676868969291E-019  1.031306412741433E+000
  2.249999999999998E+001 -4.644500423851633E-019  1.031416426035155E+000
  2.299999999999998E+001 -4.964204778249335E-019  1.031530379582899E+000
  2.349999999999998E+001 -5.277689572776164E-019  1.031649014216157E+000
  2.399999999999998E+001 -5.583958998028771E-019  1.031772908760928E+000
  2.449999999999998E+001 -5.882116698737216E-019  1.031902527465673E+000
  2.499999999999998E+001 -6.171360421782411E-019  1.032038253494240E+000
  2.549999999999998E+001 -6.450976535963777E-019  1.032180413066842E+000
  2.599999999999998E+001 -6.720334524759426E-019  1.032329293205174E+000
  2.649999999999998E+001 -6.978881531162818E-019  1.032485155032924E+000
  2.699999999999998E+001 -7.226137015352662E-019  1.032648243947174E+000
  2.749999999999998E+001 -7.461687570879614E-019  1.032818797565097E+000
  2.799999999999998E+001 -7.685181932730119E-019  1.032997052079366E+000
  2.899999999999998E+001 -8.081068351382091E-019  1.033396678498091E+000
  2.999999999999998E+001 -8.424565658839758E-019  1.033830390273653E+000
  3.099999999999998E+001 -8.715078208628702E-019  1.034300487459880E+000
  3.199999999999998E+001 -8.952548857840371E-019  1.034809667385075E+000
  3.299999999999998E+001 -9.137355517336786E-019  1.035361119134433E+000
  3.399999999999998E+001 -9.270225727182311E-019  1.035958630892294E+000
  3.499999999999998E+001 -9.352164556802161E-019  1.036606716863002E+000
  3.599999999999998E+001 -9.384393873009066E-019  1.037310772861097E+000
  3.699999999999998E+001 -9.368301409993998E-019  1.038077271754235E+000
  3.799999999999998E+001 -9.305398254721900E-019  1.038914013320938E+000
  3.899999999999998E+001 -9.197283522180665E-019  1.039830448341244E+000
  3.999999999999998E+001 -9.045615147820696E-019  1.040838104711642E+000
  4.099999999999998E+001 -8.852085866087609E-019  1.041951155473089E+000
  4.199999999999998E+001 -8.618403572049706E-019  1.043187187219941E+000
  4.299999999999998E+001 -8.346275377107305E-019  1.044568256420323E+000
  4.399999999999998E+001 -8.037394769960845E-019  1.046122367669243E+000
  4.499999999999998E+001 -7.693431381273376E-019  1.047885584210085E+000
  4.599999999999998E+001 -7.316022925931055E-019  1.049905110054272E+000
  4.699999999999998E+001 -6.906768961724258E-019  1.052243908441812E+000
  4.799999999999998E+001 -6.467226158882447E-019  1.054987830531033E+000
  4.899999999999998E+001 -5.998904822374415E-019  1.058257004041712E+000
  4.999999999999998E+001 -5.503266449315745E-019  1.062224779633318E+000
  5.099999999999998E+001 -4.981722138180147E-019  1.067150813293356E+000
  5.199999999999998E+001 -4.435631695655414E-019  1.073442336027330E+000
  5.399999999999998E+001 -3.253998659774794E-019  1.093717739279665E+000
  5.599999999999998E+001 -1.992674912920264E-019  1.141042779389486E+000
  5.799999999999998E+001 -6.605468050620026E-020  1.384858133729796E+000
  5.999999999999998E+001  7.342969197064444E-020  6.941169353445200E-001
  6.199999999999998E+001  2.184506705040173E-019  9.119354741331454E-001
  6.399999999999998E+001  3.683414006476322E-019  9.571968319502104E-001
  6.599999999999997E+001  5.224974517025660E-019  9.769200229231925E-001
  6.799999999999997E+001  6.803713955668283E-019  9.880519010599946E-001
  6.999999999999997E+001  8.414677096896563E-019  9.952613745484447E-001
  7.199999999999997E+001  1.005338037617862E-018  1.000353354940429E+000
  7.399999999999997E+001  1.171576817698868E-018  1.004172734279217E+000
  7.599999999999997E+001  1.339817275576388E-018  1.007167713758746E+000
  7.799999999999997E+001  1.509727766727388E-018  1.009598134847047E+000
  7.999999999999997E+001  1.681008449716637E-018  1.011625002128158E+000
  8.199999999999997E+001  1.853388267875107E-018  1.013353383308238E+000
  8.399999999999997E+001  2.026622215890282E-018  1.014854751196923E+000
  8.599999999999997E+001  2.200488867734528E-018  1.016179410812263E+000
  8.799999999999997E+001  2.374788143037265E-018  1.017363791215539E+000
  8.999999999999997E+001  2.549339290139673E-018  1.018434918138519E+000
  9.499999999999997E+001  2.984917782822491E-018  1.020817103125439E+000
  9.999999999999997E+001  3.417850039068885E-018  1.022801768122622E+000
  1.050000000000000E+002  3.846728648510638E-018  1.024517734765599E+000
  1.100000000000000E+002  4.270482979419359E-018  1.026042811612959E+000
  1.150000000000000E+002  4.688306150689759E-018  1.027426805190759E+000
  1.200000000000000E+002  5.099598598668109E-018  1.028703106160818E+000
  1.250000000000000E+002  5.503924190600167E-018  1.029894961833174E+000
  1.300000000000000E+002  5.900975917540168E-018  1.031019075882963E+000
  1.350000000000000E+002  6.290548944520319E-018  1.032087775725496E+000
  1.400000000000000E+002  6.672519343523079E-018  1.033110371053713E+000
  1.450000000000000E+002  7.046827240153458E-018  1.034094035061079E+000
  1.500000000000000E+002  7.413463406533772E-018  1.035044393193369E+000
  1.550000000000000E+002  7.772458558648226E-018  1.035965926767077E+000
  1.600000000000000E+002  8.123874786231257E-018  1.036862256021007E+000
  1.610000000000000E+002  8.193861996477433E-018  1.037034463999880E+000
  1.620000000000000E+002  8.263553974395326E-018  1.037205891094573E+000
  1.640000000000000E+002  8.401755238969215E-018  1.037548550562684E+000
  1.660000000000000E+002  8.538779010104697E-018  1.037888214319203E+000
  1.680000000000000E+002  8.674631133275354E-018  1.038225013022137E+000
  1.700000000000000E+002  8.809317909749486E-018  1.038559068447936E+000
  1.750000000000000E+002  9.138754996643574E-018  1.039396336171925E+000
  1.800000000000000E+002  9.461043386691297E-018  1.040217553085793E+000
  1.850000000000000E+002  9.776322959290014E-018  1.041024196607498E+000
  1.900000000000000E+002  1.008473909148168E-017  1.041817534310666E+000
  1.950000000000000E+002  1.038644079208483E-017  1.042598661785482E+000
  2.000000000000000E+002  1.068157918878376E-017  1.043368532446117E+000
  2.050000000000000E+002  1.097030630466215E-017  1.044127981225170E+000
  2.100000000000000E+002  1.125277407378216E-017  1.044877743581430E+000
  2.150000000000000E+002  1.152913355334064E-017  1.045618470877195E+000
  2.200000000000000E+002  1.179953429716374E-017  1.046350742916439E+000
  2.250000000000000E+002  1.206412386154052E-017  1.047075078243189E+000
  2.300000000000000E+002  1.232304741960172E-017  1.047791942658441E+000
  2.350000000000000E+002  1.257644746472689E-017  1.048501756309346E+000
  2.400000000000000E+002  1.282446358695779E-017  1.049204899625937E+000
  2.450000000000000E+002  1.306723230924710E-017  1.049901718321339E+000
  2.500000000000000E+002  1.330488697269930E-017  1.050592527626051E+000
  2.550000000000000E+002  1.353755766186379E-017  1.051277615892075E+000
  2.600000000000000E+002  1.376537116269931E-017  1.051957247675618E+000
  2.650000000000000E+002  1.398845094710884E-017  1.052631666386011E+000
  2.700000000000000E+002  1.420691717899687E-017  1.053301096571888E+000
  2.800000000000000E+002  1.462606831588727E-017  1.054640211650989E+000
  2.900000000000000E+002  1.502833883638658E-017  1.055960052123248E+000
  3.000000000000000E+002  1.541457581740596E-017  1.057262096422337E+000
  3.100000000000000E+002  1.578557547830611E-017  1.058547630912930E+000
  3.150000000000000E+002  1.596740718647743E-017  1.059179211181945E+000
  3.200000000000000E+002  1.614566039575834E-017  1.059807359488245E+000
  3.250000000000000E+002  1.632042203131070E-017  1.060432181109469E+000
  3.300000000000000E+002  1.649177651091674E-017  1.061053775501909E+000
  3.350000000000000E+002  1.665980580414937E-017  1.061672236714234E+000
  3.400000000000000E+002  1.682458949981877E-017  1.062287653778145E+000
  3.500000000000000E+002  1.714164747622132E-017  1.063518036179251E+000
  3.550000000000000E+002  1.729715667890629E-017  1.064124683558106E+000
  3.600000000000000E+002  1.744971686472860E-017  1.064728601860847E+000
  3.650000000000000E+002  1.759939671243626E-017  1.065329859679727E+000
  3.700000000000000E+002  1.774626294879142E-017  1.065928522395976E+000
  3.800000000000000E+002  1.802914455140520E-017  1.067125088675146E+000
  3.900000000000000E+002  1.830166737549224E-017  1.068311346531525E+000
  3.950000000000000E+002  1.843542217669635E-017  1.068897719513036E+000
  4.000000000000000E+002  1.856672654951091E-017  1.069481835341919E+000
  4.050000000000000E+002  1.869563509089286E-017  1.070063741500473E+000
  4.100000000000000E+002  1.882220090297644E-017  1.070643483556045E+000
  4.150000000000000E+002  1.894647563488775E-017  1.071221105249077E+000
  4.200000000000000E+002  1.906850952699829E-017  1.071796648585433E+000
  4.300000000000000E+002  1.930392499611173E-017  1.072946562188247E+000
  4.400000000000000E+002  1.953105898917018E-017  1.074088181802113E+000
  4.500000000000000E+002  1.975026257196534E-017  1.075221822560909E+000
  4.600000000000000E+002  1.996186829781608E-017  1.076347776088732E+000
  4.700000000000000E+002  2.016619140324501E-017  1.077466312898509E+000
  4.800000000000000E+002  2.036353090361897E-017  1.078577684452138E+000
  4.900000000000000E+002  2.055417060576341E-017  1.079682124959425E+000
  5.000000000000000E+002  2.073838004649208E-017  1.080779852960979E+000
  5.100000000000000E+002  2.091641536357399E-017  1.081871072727761E+000
  5.200000000000000E+002  2.108852010467946E-017  1.082955975503296E+000
  5.300000000000000E+002  2.125492597926083E-017  1.084034740610016E+000
  5.400000000000000E+002  2.141585355787222E-017  1.085107536437700E+000
  5.500000000000000E+002  2.157151292304589E-017  1.086174521329173E+000
  5.600000000000000E+002  2.172210427549572E-017  1.087235844376162E+000
  5.700000000000000E+002  2.186781849910425E-017  1.088291646136297E+000
  5.800000000000000E+002  2.200883768786171E-017  1.089342059280698E+000
  5.900000000000000E+002  2.214533563766241E-017  1.090387209180248E+000
  6.000000000000000E+002  2.227747830562301E-017  1.091427214437563E+000
  6.100000000000000E+002  2.240542423936679E-017  1.092462187370741E+000
  6.200000000000000E+002  2.252932497851627E-017  1.093492234454151E+000
  6.300000000000000E+002  2.264932543045269E-017  1.094517456720879E+000
  6.400000000000000E+002  2.276556422223207E-017  1.095537950130848E+000
  6.500000000000000E+002  2.287817403039404E-017  1.096553805908159E+000
  6.600000000000000E+002  2.298728189025935E-017  1.097565110850733E+000
  6.700000000000000E+002  2.309300948618320E-017  1.098571947615032E+000
  6.800000000000000E+002  2.319547342411483E-017  1.099574394978243E+000
  6.900000000000000E+002  2.329478548770646E-017  1.100572528080097E+000
  7.000000000000000E+002  2.339105287911673E-017  1.101566418646218E+000
  7.100000000000000E+002  2.348437844556469E-017  1.102556135194711E+000
  7.200000000000000E+002  2.357486089260794E-017  1.103541743227485E+000
  7.400000000000000E+002  2.374509411035438E-017  1.105503614938122E+000
  7.600000000000000E+002  2.390528857170818E-017  1.107449059214263E+000
  7.700000000000000E+002  2.398297958865613E-017  1.108414696212543E+000
  7.800000000000000E+002  2.405834210034691E-017  1.109376568645058E+000
  7.900000000000000E+002  2.413145086620218E-017  1.110334724966098E+000
  8.000000000000000E+002  2.420237783010042E-017  1.111289211781325E+000
  8.200000000000000E+002  2.433597788673590E-017  1.113188735628588E+000
  8.400000000000000E+002  2.446183254056568E-017  1.115073570142295E+000
  8.600000000000000E+002  2.458041384109398E-017  1.116944073918110E+000
  8.800000000000000E+002  2.469216052317215E-017  1.118800579431472E+000
  9.000000000000000E+002  2.479748079324614E-017  1.120643395705013E+000
  9.200000000000000E+002  2.489675483899571E-017  1.122472810626229E+000
  9.400000000000000E+002  2.499033709623801E-017  1.124289092988028E+000
  9.600000000000000E+002  2.507855830067552E-017  1.126092494295215E+000
  9.800000000000000E+002  2.516172734819952E-017  1.127883250369823E+000
  1.000000000000000E+003  2.524013298439925E-017  1.129661582782119E+000
  1.020000000000000E+003  2.531404534136446E-017  1.131427700129638E+000
  1.040000000000000E+003  2.538371733768356E-017  1.133181799183185E+000
  1.060000000000000E+003  2.544938595565848E-017  1.134924065915903E+000
  1.080000000000000E+003  2.551127340812723E-017  1.136654676429298E+000
  1.100000000000000E+003  2.556958820586891E-017  1.138373797788112E+000
  1.120000000000000E+003  2.562452613533008E-017  1.140081588774408E+000
  1.140000000000000E+003  2.567627115533171E-017  1.141778200569829E+000
  1.160000000000000E+003  2.572499622046924E-017  1.143463777373882E+000
  1.180000000000000E+003  2.577086403808753E-017  1.145138456965063E+000
  1.200000000000000E+003  2.581402776498117E-017  1.146802371210850E+000
  1.220000000000000E+003  2.585463164932610E-017  1.148455646531826E+000
  1.240000000000000E+003  2.589281162277978E-017  1.150098404324596E+000
  1.260000000000000E+003  2.592869584718287E-017  1.151730761347605E+000
  1.280000000000000E+003  2.596240521984998E-017  1.153352830073491E+000
  1.300000000000000E+003  2.599405384104043E-017  1.154964719011230E+000
  1.320000000000000E+003  2.602374944684788E-017  1.156566533000913E+000
  1.340000000000000E+003  2.605159381043437E-017  1.158158373483765E+000
  1.360000000000000E+003  2.607768311425406E-017  1.159740338749657E+000
  1.380000000000000E+003  2.610210829566247E-017  1.161312524164184E+000
  1.400000000000000E+003  2.612495536808338E-017  1.162875022377150E+000
  1.450000000000000E+003  2.617329491026426E-017  1.166724899973029E+000
  1.500000000000000E+003  2.621392579587278E-017  1.170514894674515E+000
  1.510000000000000E+003  2.622175683910699E-017  1.171269681383351E+000
  1.520000000000000E+003  2.622930042538535E-017  1.172022205034199E+000
  1.540000000000000E+003  2.624329186532653E-017  1.173518603471098E+000
  1.560000000000000E+003  2.625624356138809E-017  1.175005996061217E+000
  1.580000000000000E+003  2.626820863614009E-017  1.176484457532261E+000
  1.600000000000000E+003  2.627923750671927E-017  1.177954061289727E+000
  1.620000000000000E+003  2.628937803552600E-017  1.179414879491065E+000
  1.640000000000000E+003  2.629867567152773E-017  1.180866983117085E+000
  1.660000000000000E+003  2.630717358280998E-017  1.182310442039971E+000
  1.680000000000000E+003  2.631491278097230E-017  1.183745325087242E+000
  1.700000000000000E+003  2.632193223792708E-017  1.185171700101435E+000
  1.710000000000000E+003  2.632526741510212E-017  1.185882691635742E+000
  1.720000000000000E+003  2.632843261636323E-017  1.186591590150076E+000
  1.740000000000000E+003  2.633411573060554E-017  1.188001181606932E+000
  1.760000000000000E+003  2.633918503551379E-017  1.189402462284007E+000
  1.780000000000000E+003  2.634367237149041E-017  1.190795496644479E+000
  1.800000000000000E+003  2.634760802632461E-017  1.192180348390359E+000
  1.820000000000000E+003  2.635102081607789E-017  1.193557080507509E+000
  1.840000000000000E+003  2.635393816127428E-017  1.194925755303390E+000
  1.860000000000000E+003  2.635638615870808E-017  1.196286434440455E+000
  1.880000000000000E+003  2.635838964915464E-017  1.197639178966241E+000
  1.900000000000000E+003  2.635997228124671E-017  1.198984049340770E+000
  1.950000000000000E+003  2.636160842169863E-017  1.202297414987367E+000
  2.000000000000000E+003  2.636122347588460E-017  1.205562674900386E+000
  2.010000000000000E+003  2.636106897480455E-017  1.206213858865248E+000
  2.020000000000000E+003  2.636083915201730E-017  1.206863174025157E+000
  2.040000000000000E+003  2.636009407073239E-017  1.208154334675479E+000
  2.060000000000000E+003  2.635907962089207E-017  1.209438093302940E+000
  2.080000000000000E+003  2.635781111345740E-017  1.210714505834594E+000
  2.100000000000000E+003  2.635630313971075E-017  1.211983627799952E+000
  2.150000000000000E+003  2.635123004750799E-017  1.215110866403225E+000
  2.200000000000000E+003  2.634503876693784E-017  1.218193717595115E+000
  2.250000000000000E+003  2.633789353062493E-017  1.221233066420368E+000
  2.300000000000000E+003  2.632994016473871E-017  1.224229778150189E+000
  2.350000000000000E+003  2.632130813961028E-017  1.227184699528625E+000
  2.400000000000000E+003  2.631211237681906E-017  1.230098659738089E+000
  2.450000000000000E+003  2.630245484419519E-017  1.232972471188338E+000
  2.500000000000000E+003  2.629242596582762E-017  1.235806930176358E+000
  2.550000000000000E+003  2.628210587039876E-017  1.238602817444910E+000
  2.600000000000000E+003  2.627156549795091E-017  1.241360898659143E+000
  2.650000000000000E+003  2.626086758245506E-017  1.244081924816233E+000
  2.700000000000000E+003  2.625006752522197E-017  1.246766632600236E+000
  2.750000000000000E+003  2.623921417220855E-017  1.249415744692213E+000
  2.800000000000000E+003  2.622835050657096E-017  1.252029970044093E+000
  2.850000000000000E+003  2.621751426635825E-017  1.254610004123298E+000
  2.900000000000000E+003  2.620673849598572E-017  1.257156529134088E+000
  2.950000000000000E+003  2.619605203904725E-017  1.259670214220491E+000
  3.000000000000000E+003  2.618547997909138E-017  1.262151715654968E+000
  3.050000000000000E+003  2.617504403417858E-017  1.264601677016175E+000
  3.100000000000000E+003  2.616476291033560E-017  1.267020729358591E+000
  3.150000000000000E+003  2.615465261841325E-017  1.269409491376329E+000
  3.200000000000000E+003  2.614472675832310E-017  1.271768569562919E+000
  3.250000000000000E+003  2.613499677416587E-017  1.274098558368583E+000
  3.300000000000000E+003  2.612547218335859E-017  1.276400040356136E+000
  3.350000000000000E+003  2.611616078251384E-017  1.278673586356433E+000
  3.400000000000000E+003  2.610706883251292E-017  1.280919755624067E+000
  3.450000000000000E+003  2.609820122494212E-017  1.283139095993791E+000
  3.500000000000000E+003  2.608956163182068E-017  1.285332144038056E+000
  3.550000000000000E+003  2.608115264033755E-017  1.287499425225880E+000
  3.600000000000000E+003  2.607297587412710E-017  1.289641454083196E+000
  3.650000000000000E+003  2.606503210244936E-017  1.291758734354698E+000
  3.700000000000000E+003  2.605732133849395E-017  1.293851759167205E+000
  3.750000000000000E+003  2.604984292789764E-017  1.295921011194439E+000
  3.800000000000000E+003  2.604259562845136E-017  1.297966962823120E+000
  3.850000000000000E+003  2.603557768187000E-017  1.299990076320231E+000
  3.900000000000000E+003  2.602878687840824E-017  1.301990804001271E+000
  4.000000000000000E+003  2.601609614865744E-017  1.305904633338204E+000
  4.100000000000000E+003  2.600426854497772E-017  1.309735268099155E+000
  4.150000000000000E+003  2.599856554871471E-017  1.311630754710654E+000
  4.200000000000000E+003  2.599306949941618E-017  1.313506371034167E+000
  4.250000000000000E+003  2.598777638864269E-017  1.315362504382531E+000
  4.300000000000000E+003  2.598268208621049E-017  1.317199533484900E+000
  4.350000000000000E+003  2.597778236491504E-017  1.319017828632702E+000
  4.400000000000000E+003  2.597307292256178E-017  1.320817751846874E+000
  4.500000000000000E+003  2.596438408845901E-017  1.324345858340728E+000
  4.600000000000000E+003  2.595638957730266E-017  1.327805572497199E+000
  4.700000000000000E+003  2.594905381776637E-017  1.331199468012945E+000
  4.750000000000000E+003  2.594554534520382E-017  1.332880598435081E+000
  4.800000000000000E+003  2.594219194175673E-017  1.334545973452270E+000
  4.850000000000000E+003  2.593898931024708E-017  1.336195888065209E+000
  4.900000000000000E+003  2.593593320117269E-017  1.337830630604397E+000
  5.000000000000000E+003  2.593037672688954E-017  1.341040964983079E+000
  5.100000000000000E+003  2.592534353216596E-017  1.344194674153350E+000
  5.200000000000000E+003  2.592080228962984E-017  1.347293802192529E+000
  5.300000000000000E+003  2.591672287652756E-017  1.350340301493482E+000
  5.400000000000000E+003  2.591307641716379E-017  1.353336037030186E+000
  5.500000000000000E+003  2.590983530469924E-017  1.356282790455997E+000
  5.600000000000000E+003  2.590697320646724E-017  1.359182264040805E+000
  5.700000000000000E+003  2.590446505624930E-017  1.362036084443879E+000
  5.800000000000000E+003  2.590228703632512E-017  1.364845806322749E+000
  5.900000000000000E+003  2.590041655160250E-017  1.367612915780927E+000
  6.000000000000000E+003  2.589883219771566E-017  1.370338833658600E+000
  6.100000000000000E+003  2.589751372463693E-017  1.373024918670988E+000
  6.200000000000000E+003  2.589644199706352E-017  1.375672470399439E+000
  6.300000000000000E+003  2.589559895260670E-017  1.378282732140498E+000
  6.400000000000000E+003  2.589496755861656E-017  1.380856893618319E+000
  6.500000000000000E+003  2.589453176831538E-017  1.383396093565793E+000
  6.600000000000000E+003  2.589427647677946E-017  1.385901422179790E+000
  6.700000000000000E+003  2.589418747719898E-017  1.388373923455849E+000
  6.800000000000000E+003  2.589425141775539E-017  1.390814597407568E+000
  6.900000000000000E+003  2.589445575937984E-017  1.393224402175849E+000
  7.000000000000000E+003  2.589478873459492E-017  1.395604256033046E+000
  7.100000000000000E+003  2.589523930759056E-017  1.397955039286887E+000
  7.200000000000000E+003  2.589579713564364E-017  1.400277596088918E+000
  7.300000000000000E+003  2.589645253195599E-017  1.402572736152076E+000
  7.400000000000000E+003  2.589719642995835E-017  1.404841236381775E+000
  7.500000000000000E+003  2.589802034910439E-017  1.407083842424789E+000
  7.600000000000000E+003  2.589891636216158E-017  1.409301270140000E+000
  7.700000000000000E+003  2.589987706399026E-017  1.411494206994931E+000
  7.800000000000000E+003  2.590089554179137E-017  1.413663313391812E+000
  7.900000000000000E+003  2.590196534679369E-017  1.415809223926751E+000
  8.000000000000000E+003  2.590308046734531E-017  1.417932548585442E+000
  8.100000000000000E+003  2.590423530336754E-017  1.420033873878655E+000
  8.200000000000000E+003  2.590542464212687E-017  1.422113763920619E+000
  8.300000000000000E+003  2.590664363527740E-017  1.424172761453258E+000
  8.400000000000000E+003  2.590788777712426E-017  1.426211388819081E+000
  8.500000000000000E+003  2.590915288405805E-017  1.428230148885390E+000
  8.600000000000000E+003  2.591043507510960E-017  1.430229525922367E+000
  8.700000000000000E+003  2.591173075357495E-017  1.432209986437416E+000
  8.800000000000000E+003  2.591303658966063E-017  1.434171979968070E+000
  8.900000000000000E+003  2.591434950410067E-017  1.436115939835610E+000
  9.000000000000000E+003  2.591566665269766E-017  1.438042283861457E+000
  9.100000000000000E+003  2.591698541174141E-017  1.439951415048286E+000
  9.200000000000000E+003  2.591830336426065E-017  1.441843722227693E+000
  9.300000000000000E+003  2.591961828706452E-017  1.443719580676182E+000
  9.400000000000000E+003  2.592092813853218E-017  1.445579352701098E+000
  9.600000000000000E+003  2.592351353670567E-017  1.449237062641971E+000
  9.800000000000000E+003  2.592605291963113E-017  1.452835333174636E+000
  9.900000000000000E+003  2.592730984288697E-017  1.454619923671166E+000
  1.000000000000000E+004  2.592855281898164E-017  1.456390352966049E+000
  1.010000000000000E+004  2.592978078323421E-017  1.458146906930758E+000
  1.020000000000000E+004  2.593099277769299E-017  1.459889862245781E+000
  1.040000000000000E+004  2.593334633827857E-017  1.463323313117557E+000
  1.060000000000000E+004  2.593562452694191E-017  1.466706130725331E+000
  1.080000000000000E+004  2.593782357164298E-017  1.470040184605855E+000
  1.100000000000000E+004  2.593994071549461E-017  1.473327233703991E+000
  1.120000000000000E+004  2.594197407871099E-017  1.476568934836598E+000
  1.140000000000000E+004  2.594392253684663E-017  1.479766850398409E+000
  1.160000000000000E+004  2.594578561349479E-017  1.482922455388398E+000
  1.180000000000000E+004  2.594756338581474E-017  1.486037143826060E+000
  1.200000000000000E+004  2.594925640143243E-017  1.489112234617516E+000
  1.220000000000000E+004  2.595086560541932E-017  1.492148976924009E+000
  1.240000000000000E+004  2.595239227619701E-017  1.495148555079649E+000
  1.260000000000000E+004  2.595383796934456E-017  1.498112093100408E+000
  1.280000000000000E+004  2.595520446839974E-017  1.501040658822113E+000
  1.300000000000000E+004  2.595649374184747E-017  1.503935267701415E+000
  1.320000000000000E+004  2.595770790558071E-017  1.506796886310367E+000
  1.340000000000000E+004  2.595884919019842E-017  1.509626435552201E+000
  1.360000000000000E+004  2.595991991257856E-017  1.512424793623216E+000
  1.380000000000000E+004  2.596092245122687E-017  1.515192798743288E+000
  1.400000000000000E+004  2.596185922495919E-017  1.517931251675302E+000
  1.420000000000000E+004  2.596273267452578E-017  1.520640918051913E+000
  1.440000000000000E+004  2.596354524682949E-017  1.523322530526262E+000
  1.460000000000000E+004  2.596429938143059E-017  1.525976790761721E+000
  1.480000000000000E+004  2.596499749906515E-017  1.528604371274340E+000
  1.500000000000000E+004  2.596564199193488E-017  1.531205917140365E+000
  1.520000000000000E+004  2.596623521555488E-017  1.533782047580108E+000
  1.540000000000000E+004  2.596677948196897E-017  1.536333357428362E+000
  1.560000000000000E+004  2.596727705416465E-017  1.538860418500690E+000
  1.580000000000000E+004  2.596773014153880E-017  1.541363780864005E+000
  1.600000000000000E+004  2.596814089628227E-017  1.543843974019177E+000
  1.620000000000000E+004  2.596851141056642E-017  1.546301508002670E+000
  1.640000000000000E+004  2.596884371442843E-017  1.548736874413601E+000
  1.660000000000000E+004  2.596913977426384E-017  1.551150547372082E+000
  1.680000000000000E+004  2.596940149184545E-017  1.553542984414161E+000
  1.700000000000000E+004  2.596963070379678E-017  1.555914627328261E+000
  1.720000000000000E+004  2.596982918145738E-017  1.558265902937549E+000
  1.740000000000000E+004  2.596999863108360E-017  1.560597223832335E+000
  1.760000000000000E+004  2.597014069433583E-017  1.562908989056257E+000
  1.780000000000000E+004  2.597025694900872E-017  1.565201584749639E+000
  1.800000000000000E+004  2.597034890996590E-017  1.567475384753213E+000
  1.820000000000000E+004  2.597041803024575E-017  1.569730751175058E+000
  1.840000000000000E+004  2.597046570230819E-017  1.571968034923435E+000
  1.860000000000000E+004  2.597049325939685E-017  1.574187576207932E+000
  1.880000000000000E+004  2.597050197699357E-017  1.576389705011191E+000
  1.900000000000000E+004  2.597049307434522E-017  1.578574741533255E+000
  1.920000000000000E+004  2.597046771604560E-017  1.580742996610451E+000
  1.940000000000000E+004  2.597042701365696E-017  1.582894772110568E+000
  1.960000000000000E+004  2.597037202735812E-017  1.585030361305929E+000
  1.980000000000000E+004  2.597030376760756E-017  1.587150049225877E+000
  2.000000000000000E+004  2.597022319681175E-017  1.589254112990023E+000
