! time                    int_density             frank_density           perfect_density         vac_density             faulted_density         void_density            
  0.000000000000000E+000  0.000000000000000E+000  0.000000000000000E+000  0.000000000000000E+000  2.140585232712487E-007  0.000000000000000E+000  0.000000000000000E+000
  1.000000000000000E-001  4.183604602993069E-006  6.796316274673196E-004  5.870057949205089E-006  3.336650408152991E-002  3.753799277094744E-004  1.877830312470805E-011
  2.000000000000000E-001  2.988401199309363E-006  1.337899440337895E-003  3.854297479739025E-006  5.340312950751295E-002  6.970765010518997E-004  3.060408830945655E-011
  3.000000000000000E-001  2.416098528031864E-006  1.971447959369415E-003  2.999803872331758E-006  6.907288631591627E-002  9.944793826217341E-004  4.002368125716462E-011
  4.000000000000001E-001  2.072189968325938E-006  2.579128738234641E-003  2.514197627357937E-006  8.223854393075429E-002  1.277648541954704E-003  4.799858485285521E-011
  5.000000000000001E-001  1.844948714247701E-006  3.155896721191682E-003  2.202348842743606E-006  9.337245487382545E-002  1.549985903596250E-003  5.475530604725604E-011
  6.000000000000002E-001  1.681901378548435E-006  3.705304092111606E-003  1.982245551450167E-006  1.031114271517287E-001  1.815646302114885E-003  6.066276959861917E-011
  7.000000000000003E-001  1.559912521474047E-006  4.227322280490116E-003  1.818881757295790E-006  1.116546616349436E-001  2.076194097832111E-003  6.583391657229170E-011
  8.000000000000004E-001  1.465836379340334E-006  4.722391384322172E-003  1.693147824408230E-006  1.191463857084731E-001  2.332689379505387E-003  7.035547912192085E-011
  9.000000000000005E-001  1.391599339844944E-006  5.191357607783644E-003  1.593679970247613E-006  1.257004265816963E-001  2.585856218242447E-003  7.429902669460765E-011
  1.000000000000000E+000  1.331945409739321E-006  5.635402689227236E-003  1.513267398019334E-006  1.314126596046564E-001  2.836187738000774E-003  7.772646321665682E-011
  1.100000000000001E+000  1.283295414273267E-006  6.055965603601099E-003  1.447098996106924E-006  1.363675024382777E-001  3.084015406391520E-003  8.069288090133424E-011
  1.200000000000001E+000  1.243123707127735E-006  6.454661522666372E-003  1.391834113916227E-006  1.406413169120182E-001  3.329556532870007E-003  8.324808071604695E-011
  1.300000000000001E+000  1.209596061914573E-006  6.833204393382687E-003  1.345076981150016E-006  1.443041646380816E-001  3.572947734643529E-003  8.543740329582198E-011
  1.400000000000001E+000  1.181348435200574E-006  7.193338577603754E-003  1.305063275992284E-006  1.474206909338973E-001  3.814268975394237E-003  8.730220475551320E-011
  1.500000000000001E+000  1.157346036181564E-006  7.536782931837745E-003  1.270464780580547E-006  1.500505650766230E-001  4.053561059892093E-003  8.888015666018509E-011
  1.600000000000001E+000  1.136790385324798E-006  7.865188484883484E-003  1.240262993181093E-006  1.522487144117307E-001  4.290838467630866E-003  9.020546653655501E-011
  1.700000000000001E+000  1.119056226800672E-006  8.180109104050594E-003  1.213664685922072E-006  1.540654810416242E-001  4.526098798250342E-003  9.130906915913110E-011
  1.800000000000001E+000  1.103647655788734E-006  8.482983444376384E-003  1.190043894613441E-006  1.555467669045000E-001  4.759329713871146E-003  9.221881275401671E-011
  1.900000000000001E+000  1.090446687833689E-006  8.772884629912017E-003  1.169195730107995E-006  1.566766361248034E-001  4.989977818522479E-003  9.292711227204339E-011
  2.000000000000001E+000  1.078760583551741E-006  9.053737140790974E-003  1.150326731061525E-006  1.575672057438001E-001  5.218536437656077E-003  9.349880477962256E-011
  2.100000000000001E+000  1.068349314840970E-006  9.326513439135290E-003  1.133135152369046E-006  1.582488098197588E-001  5.444993404843303E-003  9.395150501341666E-011
  2.200000000000002E+000  1.059014215244925E-006  9.592081636821332E-003  1.117372418966180E-006  1.587486563578047E-001  5.669340942760629E-003  9.430090671071827E-011
  2.300000000000002E+000  1.050590000022418E-006  9.851212946344863E-003  1.102832786532990E-006  1.590910295433095E-001  5.891575953093317E-003  9.456092771329278E-011
  2.400000000000002E+000  1.042938554981735E-006  1.010458971710547E-002  1.089345115082855E-006  1.592975025290649E-001  6.111700142751848E-003  9.474385709625835E-011
  2.500000000000002E+000  1.035944059731098E-006  1.035281364238064E-002  1.076766434455885E-006  1.593871545790359E-001  6.329720008453309E-003  9.486050106312301E-011
  2.600000000000002E+000  1.029509115212522E-006  1.059641383316693E-002  1.064976856559040E-006  1.593767873716186E-001  6.545646703949452E-003  9.492032475783764E-011
  2.700000000000002E+000  1.023551635617284E-006  1.083585454988787E-002  1.053875512809900E-006  1.592811363338132E-001  6.759495814131736E-003  9.493158788330816E-011
  2.800000000000002E+000  1.018002328738821E-006  1.107154245869813E-002  1.043377281574647E-006  1.591130738641906E-001  6.971287058744469E-003  9.490147266576584E-011
  2.900000000000002E+000  1.012802634561418E-006  1.130383333672151E-002  1.033410131337543E-006  1.588838021642336E-001  7.181043946146551E-003  9.483620323912054E-011
  3.000000000000002E+000  1.007903024852778E-006  1.153303819267614E-002  1.023912948929066E-006  1.586030341268217E-001  7.388793394921090E-003  9.474115594781779E-011
  3.100000000000002E+000  1.003261590453806E-006  1.175942879900912E-002  1.014833753688174E-006  1.582791613336163E-001  7.594565338419250E-003  9.462096039534503E-011
  3.200000000000002E+000  9.988428604302367E-007  1.198324265174183E-002  1.006128221519970E-006  1.579194087018907E-001  7.798392324707588E-003  9.447959131462152E-011
  3.300000000000002E+000  9.946168100885397E-007  1.220468738714398E-002  9.977584598800314E-007  1.575299757097363E-001  8.000309121960415E-003  9.432045152101912E-011
  3.400000000000003E+000  9.905580243536696E-007  1.242394469204953E-002  9.896919874669391E-007  1.571161644302992E-001  8.200352337148803E-003  9.414644634142047E-011
  3.500000000000003E+000  9.866449900806661E-007  1.264117374860107E-002  9.819008820243646E-007  1.566824948336200E-001  8.398560053944334E-003  9.396005000400438E-011
  3.600000000000003E+000  9.828594961874170E-007  1.285651425558394E-002  9.743610669863167E-007  1.562328079804117E-001  8.594971494080181E-003  9.376336453186385E-011
  3.700000000000003E+000  9.791861245289934E-007  1.307008906811865E-002  9.670517133460908E-007  1.557703578461014E-001  8.789626704985761E-003  9.355817171597870E-011
  3.800000000000003E+000  9.756118175290356E-007  1.328200649592186E-002  9.599547375246977E-007  1.552978925848662E-001  8.982566275318243E-003  9.334597875510778E-011
  3.900000000000003E+000  9.721255109896902E-007  1.349236229805755E-002  9.530543794723823E-007  1.548177260802684E-001  9.173831079036208E-003  9.312805814642384E-011
  4.000000000000003E+000  9.687178223985485E-007  1.370124140938915E-002  9.463368479862554E-007  1.543318006384513E-001  9.363462047876277E-003  9.290548239497451E-011
  4.100000000000002E+000  9.653807865690660E-007  1.390871943102879E-002  9.397900224358700E-007  1.538417416677923E-001  9.551499971481440E-003  9.267915408547716E-011
  4.200000000000002E+000  9.621076316841874E-007  1.411486391411296E-002  9.334032018806523E-007  1.533489051606011E-001  9.737985323968031E-003  9.244983182911046E-011
  4.300000000000002E+000  9.588925898292160E-007  1.431973546331809E-002  9.271668940300743E-007  1.528544187523575E-001  9.922958115386215E-003  9.221815256303271E-011
  4.400000000000001E+000  9.557307369487821E-007  1.452338868373356E-002  9.210726377081023E-007  1.523592170857712E-001  1.010645776630634E-002  9.198465064304946E-011
  4.500000000000001E+000  9.526178578796298E-007  1.472587299207796E-002  9.151128534894289E-007  1.518640721536952E-001  1.028852300363188E-002  9.174977413159897E-011
  4.600000000000001E+000  9.495503327221890E-007  1.492723331080070E-002  9.092807180157152E-007  1.513696192390927E-001  1.046919177568253E-002  9.151389864512859E-011
  4.800000000000001E+000  9.435545463866679E-007  1.532573160872378E-002  8.980022761050904E-007  1.503865909170863E-001  1.082521405752495E-002  9.104065800669508E-011
  5.000000000000001E+000  9.377043643459744E-007  1.572027303811182E-002  8.871621222089971E-007  1.494118927049467E-001  1.117619939078604E-002  9.056687869136655E-011
  5.200000000000001E+000  9.319857026980771E-007  1.611108914088780E-002  8.767255645875563E-007  1.484471781412406E-001  1.152240964410704E-002  9.009376269370306E-011
  5.400000000000001E+000  9.263872651849764E-007  1.649838410396494E-002  8.666625231118799E-007  1.474935327384879E-001  1.186409058201479E-002  8.962219636399179E-011
  5.600000000000001E+000  9.208998322212759E-007  1.688233984732836E-002  8.569466563126786E-007  1.465516380154756E-001  1.220147241161760E-002  8.915283679129185E-011
  5.800000000000002E+000  9.155157456539508E-007  1.726311995462715E-002  8.475546716028033E-007  1.456218894294205E-001  1.253477048394183E-002  8.868617361255088E-011
  6.000000000000002E+000  9.102285356799301E-007  1.764087271767852E-002  8.384657987620834E-007  1.447044810367237E-001  1.286418609028479E-002  8.822257339439289E-011
  6.200000000000002E+000  9.050326496989937E-007  1.801573350969621E-002  8.296613831474807E-007  1.437994660151657E-001  1.318990730705194E-002  8.776231155184271E-011
  6.400000000000002E+000  8.999232541445590E-007  1.838782665229993E-002  8.211245671915473E-007  1.429067997422527E-001  1.351210985451171E-002  8.730559533617039E-011
  6.600000000000002E+000  8.948960885180097E-007  1.875726690083850E-002  8.128400374746428E-007  1.420263703423439E-001  1.383095794479299E-002  8.685258043921687E-011
  6.800000000000002E+000  8.899473567830684E-007  1.912416064097312E-002  8.047938209405086E-007  1.411580202849362E-001  1.414660510226089E-002  8.640338304914703E-011
  7.000000000000003E+000  8.850736455558134E-007  1.948860686548935E-002  7.969731183431582E-007  1.403015616255754E-001  1.445919494539271E-002  8.595808867184674E-011
  7.200000000000003E+000  8.802718615954166E-007  1.985069798240611E-002  7.893661662540110E-007  1.394567867491874E-001  1.476886192374749E-002  8.551675865303935E-011
  7.400000000000003E+000  8.755391832889524E-007  2.021052049222590E-002  7.819621212792286E-007  1.386234759409211E-001  1.507573200688283E-002  8.507943506246342E-011
  7.600000000000003E+000  8.708730223746378E-007  2.056815556246775E-002  7.747509617991387E-007  1.378014027227465E-001  1.537992332438334E-002  8.464614440565634E-011
  7.800000000000003E+000  8.662709932415672E-007  2.092367952052857E-002  7.677234037333563E-007  1.369903376168338E-001  1.568154675775212E-002  8.421690049012013E-011
  8.000000000000004E+000  8.617308879123548E-007  2.127716428073647E-002  7.608708276928194E-007  1.361900507996507E-001  1.598070648595836E-002  8.379170667504537E-011
  8.200000000000003E+000  8.572506553533825E-007  2.162867771767011E-002  7.541852155004484E-007  1.354003139716854E-001  1.627750048707733E-002  8.337055766561745E-011
  8.400000000000002E+000  8.528283841343794E-007  2.197828399503721E-002  7.476590945146334E-007  1.346209016701266E-001  1.657202099881356E-002  8.295344096554394E-011
  8.600000000000001E+000  8.484622877233727E-007  2.232604385735412E-002  7.412854885229197E-007  1.338515921837251E-001  1.686435494085015E-002  8.254033806862289E-011
  8.800000000000001E+000  8.441506918889925E-007  2.267201489014411E-002  7.350578742214280E-007  1.330921681816615E-001  1.715458430198136E-002  8.213122544746115E-011
  9.000000000000000E+000  8.398920238138061E-007  2.301625175322799E-002  7.289701424828906E-007  1.323424171352955E-001  1.744278649490746E-002  8.172607538169535E-011
  9.199999999999999E+000  8.356848026162973E-007  2.335880639081387E-002  7.230165637595806E-007  1.316021315888053E-001  1.772903468143626E-002  8.132485665711218E-011
  9.399999999999999E+000  8.315276310469664E-007  2.369972822142743E-002  7.171917570788285E-007  1.308711093187854E-001  1.801339807066776E-002  8.092753515935942E-011
  9.599999999999998E+000  8.274191881736203E-007  2.403906431020702E-002  7.114906621766409E-007  1.301491534117569E-001  1.829594219255445E-002  8.053407438048387E-011
  9.799999999999997E+000  8.233582229077548E-007  2.437685952568052E-002  7.059085143851278E-007  1.294360722807260E-001  1.857672914904086E-002  8.014443585259768E-011
  9.999999999999996E+000  8.193435482517495E-007  2.471315668281657E-002  7.004408219463316E-007  1.287316796363829E-001  1.885581784480074E-002  7.975857952008825E-011
  1.050000000000000E+001  8.095220804969971E-007  2.554494803514976E-002  6.872784666845237E-007  1.270158809233648E-001  1.954370968533938E-002  7.881401894592418E-011
  1.100000000000000E+001  7.999691021550681E-007  2.636840709040497E-002  6.747430449920220E-007  1.253473910149125E-001  2.022249669919293E-002  7.789054314582349E-011
  1.150000000000000E+001  7.906666798553258E-007  2.718406179060717E-002  6.627804251799392E-007  1.237254716098222E-001  2.089282525760665E-002  7.698849116217399E-011
  1.200000000000000E+001  7.816009197625857E-007  2.799237733551685E-002  6.513444053635251E-007  1.221484661096762E-001  2.155527525290605E-002  7.610751094405974E-011
  1.250000000000000E+001  7.727600010126304E-007  2.879377129532374E-002  6.403946140342874E-007  1.206144833533213E-001  2.221036847835493E-002  7.524702822782328E-011
  1.300000000000000E+001  7.641334035110295E-007  2.958862234405668E-002  6.298953289921671E-007  1.191216358235070E-001  2.285857560089790E-002  7.440640704852764E-011
  1.350000000000000E+001  7.557115671205291E-007  3.037727598910144E-002  6.198147019691010E-007  1.176681177134353E-001  2.350032223438769E-002  7.358500524635078E-011
  1.400000000000000E+001  7.474857122642309E-007  3.116004879167268E-002  6.101241854819932E-007  1.162522259389488E-001  2.413599424638282E-002  7.278219370163781E-011
  1.409999999999999E+001  7.458618900001710E-007  3.131647420144060E-002  6.082264302926954E-007  1.159704944828952E-001  2.426298634178774E-002  7.262220197230212E-011
  1.420000000000000E+001  7.442442313931602E-007  3.147264399721893E-002  6.063425828411566E-007  1.156911932908737E-001  2.438970146212632E-002  7.246354905586856E-011
  1.430000000000000E+001  7.426334328141080E-007  3.162853705150578E-002  6.044730075587411E-007  1.154140428913295E-001  2.451612336498588E-002  7.230603241116958E-011
  1.440000000000000E+001  7.410297411045405E-007  3.178420986732207E-002  6.026173648116916E-007  1.151384816152649E-001  2.464231423844301E-002  7.214932325198970E-011
  1.459999999999999E+001  7.378447941478895E-007  3.209467849892166E-002  5.989492391493213E-007  1.145928242264541E-001  2.489379441352514E-002  7.183868165833061E-011
  1.479999999999999E+001  7.346888825017982E-007  3.240428728697234E-002  5.953354375045672E-007  1.140526088114732E-001  2.514439463283822E-002  7.153074694665504E-011
  1.499999999999999E+001  7.315614662990142E-007  3.271305285726996E-002  5.917745422262550E-007  1.135177781102345E-001  2.539413543921464E-002  7.122551412246389E-011
  1.549999999999999E+001  7.238742271879330E-007  3.347982389155132E-002  5.831091401937578E-007  1.122082449873205E-001  2.601340384648607E-002  7.047635909237350E-011
  1.599999999999999E+001  7.163567081972300E-007  3.424172762489393E-002  5.747464656279616E-007  1.109287770201403E-001  2.662784945829048E-002  6.974245691824948E-011
  1.649999999999999E+001  7.090006129034686E-007  3.499899336706994E-002  5.666676847302691E-007  1.096793186109651E-001  2.723771212932922E-002  6.902402855065099E-011
  1.699999999999999E+001  7.017995517734416E-007  3.575182484087455E-002  5.588563962104323E-007  1.084590649513024E-001  2.784321381898756E-002  6.832078756523606E-011
  1.749999999999999E+001  6.947479272403920E-007  3.650040846840786E-002  5.512978051984132E-007  1.072670227769813E-001  2.844456005398217E-002  6.763231295034060E-011
  1.799999999999999E+001  6.878405807062330E-007  3.724491704268178E-002  5.439783768115874E-007  1.061021816453613E-001  2.904194120308301E-002  6.695815881402128E-011
  1.849999999999999E+001  6.810726713635594E-007  3.798551167185158E-002  5.368856510568647E-007  1.049635640003828E-001  2.963553372753494E-002  6.629788592716595E-011
  1.899999999999999E+001  6.744396257639352E-007  3.872234304679940E-002  5.300081169668348E-007  1.038502377587810E-001  3.022550137880133E-002  6.565107009634947E-011
  1.949999999999999E+001  6.679371096963888E-007  3.945555241129937E-002  5.233351132404663E-007  1.027613175719918E-001  3.081199631267172E-002  6.501730380465572E-011
  1.999999999999999E+001  6.615610078894845E-007  4.018527237415324E-002  5.168567442339913E-007  1.016959628615967E-001  3.139516010710199E-002  6.439619598390486E-011
  2.049999999999999E+001  6.553074071649645E-007  4.091162761810501E-002  5.105638069212103E-007  1.006533750922301E-001  3.197512468350318E-002  6.378737132253753E-011
  2.099999999999999E+001  6.491725816511021E-007  4.163473553032620E-002  5.044477266457626E-007  9.963279500679079E-002  3.255201313716215E-002  6.319046949686941E-011
  2.149999999999999E+001  6.431529795379496E-007  4.235470676817012E-002  4.985005002782317E-007  9.863350002054794E-002  3.312594048472659E-002  6.260514442370438E-011
  2.199999999999999E+001  6.372452111185184E-007  4.307164576937387E-002  4.927146457359919E-007  9.765480181427355E-002  3.369701433711769E-002  6.203106355398518E-011
  2.249999999999999E+001  6.314460379463542E-007  4.378565121371358E-002  4.870831570187596E-007  9.669604412238814E-002  3.426533550586076E-002  6.146790720806187E-011
  2.299999999999999E+001  6.257523629761041E-007  4.449681644184344E-002  4.815994640488312E-007  9.575660070116025E-002  3.483099855014482E-002  6.091536794958361E-011
  2.349999999999999E+001  6.201612215747156E-007  4.520522983616510E-002  4.762573967112184E-007  9.483587346050086E-002  3.539409227116107E-002  6.037314999498960E-011
  2.399999999999999E+001  6.146697733064836E-007  4.591097516789582E-002  4.710511525759672E-007  9.393329074385923E-002  3.595470015952889E-002  5.984096865606764E-011
  2.449999999999999E+001  6.092752944079397E-007  4.661413191395186E-002  4.659752678576895E-007  9.304830574222717E-002  3.651290080093509E-002  5.931854981346280E-011
  2.499999999999999E+001  6.039751708794327E-007  4.731477554680466E-002  4.610245912286243E-007  9.218039502972122E-002  3.706876824450137E-002  5.880562941928166E-011
  2.599999999999999E+001  5.936616696326972E-007  4.870630586153633E-002  4.514949944784799E-007  9.049815207412698E-002  3.817172620434300E-002  5.780956079127685E-011
  2.699999999999999E+001  5.836965819364450E-007  5.008872585312472E-002  4.424100578746260E-007  8.887636056309707E-002  3.926636024421620E-002  5.684738640176139E-011
  2.799999999999999E+001  5.740609705534490E-007  5.146252956906239E-002  4.337369896314608E-007  8.731313170517660E-002  4.035308900260302E-002  5.591825121986267E-011
  2.899999999999999E+001  5.647385741689936E-007  5.282815005085499E-002  4.254470408005285E-007  8.580551454829408E-002  4.143229626318386E-002  5.502060479463567E-011
  2.999999999999999E+001  5.557144049287465E-007  5.418597957173996E-002  4.175143223692172E-007  8.435060172893882E-002  4.250433205282318E-002  5.415290315897698E-011
  3.099999999999999E+001  5.469744833881626E-007  5.553637677788965E-002  4.099153584984871E-007  8.294567072751571E-002  4.356951530120864E-002  5.331369362765947E-011
  3.199999999999999E+001  5.385057321554199E-007  5.687967093141165E-002  4.026287856469494E-007  8.158818707443551E-002  4.462813687655381E-002  5.250161690555673E-011
  3.299999999999999E+001  5.302958967031225E-007  5.821616518661605E-002  3.956351065014943E-007  8.027578988554987E-002  4.568046251114067E-002  5.171539989335131E-011
  3.399999999999999E+001  5.223334762243946E-007  5.954613934140113E-002  3.889164802450749E-007  7.900627669406199E-002  4.672673546700915E-002  5.095384847531264E-011
  3.499999999999999E+001  5.146076618968059E-007  6.086985221058643E-002  3.824565418952473E-007  7.777758968918866E-002  4.776717891412805E-002  5.021584113020199E-011
  3.599999999999999E+001  5.071082815824713E-007  6.218754369630064E-002  3.762402458476732E-007  7.658780343173624E-002  4.880199803472570E-002  4.950032326584993E-011
  3.699999999999999E+001  4.998257501961795E-007  6.349943660591641E-002  3.702537297848299E-007  7.543511387881968E-002  4.983138188007470E-002  4.880630214454327E-011
  3.799999999999999E+001  4.927510250562477E-007  6.480573825585079E-002  3.644841958151362E-007  7.431782854938790E-002  5.085550500827666E-002  4.813284230426975E-011
  3.899999999999999E+001  4.858755656143461E-007  6.610664189187238E-002  3.589198062597443E-007  7.323435768593571E-002  5.187452893011456E-002  4.747906140720708E-011
  3.999999999999999E+001  4.791912970391602E-007  6.740232795106894E-002  3.535495919477345E-007  7.218320628960305E-002  5.288860338734438E-002  4.684412646249056E-011
  4.099999999999999E+001  4.726905771994988E-007  6.869296518644616E-002  3.483633712392394E-007  7.116296692389318E-002  5.389786748486353E-002  4.622725038022340E-011
  4.199999999999999E+001  4.663661666540545E-007  6.997871167182360E-002  3.433516782876555E-007  7.017231319712389E-002  5.490245069540541E-002  4.562768882059453E-011
  4.299999999999999E+001  4.602112013079173E-007  7.125971570202481E-002  3.385056992902503E-007  6.920999384612478E-002  5.590247375289902E-002  4.504473730714863E-011
  4.399999999999999E+001  4.542191674411125E-007  7.253611660116829E-002  3.338172156718273E-007  6.827482735411418E-002  5.689804944843271E-002  4.447772857735069E-011
  4.499999999999999E+001  4.483838788529566E-007  7.380804545005150E-002  3.292785533071470E-007  6.736569704449291E-002  5.788928334085685E-002  4.392603014694345E-011
  4.599999999999999E+001  4.426994558989248E-007  7.507562574210221E-002  3.248825370211226E-007  6.648154659976416E-002  5.887627439242336E-002  4.338904206740556E-011
  4.799999999999999E+001  4.317771582192446E-007  7.759383636098446E-002  3.165074793373707E-007  6.478776952999622E-002  6.083416339715676E-002  4.235880169868023E-011
  4.999999999999999E+001  4.213925435974365E-007  8.009617945738712E-002  3.086255698353060E-007  6.318106459995185E-002  6.277649790496317E-002  4.138012820618102E-011
  5.199999999999999E+001  4.115078472088665E-007  8.258342825676378E-002  3.011937624950391E-007  6.165593488611302E-002  6.470380236859458E-002  4.044986450715634E-011
  5.399999999999999E+001  4.020889981579546E-007  8.505626049887545E-002  2.941741688831299E-007  6.020647331092704E-002  6.661656617521367E-002  3.956457624117650E-011
  5.599999999999999E+001  3.931048776736352E-007  8.751528617506178E-002  2.875330751954613E-007  5.882727831705146E-002  6.851523988550551E-002  3.872112377744056E-011
  5.799999999999999E+001  3.845270045742432E-007  8.996105861408656E-002  2.812403662409918E-007  5.751344260197790E-002  7.040023725196748E-002  3.791665087282969E-011
  5.999999999999999E+001  3.763292673230914E-007  9.239408226016968E-002  2.752690536187317E-007  5.626049983462658E-002  7.227193868217230E-002  3.714855253099167E-011
  6.199999999999999E+001  3.684876866763261E-007  9.481481889903061E-002  2.695948773417044E-007  5.506437634059261E-002  7.413069485445420E-002  3.641444738062423E-011
  6.399999999999999E+001  3.609802057594760E-007  9.722369283246228E-002  2.641959673848174E-007  5.392134901893368E-002  7.597683008907852E-002  3.571215407142673E-011
  6.600000000000000E+001  3.537865042821665E-007  9.962109525093910E-002  2.590525548124213E-007  5.282800860964165E-002  7.781064536520185E-002  3.503967078820384E-011
  6.800000000000000E+001  3.468878337948089E-007  1.020073879651672E-001  2.541467241460808E-007  5.178122751279974E-002  7.963242097423166E-002  3.439515730779036E-011
  7.000000000000000E+001  3.402668712656628E-007  1.043829066129597E-001  2.494622002040222E-007  5.077813150111071E-002  8.144241883557518E-002  3.377691919400812E-011
  7.200000000000000E+001  3.339075886336190E-007  1.067479634305615E-001  2.449841638923816E-007  4.981607477901941E-002  8.324088451158224E-002  3.318339381965522E-011
  7.400000000000000E+001  3.277951363266789E-007  1.091028496588974E-001  2.406990924240198E-007  4.889261793036237E-002  8.502804895961869E-002  3.261313796460816E-011
  7.600000000000000E+001  3.219157390224818E-007  1.114478376415815E-001  2.365946202379334E-007  4.800550836836550E-002  8.680413005659818E-002  3.206481678211710E-011
  7.800000000000000E+001  3.162566021695385E-007  1.137831826611426E-001  2.326594175338720E-007  4.715266296075003E-002  8.856933392744572E-002  3.153719395830251E-011
  8.000000000000000E+001  3.108058279923349E-007  1.161091245518099E-001  2.288830838557542E-007  4.633215255142665E-002  9.032385610491547E-002  3.102912291610190E-011
  8.200000000000000E+001  3.055523398762373E-007  1.184258891207422E-001  2.252560545794675E-007  4.554218814077909E-002  9.206788254438408E-002  3.053953893634420E-011
  8.400000000000000E+001  3.004858141745207E-007  1.207336894043820E-001  2.217695185055050E-007  4.478110852041524E-002  9.380159051384135E-002  3.006745208639489E-011
  8.600000000000000E+001  2.955966186042433E-007  1.230327267823774E-001  2.184153450400710E-007  4.404736918672536E-002  9.552514937634149E-002  2.961194086170585E-011
  8.800000000000000E+001  2.908757565038278E-007  1.253231919680351E-001  2.151860196819385E-007  4.333953238158995E-002  9.723872127963454E-002  2.917214645817307E-011
  9.000000000000000E+001  2.863148163160651E-007  1.276052658914024E-001  2.120745867259371E-007  4.265625812891154E-002  9.894246176553066E-002  2.874726760388465E-011
  9.500000000000000E+001  2.755900677845598E-007  1.332594494060211E-001  2.047959981295339E-007  4.105209838621265E-002  1.031439430901237E-001  2.774784029499260E-011
  1.000000000000000E+002  2.657009217432393E-007  1.388655450097407E-001  1.981213483286297E-007  3.957507121127564E-002  1.072888853006836E-001  2.682605953160754E-011
  1.050000000000000E+002  2.565546982158268E-007  1.444257107028708E-001  1.919772648283767E-007  3.821114510442327E-002  1.113788507899451E-001  2.597337376879993E-011
  1.100000000000000E+002  2.480715621792927E-007  1.499418632548593E-001  1.863018132574702E-007  3.694783574655883E-002  1.154154249275177E-001  2.518220686953758E-011
  1.150000000000000E+002  2.401824966532535E-007  1.554157349824101E-001  1.810423282640750E-007  3.577440691945891E-002  1.194001527664044E-001  2.444605571683701E-011
  1.200000000000000E+002  2.328275800788130E-007  1.608489048635317E-001  1.761537509831633E-007  3.468158309187934E-002  1.233345195558409E-001  2.375930198131517E-011
  1.250000000000000E+002  2.259545663726757E-007  1.662428213871218E-001  1.715973086630592E-007  3.366131167221746E-002  1.272199460772902E-001  2.311706484150167E-011
  1.300000000000000E+002  2.195177154802237E-007  1.715988204867909E-001  1.673394583144790E-007  3.270656982138265E-002  1.310577894516654E-001  2.251508372791071E-011
  1.350000000000000E+002  2.134768269669743E-007  1.769181400247215E-001  1.633510355059724E-007  3.181120644502938E-002  1.348493459842739E-001  2.194962318048056E-011
  1.400000000000000E+002  2.077964379131166E-007  1.822019316945909E-001  1.596065636198466E-007  3.096981215910548E-002  1.385958546752430E-001  2.141739478794713E-011
  1.450000000000000E+002  2.024451541278533E-007  1.874512709293274E-001  1.560836895259485E-007  3.017761166110045E-002  1.422985008224685E-001  2.091549263639397E-011
  1.500000000000000E+002  1.973950899817080E-007  1.926671652341943E-001  1.527627195764789E-007  2.943037416396800E-002  1.459584194789789E-001  2.044133958678848E-011
  1.550000000000000E+002  1.926213971290653E-007  1.978505612581797E-001  1.496262357729217E-007  2.872433847929367E-002  1.495766986741174E-001  1.999264231412899E-011
  1.600000000000000E+002  1.881018663100336E-007  2.030023508422641E-001  1.466587764344007E-007  2.805615004891725E-002  1.531543823744137E-001  1.956735348745772E-011
  1.650000000000000E+002  1.838165895061418E-007  2.081233762295870E-001  1.438465690919685E-007  2.742280777476751E-002  1.566924731896683E-001  1.916363980615123E-011
  1.700000000000000E+002  1.797476721616462E-007  2.132144345829641E-001  1.411773059261695E-007  2.682161892490011E-002  1.601919348421392E-001  1.877985486580248E-011
  1.750000000000000E+002  1.758789871148753E-007  2.182762819253927E-001  1.386399540596989E-007  2.625016072894779E-002  1.636536944208951E-001  1.841451602742675E-011
  1.800000000000000E+002  1.721959634231240E-007  2.233096365963734E-001  1.362245945620063E-007  2.570624754018225E-002  1.670786444437301E-001  1.806628462096160E-011
  1.850000000000000E+002  1.686854044957295E-007  2.283151822992161E-001  1.339222852277038E-007  2.518790265048199E-002  1.704676447476532E-001  1.773394893835460E-011
  1.900000000000000E+002  1.653353309391469E-007  2.332935708006738E-001  1.317249431365618E-007  2.469333401102532E-002  1.738215242269313E-001  1.741640957048049E-011
  1.950000000000000E+002  1.621348443161682E-007  2.382454243333244E-001  1.296252437500452E-007  2.422091324485131E-002  1.771410824354809E-001  1.711266672135657E-011
  2.000000000000000E+002  1.590740086684960E-007  2.431713377424238E-001  1.276165338930164E-007  2.376915744470985E-002  1.804270910683173E-001  1.682180919690260E-011
  2.050000000000000E+002  1.561437471785944E-007  2.480718804119686E-001  1.256927564436060E-007  2.333671333636309E-002  1.836802953348725E-001  1.654300481709669E-011
  2.100000000000000E+002  1.533357517772121E-007  2.529475979990642E-001  1.238483849353541E-007  2.292234345795986E-002  1.869014152353234E-001  1.627549204233153E-011
  2.200000000000000E+002  1.480710315622255E-007  2.626029812927962E-001  1.203907513775107E-007  2.214545760240358E-002  1.932228615024512E-001  1.577264610350739E-011
  2.300000000000000E+002  1.432087226518713E-007  2.721663364155771E-001  1.171930992244921E-007  2.142797403649919E-002  1.994273105551951E-001  1.530716454364971E-011
  2.400000000000000E+002  1.387037436202258E-007  2.816412213204309E-001  1.142258162902275E-007  2.076323589793875E-002  2.055189440272721E-001  1.487485702080947E-011
  2.500000000000000E+002  1.345174461986058E-007  2.910309402965354E-001  1.114636446783874E-007  2.014550529322060E-002  2.115019399142103E-001  1.447214277110076E-011
  2.600000000000000E+002  1.306165486654810E-007  3.003385745175468E-001  1.088849170446102E-007  1.956984990361115E-002  2.173803459785680E-001  1.409595299254176E-011
  2.700000000000000E+002  1.269722469663519E-007  3.095670051712388E-001  1.064709432353167E-007  1.903200661631308E-002  2.231580381217902E-001  1.374363685157778E-011
  2.800000000000000E+002  1.235594916417433E-007  3.187189330638536E-001  1.042055164018724E-007  1.852827190861006E-002  2.288387089967413E-001  1.341289071714308E-011
  2.900000000000000E+002  1.203563983188749E-007  3.277968955369532E-001  1.020745134600315E-007  1.805541305367923E-002  2.344258686712179E-001  1.310170231657727E-011
  3.000000000000000E+002  1.173437648047840E-007  3.368032811886183E-001  1.000655699471442E-007  1.761059566453036E-002  2.399228504414596E-001  1.280830567590743E-011
  3.100000000000000E+002  1.145046733664520E-007  3.457403427704962E-001  9.816781377890192E-008  1.719132418264814E-002  2.453328188507959E-001  1.253114430201090E-011
  3.200000000000000E+002  1.118241613748684E-007  3.546102085539820E-001  9.637164590302316E-008  1.679539270110560E-002  2.506587785422336E-001  1.226884083379462E-011
  3.300000000000000E+002  1.092889471000559E-007  3.634148924006477E-001  9.466855852625709E-008  1.642084409458795E-002  2.559035832692681E-001  1.202017184860566E-011
  3.400000000000000E+002  1.068872002434447E-007  3.721563027275245E-001  9.305098363369749E-008  1.606593586911463E-002  2.610699447227631E-001  1.178404681974197E-011
  3.500000000000000E+002  1.046083489601767E-007  3.808362505233234E-001  9.151216607982178E-008  1.572911148027704E-002  2.661604410018964E-001  1.155949044368000E-011
  3.600000000000000E+002  1.024429168042540E-007  3.894564565445539E-001  9.004605672836714E-008  1.540897612723257E-002  2.711775246478811E-001  1.134562772155175E-011
  3.700000000000000E+002  1.003823843385438E-007  3.980185577989616E-001  8.864722204277525E-008  1.510427622983961E-002  2.761235302090103E-001  1.114167130559361E-011
  3.800000000000000E+002  9.841907117675535E-008  4.065241134064342E-001  8.731076724718136E-008  1.481388195235500E-002  2.810006813333026E-001  1.094691071861750E-011
  3.900000000000000E+002  9.654603503157537E-008  4.149746099135306E-001  8.603227073933478E-008  1.453677225953751E-002  2.858110974004315E-001  1.076070313041701E-011
  4.000000000000000E+002  9.475698498203988E-008  4.233714661263827E-001  8.480772787836471E-008  1.427202208763583E-002  2.905567997129131E-001  1.058246543465414E-011
  4.100000000000000E+002  9.304620668170195E-008  4.317160375173268E-001  8.363350261961782E-008  1.401879128946074E-002  2.952397172706785E-001  1.041166741699421E-011
  4.200000000000000E+002  9.140849763598095E-008  4.400096202528445E-001  8.250628574674491E-008  1.377631507399470E-002  2.998616921548193E-001  1.024782584289278E-011
  4.400000000000000E+002  8.834398900494725E-008  4.564009835678421E-001  8.039099652659029E-008  1.332236781619749E-002  3.088787332929922E-001  9.940094322681366E-012
  4.600000000000000E+002  8.551767866422750E-008  4.726055972321785E-001  7.842901412448572E-008  1.290350920378815E-002  3.176788086223927E-001  9.655265289427156E-012
  4.800000000000000E+002  8.290198288823546E-008  4.886317470534876E-001  7.660284193807023E-008  1.251567919825959E-002  3.262724119503303E-001  9.390696933239259E-012
  5.000000000000000E+002  8.047342664537237E-008  5.044871037420648E-001  7.489759327164002E-008  1.215542236165658E-002  3.346696647296887E-001  9.144168135382903E-012
  5.200000000000000E+002  7.821192316647637E-008  5.201787808341126E-001  7.330052690208353E-008  1.181978425846396E-002  3.428801015801631E-001  8.913784658967313E-012
  5.400000000000000E+002  7.610018750967990E-008  5.357133888747837E-001  7.180067372751804E-008  1.150622329474387E-002  3.509126363758978E-001  8.697916423641869E-012
  5.600000000000000E+002  7.412326501771150E-008  5.510970840188976E-001  7.038853747076225E-008  1.121254073425514E-002  3.587755814668345E-001  8.495151405110565E-012
  5.800000000000000E+002  7.226815092178980E-008  5.663356110280195E-001  6.905585370284065E-008  1.093682451514389E-002  3.664766839174281E-001  8.304259591270335E-012
  6.000000000000000E+002  7.052348172889034E-008  5.814343412288755E-001  6.779539461882180E-008  1.067740377304506E-002  3.740231664382530E-001  8.124164103601792E-012
  6.200000000000000E+002  6.887928328439658E-008  5.963983060762764E-001  6.660080984062694E-008  1.043281176352531E-002  3.814217682568093E-001  7.953917751759863E-012
  6.400000000000000E+002  6.732676382059255E-008  6.112322269109335E-001  6.546649575807942E-008  1.020175542979184E-002  3.886787840069195E-001  7.792683822082954E-012
  6.600000000000000E+002  6.585814293326940E-008  6.259405414243536E-001  6.438748762499679E-008  9.983090267517801E-003  3.958000999021509E-001  7.639720216502772E-012
  6.800000000000000E+002  6.446650943450299E-008  6.405274272676086E-001  6.335936991944757E-008  9.775799441764252E-003  4.027912269909744E-001  7.494366271103150E-012
  7.000000000000000E+002  6.314570255860198E-008  6.549968231749265E-001  6.237820145837302E-008  9.578976339716975E-003  4.096573315375772E-001  7.356031736101502E-012
  7.200000000000000E+002  6.189021216838512E-008  6.693524479173789E-001  6.144045250527173E-008  9.391809917027998E-003  4.164032626844006E-001  7.224187511993013E-012
  7.400000000000000E+002  6.069509450950611E-008  6.835978173553755E-001  6.054295168422138E-008  9.213572329050184E-003  4.230335775987472E-001  7.098357821928432E-012
  7.600000000000000E+002  5.955590075787698E-008  6.977362598198074E-001  5.968284095746480E-008  9.043608441384150E-003  4.295525643189552E-001  6.978113565734654E-012
  7.800000000000000E+002  5.846861614860626E-008  7.117709300191867E-001  5.885753726908179E-008  8.881326894383250E-003  4.359642625120798E-001  6.863066651543459E-012
  8.000000000000000E+002  5.742960790089714E-008  7.257048216428682E-001  5.806469972756005E-008  8.726192459086851E-003  4.422724823433564E-001  6.752865140454789E-012
  8.200000000000000E+002  5.643558048941351E-008  7.395407788074949E-001  5.730220141299261E-008  8.577719471561549E-003  4.484808216424847E-001  6.647189070696706E-012
  8.400000000000000E+002  5.548353707926733E-008  7.532815064743941E-001  5.656810506335425E-008  8.435466171883272E-003  4.545926815354240E-001  6.545746852322379E-012
  8.600000000000000E+002  5.457074615454911E-008  7.669295799491810E-001  5.586064202879202E-008  8.299029805294390E-003  4.606112806942315E-001  6.448272143071525E-012
  8.800000000000000E+002  5.369471254101465E-008  7.804874535607853E-001  5.517819399065168E-008  8.168042368168992E-003  4.665396683421498E-001  6.354521131725881E-012
  9.000000000000000E+002  5.285315216119126E-008  7.939574686050985E-001  5.451927702880470E-008  8.042166901650211E-003  4.723807361370016E-001  6.264270167945417E-012
  9.500000000000000E+002  5.089706249238041E-008  8.271108299438084E-001  5.297876590925393E-008  7.749377992013908E-003  4.864840375986845E-001  6.053608228328172E-012
  1.000000000000000E+003  4.911297021282665E-008  8.597730561296423E-001  5.155635865636982E-008  7.482141749495023E-003  5.001173084792256E-001  5.860623584772541E-012
  1.050000000000000E+003  4.747821618822636E-008  8.919717392079006E-001  5.023727656422314E-008  7.237099698765840E-003  5.133106863940488E-001  5.683018060639968E-012
  1.100000000000000E+003  4.597399446937769E-008  9.237318701460865E-001  4.900919949583173E-008  7.011467726966855E-003  5.260922074715201E-001  5.518906534005131E-012
  1.150000000000000E+003  4.458457429383080E-008  9.550761543948498E-001  4.786177365822511E-008  6.802917102092993E-003  5.384874821271886E-001  5.366711853168917E-012
  1.200000000000000E+003  4.329669536848137E-008  9.860252944029528E-001  4.678622947316093E-008  6.609484163325844E-003  5.505198150242121E-001  5.225100938309533E-012
  1.250000000000000E+003  4.209909881515907E-008  1.016598231996028E+000  4.577508475347137E-008  6.429500873691136E-003  5.622104166598882E-001  5.092938041673321E-012
  1.300000000000000E+003  4.098216074977306E-008  1.046812355066981E+000  4.482191238891238E-008  6.261540710591218E-003  5.735786233802883E-001  4.969248818367357E-012
  1.350000000000000E+003  3.993760356235339E-008  1.076683674192577E+000  4.392115690722091E-008  6.104376069215951E-003  5.846421022864700E-001  4.853192146379862E-012
  1.400000000000000E+003  3.895826643810981E-008  1.106226974173640E+000  4.306798834437045E-008  5.956944414929580E-003  5.954170348713363E-001  4.744037740663147E-012
  1.450000000000000E+003  3.803792143551827E-008  1.135455944657952E+000  4.225818484816115E-008  5.818321154230176E-003  6.059182790326904E-001  4.641148189780608E-012
  1.500000000000000E+003  3.717112490856174E-008  1.164383293251038E+000  4.148803760996293E-008  5.687697714946224E-003  6.161595110937028E-001  4.543964415069062E-012
  1.550000000000000E+003  3.635309658616354E-008  1.193020843897201E+000  4.075427329879809E-008  5.564363701840497E-003  6.261533500404169E-001  4.451993807451252E-012
  1.600000000000000E+003  3.557962047183057E-008  1.221379622810660E+000  4.005399032908716E-008  5.447692267514735E-003  6.359114662206515E-001  4.364800478920452E-012
  1.650000000000000E+003  3.484696309262229E-008  1.249469933833235E+000  3.938460614839825E-008  5.337128040133076E-003  6.454446765783485E-001  4.281997198221058E-012
  1.700000000000000E+003  3.415180564416105E-008  1.277301424770711E+000  3.874381336895558E-008  5.232177099461976E-003  6.547630282620346E-001  4.203238678269215E-012
  1.750000000000000E+003  3.349118734301408E-008  1.304883145998216E+000  3.812954304606066E-008  5.132398605329665E-003  6.638758722043127E-001  4.128215956261555E-012
  1.800000000000000E+003  3.286245787716910E-008  1.332223602412584E+000  3.753993377022537E-008  5.037397767898732E-003  6.727919280449011E-001  4.056651662967337E-012
  1.900000000000000E+003  3.169694239847092E-008  1.385991704043953E+000  3.643730588512283E-008  4.861167623027123E-003  6.899031994974277E-001  3.923503892207775E-012
  2.000000000000000E+003  3.063207422280172E-008  1.438902936485992E+000  3.541368721326864E-008  4.700043790348712E-003  7.063417857992627E-001  3.801383922955628E-012
  2.100000000000000E+003  2.965473353755648E-008  1.491007626127045E+000  3.445971540505821E-008  4.552063597520066E-003  7.221545575865295E-001  3.688882222147733E-012
  2.200000000000000E+003  2.875401982834186E-008  1.542351156458468E+000  3.356753460071681E-008  4.415597415977387E-003  7.373843231196037E-001  3.584833415306342E-012
  2.300000000000000E+003  2.792080260495879E-008  1.592974613855991E+000  3.273049891163272E-008  4.289279843658724E-003  7.520698012837631E-001  3.488259229568495E-012
  2.400000000000000E+003  2.714737429787011E-008  1.642915343929973E+000  3.194294233557934E-008  4.171957684755877E-003  7.662459863447524E-001  3.398331031780707E-012
  2.500000000000000E+003  2.642718131863182E-008  1.692207420917081E+000  3.119999950854485E-008  4.062649848731351E-003  7.799445604016071E-001  3.314341673184688E-012
  2.600000000000000E+003  2.575461393479772E-008  1.740882043823224E+000  3.049746485242105E-008  3.960516060414446E-003  7.931942789210350E-001  3.235683637056457E-012
  2.700000000000000E+003  2.512484058986476E-008  1.788967872334184E+000  2.983168086484575E-008  3.864832194431013E-003  8.060213130737077E-001  3.161831814405701E-012
  2.800000000000000E+003  2.453367609438896E-008  1.836491313259056E+000  2.919944872054122E-008  3.774970649192817E-003  8.184495484096210E-001  3.092329776351363E-012
  2.900000000000000E+003  2.397747587069665E-008  1.883476766166210E+000  2.859795611584403E-008  3.690384595146595E-003  8.305008439117895E-001  3.026778730985650E-012
  3.000000000000000E+003  2.345305042283417E-008  1.929946835156155E+000  2.802471856336658E-008  3.610595230402279E-003  8.421952564581311E-001  2.964828565723763E-012
  3.100000000000000E+003  2.295759564595515E-008  1.975922512361446E+000  2.747753127132276E-008  3.535181391999587E-003  8.535512355525969E-001  2.906170526018832E-012
  3.200000000000000E+003  2.248863564407630E-008  2.021423337700290E+000  2.695442942244512E-008  3.463771027954551E-003  8.645857926582842E-001  2.850531189481916E-012
  3.300000000000000E+003  2.204397550341306E-008  2.066467538572897E+000  2.645365517114969E-008  3.396034150845992E-003  8.753146488670120E-001  2.797667473828516E-012
  3.400000000000000E+003  2.162166204814485E-008  2.111072152526055E+000  2.597363005404312E-008  3.331676979763961E-003  8.857523640761038E-001  2.747362476091932E-012
  3.500000000000000E+003  2.121995104108103E-008  2.155253135382378E+000  2.551293179275336E-008  3.270437042109367E-003  8.959124503470750E-001  2.699421984905717E-012
  3.600000000000000E+003  2.083727962193686E-008  2.199025456906086E+000  2.507027468402923E-008  3.212079055758973E-003  9.058074716977393E-001  2.653671541327569E-012
  3.700000000000000E+003  2.047224302835762E-008  2.242403185734226E+000  2.464449293771871E-008  3.156391449589506E-003  9.154491322235676E-001  2.609953949459123E-012
  3.800000000000000E+003  2.012357483930066E-008  2.285399565023562E+000  2.423452645131869E-008  3.103183409235652E-003  9.248483541472579E-001  2.568127158020149E-012
  4.000000000000000E+003  1.947403346743478E-008  2.369947644493714E+000  2.346596145947457E-008  3.004006462349656E-003  9.427569262288822E-001  2.490003154493711E-012
  4.200000000000000E+003  1.887689044581363E-008  2.453138633417802E+000  2.274898672920420E-008  2.912779074288697E-003  9.598377422020778E-001  2.417977724348592E-012
  4.400000000000000E+003  1.832570151037176E-008  2.535051517550734E+000  2.207806070106240E-008  2.828526712274392E-003  9.761503849245640E-001  2.351313924756979E-012
  4.600000000000000E+003  1.781505719447380E-008  2.615757655461240E+000  2.144845760629298E-008  2.750431729876861E-003  9.917489697087730E-001  2.289394945058725E-012
  4.800000000000000E+003  1.734038301613492E-008  2.695321757812720E+000  2.085611850349820E-008  2.677802463547676E-003  1.006682298430538E+000  2.231698079541915E-012
  5.000000000000000E+003  1.689778316298696E-008  2.773802731963405E+000  2.029753361177640E-008  2.610049579528739E-003  1.020994393833738E+000  2.177776891811914E-012
  5.200000000000000E+003  1.648391789797321E-008  2.851254396785390E+000  1.976964902973313E-008  2.546667601038389E-003  1.034725053095510E+000  2.127247528029440E-012
  5.400000000000000E+003  1.609590666708248E-008  2.927726088406650E+000  1.926979219922840E-008  2.487220322157165E-003  1.047910351715148E+000  2.079777940204523E-012
  5.600000000000000E+003  1.573125087353339E-008  3.003263175973856E+000  1.879561184257550E-008  2.431329183352404E-003  1.060583086118276E+000  2.035079292296808E-012
  5.800000000000000E+003  1.538777181842577E-008  3.077907503135037E+000  1.834502916512594E-008  2.378663927971387E-003  1.072773157797587E+000  1.992899041037224E-012
  6.000000000000000E+003  1.506356043821996E-008  3.151697767903602E+000  1.791619790230952E-008  2.328935032276096E-003  1.084507905521337E+000  1.953015318629343E-012
  6.200000000000000E+003  1.475693629618430E-008  3.224669851115103E+000  1.750747136967270E-008  2.281887526760483E-003  1.095812392628393E+000  1.915232337880799E-012
  6.400000000000000E+003  1.446641389234205E-008  3.296857101750924E+000  1.711737510304130E-008  2.237295917993757E-003  1.106709655896331E+000  1.879376607458485E-012
  6.600000000000000E+003  1.419067480604859E-008  3.368290585873341E+000  1.674458399536771E-008  2.194959987815989E-003  1.117220921658419E+000  1.845293794232012E-012
  6.800000000000000E+003  1.392854452096287E-008  3.438999304702828E+000  1.638790307695226E-008  2.154701297113230E-003  1.127365794020560E+000  1.812846106331953E-012
  7.000000000000000E+003  1.367897303489541E-008  3.509010386399984E+000  1.604625126781403E-008  2.116360259333230E-003  1.137162419280922E+000  1.781910098135793E-012
  7.200000000000000E+003  1.344101854890703E-008  3.578349255336829E+000  1.571864757022656E-008  2.079793677703276E-003  1.146627630007325E+000  1.752374819354003E-012
  7.400000000000000E+003  1.321383367692032E-008  3.647039782013710E+000  1.540419927677827E-008  2.044872662159257E-003  1.155777071679191E+000  1.724140246454133E-012
  7.600000000000000E+003  1.299665373041523E-008  3.715104416267258E+000  1.510209185271196E-008  2.011480859005421E-003  1.164625314341515E+000  1.697115947074769E-012
  7.800000000000000E+003  1.278878672083063E-008  3.782564305997195E+000  1.481158021656506E-008  1.979512939545969E-003  1.173185951335452E+000  1.671219937746573E-012
  8.000000000000000E+003  1.258960479119532E-008  3.849439403296585E+000  1.453198119456804E-008  1.948873304278675E-003  1.181471686851335E+000  1.646377702816409E-012
  8.200000000000000E+003  1.239853684278712E-008  3.915748559586550E+000  1.426266696506347E-008  1.919474967395422E-003  1.189494413784490E+000  1.622521348453016E-012
  8.400000000000000E+003  1.221506216564232E-008  3.981509611121135E+000  1.400305934178279E-008  1.891238592800705E-003  1.197265283152816E+000  1.599588870364951E-012
  8.600000000000000E+003  1.203870491604700E-008  4.046739456031707E+000  1.375262477097822E-008  1.864091658017295E-003  1.204794766150054E+000  1.577523517659223E-012
  8.800000000000000E+003  1.186902931165772E-008  4.111454123915889E+000  1.351086993853411E-008  1.837967726486494E-003  1.212092709753604E+000  1.556273238321143E-012
  9.000000000000000E+003  1.170563543708703E-008  4.175668838837737E+000  1.327733790033835E-008  1.812805812108327E-003  1.219168386675465E+000  1.535790194261988E-012
  9.200000000000000E+003  1.154815557077308E-008  4.239398076489179E+000  1.305160466319570E-008  1.788549822573484E-003  1.226030540335022E+000  1.516030335884058E-012
  9.400000000000000E+003  1.139625095860129E-008  4.302655616163678E+000  1.283327615504921E-008  1.765148070244022E-003  1.232687425439627E+000  1.496953027747327E-012
  9.600000000000000E+003  1.124960897173412E-008  4.365454588109006E+000  1.262198553273818E-008  1.742552841145098E-003  1.239146844680195E+000  1.478520718262243E-012
  9.800000000000000E+003  1.110794059595986E-008  4.427807516754079E+000  1.241739078335433E-008  1.720720014114512E-003  1.245416181982129E+000  1.460698647437224E-012
  1.000000000000000E+004  1.097097820800780E-008  4.489726360243294E+000  1.221917258176693E-008  1.699608723382911E-003  1.251502432694824E+000  1.443454587622476E-012
  1.020000000000000E+004  1.083847360102211E-008  4.551222546658931E+000  1.202703237232241E-008  1.679181058874117E-003  1.257412231054192E+000  1.426758612950099E-012
  1.040000000000000E+004  1.071019622700084E-008  4.612307007266628E+000  1.184069064727590E-008  1.659401799361575E-003  1.263151875210820E+000  1.410582893802775E-012
  1.060000000000000E+004  1.058593162869632E-008  4.672990207079516E+000  1.165988539834154E-008  1.640238174324236E-003  1.268727350080324E+000  1.394901513172419E-012
  1.080000000000000E+004  1.046548003740618E-008  4.733282173002535E+000  1.148437072097998E-008  1.621659650938514E-003  1.274144348241485E+000  1.379690302214680E-012
  1.100000000000000E+004  1.034865511639290E-008  4.793192519788702E+000  1.131391555377861E-008  1.603637743142316E-003  1.279408289080900E+000  1.364926692679674E-012
  1.120000000000000E+004  1.023528283246345E-008  4.852730474013351E+000  1.114830253760645E-008  1.586145840128820E-003  1.284524336359617E+000  1.350589584216117E-012
  1.140000000000000E+004  1.012520044060683E-008  4.911904896249705E+000  1.098732698120774E-008  1.569159051985002E-003  1.289497414357056E+000  1.336659224814719E-012
  1.160000000000000E+004  1.001825556859747E-008  4.970724301609424E+000  1.083079592159443E-008  1.552654070493498E-003  1.294332222729897E+000  1.323117102885296E-012
  1.180000000000000E+004  9.914305390185636E-009  5.029196878794417E+000  1.067852726905163E-008  1.536609043375198E-003  1.299033250208296E+000  1.309945849657225E-012
  1.200000000000000E+004  9.813215876959960E-009  5.087330507790916E+000  1.053034902782025E-008  1.521003460471263E-003  1.303604787238337E+000  1.297129150759867E-012
  1.220000000000000E+004  9.714861120221962E-009  5.145132776323397E+000  1.038609858460048E-008  1.505818050552850E-003  1.308050937667872E+000  1.284651665982881E-012
  1.240000000000000E+004  9.619122715290731E-009  5.202610995174054E+000  1.024562205795130E-008  1.491034687609907E-003  1.312375629562577E+000  1.272498956339734E-012
  1.260000000000000E+004  9.525889201584721E-009  5.259772212462943E+000  1.010877370247054E-008  1.476636305610858E-003  1.316582625229892E+000  1.260657417664100E-012
  1.280000000000000E+004  9.435055552630067E-009  5.316623226974698E+000  9.975415362342024E-009  1.462606820846376E-003  1.320675530520587E+000  1.249114220060899E-012
  1.300000000000000E+004  9.346522710839503E-009  5.373170600609333E+000  9.845415969448688E-009  1.448931061075561E-003  1.324657803470490E+000  1.237857252613461E-012
  1.320000000000000E+004  9.260197162508752E-009  5.429420670027338E+000  9.718651081784742E-009  1.435594700784075E-003  1.328532762338725E+000  1.226875072817708E-012
  1.340000000000000E+004  9.175990549001854E-009  5.485379557552640E+000  9.595002458367681E-009  1.422584201943181E-003  1.332303593093209E+000  1.216156860274595E-012
  1.360000000000000E+004  9.093819310553940E-009  5.541053181391194E+000  9.474357667260952E-009  1.409886759727843E-003  1.335973356389167E+000  1.205692374224727E-012
  1.380000000000000E+004  9.013604359519308E-009  5.596447265217605E+000  9.356609723678411E-009  1.397490252712552E-003  1.339544994082119E+000  1.195471914555256E-012
  1.400000000000000E+004  8.935270780242474E-009  5.651567347177608E+000  9.241656755459197E-009  1.385383197116477E-003  1.343021335312759E+000  1.185486285949481E-012
  1.420000000000000E+004  8.858747553036302E-009  5.706418788349871E+000  9.129401693481318E-009  1.373554704716040E-003  1.346405102197732E+000  1.175726764885103E-012
  1.440000000000000E+004  8.783967300021188E-009  5.761006780706866E+000  9.019751984830103E-009  1.361994444083835E-003  1.349698915157119E+000  1.166185069218331E-012
  1.460000000000000E+004  8.710866050816295E-009  5.815336354611102E+000  8.912619326756492E-009  1.350692604848820E-003  1.352905297906677E+000  1.156853330118486E-012
  1.480000000000000E+004  8.639383026283519E-009  5.869412385879910E+000  8.807919419654810E-009  1.339639864704429E-003  1.356026682140330E+000  1.147724066142157E-012
  1.500000000000000E+004  8.569460438709717E-009  5.923239602449230E+000  8.705571737462394E-009  1.328827358919338E-003  1.359065411926172E+000  1.138790159257385E-012
  1.520000000000000E+004  8.501043306976731E-009  5.976822590664272E+000  8.605499314037283E-009  1.318246652130450E-003  1.362023747837195E+000  1.130044832647457E-012
  1.540000000000000E+004  8.434079285413836E-009  6.030165801222672E+000  8.507628544207354E-009  1.307889712219711E-003  1.364903870836111E+000  1.121481630140809E-012
  1.560000000000000E+004  8.368518505156383E-009  6.083273554793706E+000  8.411888998306864E-009  1.297748886095944E-003  1.367707885932036E+000  1.113094397128548E-012
  1.580000000000000E+004  8.304313426949336E-009  6.136150047335224E+000  8.318213249125824E-009  1.287816877220333E-003  1.370437825625226E+000  1.104877262844546E-012
  1.600000000000000E+004  8.241418704436398E-009  6.188799355128253E+000  8.226536710295951E-009  1.278086724729674E-003  1.373095653154780E+000  1.096824623894983E-012
  1.620000000000000E+004  8.179791057067052E-009  6.241225439547694E+000  8.136797485224902E-009  1.268551784025414E-003  1.375683265562981E+000  1.088931128934882E-012
  1.640000000000000E+004  8.119389151835137E-009  6.293432151586122E+000  8.048936225769706E-009  1.259205708708867E-003  1.378202496588809E+000  1.081191664398747E-012
  1.660000000000000E+004  8.060173493135868E-009  6.345423236146350E+000  7.962895999911475E-009  1.250042433754085E-003  1.380655119402177E+000  1.073601341200976E-012
  1.680000000000000E+004  8.002106320093410E-009  6.397202336117336E+000  7.878622167757621E-009  1.241056159819807E-003  1.383042849189566E+000  1.066155482329343E-012
  1.700000000000000E+004  7.945151510770090E-009  6.448772996246834E+000  7.796062265255705E-009  1.232241338610846E-003  1.385367345600793E+000  1.058849611261827E-012
  1.720000000000000E+004  7.889274492720874E-009  6.500138666823303E+000  7.715165895055242E-009  1.223592659207256E-003  1.387630215066024E+000  1.051679441143162E-012
  1.740000000000000E+004  7.834442159404503E-009  6.551302707178574E+000  7.635884624001154E-009  1.215105035286911E-003  1.389833012991339E+000  1.044640864663149E-012
  1.760000000000000E+004  7.780622792005242E-009  6.602268389022067E+000  7.558171886785294E-009  1.206773593173541E-003  1.391977245840600E+000  1.037729944583774E-012
  1.780000000000000E+004  7.727785986257964E-009  6.653038899616504E+000  7.481982895321270E-009  1.198593660648226E-003  1.394064373110750E+000  1.030942904866704E-012
  1.800000000000000E+004  7.675902583904092E-009  6.703617344804390E+000  7.407274553443137E-009  1.190560756467602E-003  1.396095809207188E+000  1.024276122356890E-012
  1.820000000000000E+004  7.624944608437460E-009  6.754006751893885E+000  7.334005376560348E-009  1.182670580536831E-003  1.398072925225311E+000  1.017726118981685E-012
  1.840000000000000E+004  7.574885204827783E-009  6.804210072412170E+000  7.262135415930651E-009  1.174919004689757E-003  1.399997050643981E+000  1.011289554428261E-012
  1.860000000000000E+004  7.525698582935142E-009  6.854230184733711E+000  7.191626187239052E-009  1.167302064032581E-003  1.401869474936124E+000  1.004963219265202E-012
  1.880000000000000E+004  7.477359964352543E-009  6.904069896590486E+000  7.122440603195124E-009  1.159815948810965E-003  1.403691449101464E+000  9.987440284768606E-013
  1.900000000000000E+004  7.429845532434823E-009  6.953731947470704E+000  7.054542909883079E-009  1.152456996763732E-003  1.405464187125882E+000  9.926290153816717E-013
  1.920000000000000E+004  7.383132385291602E-009  7.003219010912056E+000  6.987898626619117E-009  1.145221685929259E-003  1.407188867371710E+000  9.866153259078221E-013
  1.940000000000000E+004  7.337198491539656E-009  7.052533696695304E+000  6.922474489088996E-009  1.138106627873375E-003  1.408866633902907E+000  9.807002132018490E-013
  1.960000000000000E+004  7.292022648626085E-009  7.101678552943466E+000  6.858238395555714E-009  1.131108561309998E-003  1.410498597748802E+000  9.748810325475903E-013
  1.980000000000000E+004  7.247584443548455E-009  7.150656068131626E+000  6.795159355942567E-009  1.124224346087989E-003  1.412085838109874E+000  9.691552365746835E-013
  2.000000000000000E+004  7.203864215811373E-009  7.199468673012091E+000  6.733207443611044E-009  1.117450957519749E-003  1.413629403508783E+000  9.635203707373781E-013
