! time                    int_density             frank_density           perfect_density         vac_density             faulted_density         void_density            
  0.000000000000000E+000  0.000000000000000E+000  0.000000000000000E+000  0.000000000000000E+000  2.140585232712487E-007  0.000000000000000E+000  0.000000000000000E+000
  1.000000000000000E-001  5.502189237807805E-006  6.871330156830312E-004  1.713817813060522E-005  4.749129504208877E-002  3.336392959123198E-004  2.728230898140109E-011
  2.000000000000001E-001  4.650234685311315E-006  1.372688416957226E-003  1.262040946854040E-005  8.806064940785129E-002  5.618513897708143E-004  5.196405839745462E-011
  3.000000000000002E-001  4.088588665490522E-006  2.057481934250319E-003  1.001438697873464E-005  1.254569826909177E-001  7.567814366512218E-004  7.501360358472396E-011
  4.000000000000003E-001  3.658830345726114E-006  2.741734102806551E-003  8.316189309010670E-006  1.603488333361553E-001  9.402521459838284E-004  9.653338946503496E-011
  5.000000000000003E-001  3.312394193003442E-006  3.425616683629447E-003  7.125249958517374E-006  1.932463632497821E-001  1.121962538980518E-003  1.167382447042616E-010
  6.000000000000004E-001  3.025161854223165E-006  4.109220581205589E-003  6.244581593468512E-006  2.243539511220128E-001  1.306410760891975E-003  1.356896613254899E-010
  7.000000000000005E-001  2.782036886140920E-006  4.792580521606095E-003  5.565035943922311E-006  2.535709243181615E-001  1.497660149242413E-003  1.532730143675346E-010
  8.000000000000006E-001  2.573687543177870E-006  5.475776480775171E-003  5.026267797427687E-006  2.812315279353731E-001  1.696832679358306E-003  1.696912714748685E-010
  9.000000000000007E-001  2.393029976880129E-006  6.158840908264772E-003  4.588456819183177E-006  3.073821337100068E-001  1.905271229098907E-003  1.849516240417441E-010
  1.000000000000001E+000  2.234820799163434E-006  6.841798333977286E-003  4.225406533116487E-006  3.320508033810244E-001  2.124035605637196E-003  1.990655099182730E-010
  1.100000000000001E+000  2.095086986312990E-006  7.524667632155496E-003  3.919253845458690E-006  3.552521430889771E-001  2.353909513500430E-003  2.120503148046477E-010
  1.200000000000001E+000  1.970760527443563E-006  8.207463556198327E-003  3.657416166367159E-006  3.769908278195419E-001  2.595407622426077E-003  2.239304606175995E-010
  1.300000000000001E+000  1.859434294736546E-006  8.890197801420934E-003  3.430785395877939E-006  3.972643792737356E-001  2.848785184932069E-003  2.347374126163292E-010
  1.400000000000001E+000  1.759285144904520E-006  9.572883571720921E-003  3.232937707034934E-006  4.161827308716700E-001  3.113075354792830E-003  2.445891486228301E-010
  1.500000000000001E+000  1.668729144686173E-006  1.025552729537362E-002  3.058624259167797E-006  4.337185836677574E-001  3.388131514300398E-003  2.535055414706016E-010
  1.600000000000001E+000  1.586420359665862E-006  1.093813179993314E-002  2.903611133635748E-006  4.497580074099609E-001  3.674488163607764E-003  2.614571892074628E-010
  1.700000000000001E+000  1.511326179180473E-006  1.162070239100275E-002  2.764853485737682E-006  4.642906698173843E-001  3.971670492536306E-003  2.684877832887951E-010
  1.800000000000001E+000  1.442587506542854E-006  1.230324349450655E-002  2.639933966034612E-006  4.773081261946348E-001  4.279063802619406E-003  2.746370409277054E-010
  1.900000000000001E+000  1.379482174474035E-006  1.298575883066961E-002  2.526908847966561E-006  4.888053165275638E-001  4.595960630783374E-003  2.799395546442192E-010
  2.000000000000001E+000  1.321397331219747E-006  1.366825154783287E-002  2.424197931033867E-006  4.987818979774950E-001  4.921602787177898E-003  2.844246607471122E-010
  2.100000000000001E+000                     NaN                     NaN                     NaN                     NaN                     NaN                     NaN
  2.200000000000001E+000                     NaN                     NaN                     NaN                     NaN                     NaN                     NaN
  2.300000000000001E+000                     NaN                     NaN                     NaN                     NaN                     NaN                     NaN
  2.400000000000001E+000                     NaN                     NaN                     NaN                     NaN                     NaN                     NaN
  2.600000000000001E+000                     NaN                     NaN                     NaN                     NaN                     NaN                     NaN
  2.800000000000002E+000                     NaN                     NaN                     NaN                     NaN                     NaN                     NaN
  3.000000000000002E+000                     NaN                     NaN                     NaN                     NaN                     NaN                     NaN
  3.500000000000002E+000                     NaN                     NaN                     NaN                     NaN                     NaN                     NaN
  4.000000000000002E+000                     NaN                     NaN                     NaN                     NaN                     NaN                     NaN
  5.000000000000002E+000                     NaN                     NaN                     NaN                     NaN                     NaN                     NaN
  6.000000000000002E+000                     NaN                     NaN                     NaN                     NaN                     NaN                     NaN
  8.000000000000002E+000  0.000000000000000E+000  3.919076922506520E-319  9.797667602984008E-319  0.000000000000000E+000  0.000000000000000E+000  0.000000000000000E+000
  8.100000000000003E+000  5.502254336009247E-006  6.871315797703369E-004  1.713795852332018E-005  4.748597951072248E-002  3.335976958423608E-004  2.727904397536975E-011
  8.200000000000005E+000  4.650212873618372E-006  1.372681715275570E-003  1.261897642247267E-005  8.803844500235186E-002  5.616260625046582E-004  5.194838556730305E-011
  8.300000000000006E+000  4.088393357050435E-006  2.057464175433317E-003  1.001189926309659E-005  1.253911627259967E-001  7.564452360536038E-004  7.496717497473428E-011
  8.400000000000004E+000  3.658625474867410E-006  2.741716047074284E-003  8.313882501483928E-006  1.602913466661077E-001  9.400669082388752E-004  9.649490127676494E-011
  8.500000000000002E+000  3.312214173739217E-006  3.425598398800880E-003  7.123275693537441E-006  1.931947835610996E-001  1.121844836037129E-003  1.167049627536837E-010
  8.600000000000000E+000  3.025010341135261E-006  4.109202124700309E-003  6.242817264407899E-006  2.243068552741124E-001  1.306326450364342E-003  1.356600167259710E-010
  8.700000000000001E+000  2.781911057903397E-006  4.792561941990506E-003  5.563409537377491E-006  2.535273360938844E-001  1.497592073830014E-003  1.532460327936533E-010
  8.800000000000002E+000  2.573583044883634E-006  5.475757807973668E-003  5.024735086073226E-006  2.811908990736040E-001  1.696773370068257E-003  1.696664700339918E-010
  8.900000000000004E+000  2.392942893754512E-006  6.158822164114607E-003  4.586989961834979E-006  3.073440735891931E-001  1.905216245834051E-003  1.849286802585220E-010
  9.000000000000005E+000  2.234747879790732E-006  6.841779534578448E-003  4.223987327495036E-006  3.320150266733560E-001  2.123982155651980E-003  1.990441982145624E-010
  9.100000000000007E+000  2.095025604889206E-006  7.524648789517009E-003  3.917869979098790E-006  3.552184374267042E-001  2.353855770427145E-003  2.120304692571081E-010
  9.200000000000008E+000  1.970708582268832E-006  8.207444679210855E-003  3.656059060508185E-006  3.769590328334924E-001  2.595352370694839E-003  2.239119527666386E-010
  9.300000000000010E+000  1.859390104778999E-006  8.890178897197313E-003  3.429448925132615E-006  3.972343723915027E-001  2.848727622695109E-003  2.347201382509792E-010
  9.400000000000011E+000  1.759155362857190E-006  9.572860832161157E-003  3.231292640899259E-006  4.160371915593437E-001  3.113993339002192E-003  2.444923687840514E-010
  9.500000000000012E+000  1.668461481368222E-006  1.025549810856802E-002  3.056488542472604E-006  4.333574678246735E-001  3.390941117792131E-003  2.532697293448831E-010
  9.600000000000012E+000  1.586120851468381E-006  1.093809980477297E-002  2.901365879475971E-006  4.493032889604493E-001  3.678274743000410E-003  2.611710859935852E-010
  9.700000000000010E+000  1.511062762420694E-006  1.162067025369494E-002  2.762737927789994E-006  4.638467730336484E-001  3.975569828610682E-003  2.682192745764855E-010
  9.800000000000008E+000  1.442356884950366E-006  1.230321123790545E-002  2.637925992865613E-006  4.768748008467869E-001  4.283015046856637E-003  2.743831138599036E-010
  9.900000000000006E+000  1.379280745454359E-006  1.298572647390563E-002  2.524990638256645E-006  4.883824536357942E-001  4.599923167978670E-003  2.796976392407425E-010
  1.000000000000000E+001  1.321221560320792E-006  1.366821910680451E-002  2.422355186478943E-006  4.983694986526719E-001  4.925550654030759E-003  2.841928539935217E-010
  1.010000000000000E+001  1.267654998390699E-006  1.435069181452462E-002  2.328725336339233E-006  5.068415507788683E-001  5.259134172886534E-003  2.878940329569138E-010
  1.020000000000000E+001  1.218128842621722E-006  1.503314688982052E-002  2.243029206312539E-006  5.138110380288160E-001  5.599920094890258E-003  2.908228852189879E-010
  1.030000000000000E+001  1.172250316414400E-006  1.571558630552969E-002  2.164371307987143E-006  5.192979602120755E-001  5.947186181402592E-003  2.929990937314905E-010
  1.040000000000000E+001  1.129676155551077E-006  1.639801176699954E-002  2.091996276755549E-006  5.233304319576114E-001  6.300255791042149E-003  2.944419489797459E-010
  1.049999999999999E+001  1.090104742218189E-006  1.708042475459084E-002  2.025259878860747E-006  5.259450051434535E-001  6.658505564047030E-003  2.951718633545145E-010
  1.059999999999999E+001  1.053269789265560E-006  1.776282655841387E-002  1.963605936907055E-006  5.271867695885621E-001  7.021367934049122E-003  2.952116162390285E-010
  1.069999999999999E+001  1.018935191732798E-006  1.844521830691724E-002  1.906548373662969E-006  5.271092341960191E-001  7.388329969628766E-003  2.945872460999534E-010
  1.079999999999999E+001  9.868907634573778E-007  1.912760099056067E-002  1.853657688664184E-006  5.257739938817926E-001  7.758929968493155E-003  2.933285674786611E-010
  1.089999999999998E+001  9.569486569200097E-007  1.980997548152002E-002  1.804551085278373E-006  5.232501912775227E-001  8.132752967494340E-003  2.914693388901535E-010
  1.099999999999998E+001  9.289403271092518E-007  2.049234255016532E-002  1.758885378584369E-006  5.196137870314608E-001  8.509425986075361E-003  2.890471369220182E-010
  1.109999999999998E+001  9.027139458131076E-007  2.117470287889958E-002  1.716351848130624E-006  5.149466588006896E-001  8.888613485536906E-003  2.861030028149214E-010
  1.119999999999998E+001  8.781322022855660E-007  2.185705707383011E-002  1.676672348390674E-006  5.093355563233263E-001  9.270013265244088E-003  2.826809257941793E-010
  1.129999999999998E+001  8.550692900741805E-007  2.253940487250850E-002  1.639567852195044E-006  5.027559770497957E-001  9.653611429397673E-003  2.787659089635333E-010
  1.139999999999998E+001  8.334146479965246E-007  2.322174762532839E-002  1.604849361446440E-006  4.954371311592085E-001  1.003885410775977E-002  2.744785273091014E-010
  1.149999999999998E+001  8.130637216653706E-007  2.390408575673740E-002  1.572311219095099E-006  4.874723993844019E-001  1.042552483111771E-002  2.698673544463532E-010
  1.159999999999998E+001  7.939207977233596E-007  2.458641964721677E-002  1.541768467755502E-006  4.789548686233804E-001  1.081342779970515E-002  2.649809233095345E-010
  1.169999999999999E+001  7.758980471454210E-007  2.526874963854997E-002  1.513054945793990E-006  4.699762041007086E-001  1.120238599129479E-002  2.598671500564407E-010
  1.179999999999999E+001  7.589146587134178E-007  2.595107603837341E-002  1.486021261618663E-006  4.606256075254637E-001  1.159223937002506E-002  2.545727619969809E-010
  1.189999999999999E+001  7.428960684086429E-007  2.663339912411489E-002  1.460532937026665E-006  4.509888767813923E-001  1.198284325636760E-002  2.491427702221175E-010
  1.199999999999999E+001  7.277732737435310E-007  2.731571914640851E-002  1.436468717934142E-006  4.411475778046675E-001  1.237406687164545E-002  2.436200013201618E-010
  1.209999999999999E+001  7.134822295192392E-007  2.799803633206092E-002  1.413719052628834E-006  4.311783359385590E-001  1.276579205253231E-002  2.380446953630828E-010
  1.219999999999999E+001  6.999633246369911E-007  2.868035088663433E-002  1.392184736244294E-006  4.211522518711400E-001  1.315791212324786E-002  2.324541742108128E-010
  1.229999999999999E+001  6.871609392873238E-007  2.936266299670231E-002  1.371775716623839E-006  4.111344455758179E-001  1.355033090968646E-002  2.268825823911688E-010
  1.240000000000000E+001  6.750230794836329E-007  3.004497283182733E-002  1.352410052523418E-006  4.011837298652173E-001  1.394296187829431E-002  2.213607013751253E-010
  1.250000000000000E+001  6.635010828629621E-007  3.072728054630121E-002  1.334013011380644E-006  3.913524128888630E-001  1.433572738226802E-002  2.159158365752985E-010
  1.260000000000000E+001  6.525416959921396E-007  3.140958580171015E-002  1.316515880859364E-006  3.817273367618151E-001  1.472855736110387E-002  2.105955869005660E-010
  1.270000000000000E+001  6.421093165181372E-007  3.209188923530671E-002  1.299856278336716E-006  3.723094842531561E-001  1.512137156312970E-002  2.053974296377343E-010
  1.280000000000000E+001  6.321642648491407E-007  3.277419096149871E-002  1.283976833210258E-006  3.631296733688233E-001  1.551412017367186E-002  2.003373191974176E-010
  1.290000000000000E+001  6.226695419404026E-007  3.345649108489581E-002  1.268824796441128E-006  3.542129023026410E-001  1.590675911830706E-002  1.954280415367671E-010
  1.299999999999999E+001  6.135907406788291E-007  3.413878970126636E-002  1.254351697782164E-006  3.455786837249591E-001  1.629924983276793E-002  1.906794235680718E-010
  1.309999999999999E+001  6.048959541799736E-007  3.482108689839779E-002  1.240512956008077E-006  3.372414395674093E-001  1.669155897840807E-002  1.860985610737656E-010
  1.319999999999999E+001  5.965556870350094E-007  3.550338275687114E-002  1.227267532669918E-006  3.292109392885416E-001  1.708365813152774E-002  1.816900642232123E-010
  1.329999999999999E+001  5.885427648442949E-007  3.618567735075898E-002  1.214577622391322E-006  3.214927658349671E-001  1.747552346042991E-002  1.774563147799709E-010
  1.339999999999999E+001  5.808322389165905E-007  3.686797074825447E-002  1.202408374214986E-006  3.140887949101616E-001  1.786713539729529E-002  1.733977284710113E-010
  1.349999999999999E+001  5.734012843721563E-007  3.755026301223793E-002  1.190727639678790E-006  3.069976748116851E-001  1.825847830883158E-002  1.695130162816962E-010
  1.359999999999999E+001  5.662290910469728E-007  3.823255420078727E-002  1.179505744187871E-006  3.002152959305197E-001  1.864954016829785E-002  1.657994391499841E-010
  1.369999999999999E+001  5.592967475427319E-007  3.891484436763713E-002  1.168715278919339E-006  2.937352409276893E-001  1.904031223100967E-002  1.622530514336545E-010
  1.379999999999999E+001  5.525871194976275E-007  3.959713356259163E-002  1.158330911002252E-006  2.875492085215023E-001  1.943078871531529E-002  1.588689294906305E-010
  1.389999999999999E+001  5.460847236689683E-007  4.027942183189512E-002  1.148329210097983E-006  2.816474056565501E-001  1.982096649105353E-002  1.556413826681322E-010
  1.399999999999999E+001  5.397755997317530E-007  4.096170921856458E-002  1.138688489797181E-006  2.760189045242492E-001  2.021084477753035E-002  1.525641448927683E-010
  1.409999999999999E+001  5.336471818272723E-007  4.164399576268765E-002  1.129388662473287E-006  2.706519624233585E-001  2.060042485302301E-002  1.496305458604108E-010
  1.419999999999999E+001  5.276881718697166E-007  4.232628150168931E-002  1.120411106406905E-006  2.655343037633139E-001  2.098970977771485E-002  1.468336615246733E-010
  1.429999999999999E+001  5.218884164682556E-007  4.300856647057064E-002  1.111738544133420E-006  2.606533646130685E-001  2.137870413177704E-002  1.441664441685506E-010
  1.439999999999999E+001  5.162387890810009E-007  4.369085070212220E-002  1.103354931077540E-006  2.559965010845623E-001  2.176741377005860E-002  1.416218328150535E-010
  1.459999999999999E+001  5.053197496920792E-007  4.505541639316704E-002  1.087391136768451E-006  2.474464058712791E-001  2.254376755071013E-002  1.369494007597316E-010
  1.479999999999999E+001  4.949261830432128E-007  4.641997953148744E-002  1.072415042356131E-006  2.395852316238711E-001  2.331912917297034E-002  1.326523148827646E-010
  1.499999999999999E+001  4.850085039663563E-007  4.778454031209303E-002  1.058334608670720E-006  2.323408442054525E-001  2.409356985629701E-002  1.286912205643777E-010
  1.519999999999999E+001  4.755252675239983E-007  4.914909890925519E-002  1.045069160602066E-006  2.256457406572211E-001  2.486715926844164E-002  1.250292317825069E-010
  1.539999999999999E+001  4.664414233841215E-007  5.051365547943360E-002  1.032547737566962E-006  2.194382582286074E-001  2.563996491362656E-002  1.216326661073907E-010
  1.559999999999999E+001  4.577269252777536E-007  5.187821016367920E-002  1.020707675614143E-006  2.136631000386872E-001  2.641205125274258E-002  1.184713512338282E-010
  1.579999999999998E+001  4.493556544888028E-007  5.324276308962333E-002  1.009493417758721E-006  2.082713692733752E-001  2.718347892223737E-002  1.155186423948560E-010
  1.599999999999998E+001  4.413046028545149E-007  5.460731437313761E-002  9.988555153308637E-007  2.032202768047401E-001  2.795430417999133E-002  1.127512544096685E-010
  1.619999999999999E+001  4.335532614318139E-007  5.597186411973205E-002  9.887497888790317E-007  1.984726533282787E-001  2.872457859744900E-002  1.101489857247978E-010
  1.639999999999998E+001  4.260831665525893E-007  5.733641242574180E-002  9.791366220590799E-007  1.939963640519830E-001  2.949434896944443E-002  1.076943903333382E-010
  1.659999999999998E+001  4.188775628264448E-007  5.870095937934304E-002  9.699803661618817E-007  1.897636949928623E-001  3.026365739579260E-002  1.053724360679894E-010
  1.679999999999998E+001  4.119211509461037E-007  6.006550506142869E-002  9.612488365768738E-007  1.857507563027485E-001  3.103254148658225E-002  1.031701741375976E-010
  1.699999999999998E+001  4.051998958220576E-007  6.143004954636811E-002  9.529128856178255E-007  1.819369298549717E-001  3.180103464814612E-002  1.010764345340159E-010
  1.719999999999998E+001  3.987008770862030E-007  6.279459290266989E-002  9.449460388014889E-007  1.783043750555083E-001  3.256916641452978E-002  9.908155458647626E-011
  1.739999999999998E+001  3.924121692017168E-007  6.415913519356262E-002  9.373241839185126E-007  1.748375976937704E-001  3.333696279757889E-002  9.717714294172860E-011
  1.759999999999998E+001  3.863227423645008E-007  6.552367647750627E-002  9.300253041176300E-007  1.715230807469515E-001  3.410444663633419E-002  9.535587806838106E-011
  1.779999999999998E+001  3.804223782576432E-007  6.688821680864404E-002  9.230292477861009E-007  1.683489725784219E-001  3.487163793275762E-002  9.361133854610624E-011
  1.799999999999998E+001  3.747015967383559E-007  6.825275623720223E-002  9.163175292971347E-007  1.653048262211547E-001  3.563855416579900E-002  9.193786150477046E-011
  1.819999999999998E+001  3.691515909041088E-007  6.961729480984642E-002  9.098731557507444E-007  1.623813828448027E-001  3.640521057953619E-002  9.033042530817395E-011
  1.839999999999998E+001  3.637641688801821E-007  7.098183256999824E-002  9.036804756963144E-007  1.595703926377738E-001  3.717162044377037E-002  8.878455269314626E-011
  1.859999999999998E+001  3.585317012380948E-007  7.234636955811871E-002  8.977250465267303E-007  1.568644668803603E-001  3.793779528724220E-002  8.729623090594186E-011
  1.879999999999998E+001  3.534470733019739E-007  7.371090581196146E-002  8.919935178041160E-007  1.542569557260760E-001  3.870374510475848E-002  8.586184580744446E-011
  1.899999999999998E+001  3.485036418062941E-007  7.507544136680050E-002  8.864735282406766E-007  1.517418470059777E-001  3.946947854016096E-002  8.447812737173842E-011
  1.949999999999998E+001  3.367035900107572E-007  7.848677623091338E-002  8.735129807560691E-007  1.458737197096514E-001  4.138264155793411E-002  8.124831900528072E-011
  1.999999999999998E+001  3.256736265364909E-007  8.189810751381794E-002  8.616491800460387E-007  1.404332331364525E-001  4.329468181695845E-002  7.825348934001713E-011
  2.049999999999998E+001  3.153316606495657E-007  8.530943559302621E-002  8.507494330023787E-007  1.353915980748263E-001  4.520561917245385E-002  7.547816952010960E-011
  2.099999999999998E+001  3.056108982579636E-007  8.872076079361742E-002  8.407013950253761E-007  1.307107999731591E-001  4.711546301034278E-002  7.290151747673676E-011
  2.149999999999998E+001  2.964547975857193E-007  9.213208339729373E-002  8.314094443222550E-007  1.263535935576944E-001  4.902421634161275E-002  7.050305701885769E-011
  2.199999999999998E+001  2.878144218008371E-007  9.554340364951258E-002  8.227917211636596E-007  1.222865152457779E-001  5.093187693147835E-002  6.826438575978131E-011
  2.249999999999998E+001  2.796468618348865E-007  9.895472176520692E-002  8.147777489449643E-007  1.184803399814685E-001  5.283843800700845E-002  6.616943270415627E-011
  2.299999999999998E+001  2.719141725866650E-007  1.023660379334309E-001  8.073065242436268E-007  1.149097187586810E-001  5.474388899765689E-002  6.420425739856920E-011
  2.349999999999998E+001  2.645825865541868E-007  1.057773523211683E-001  8.003249769390997E-007  1.115526313174630E-001  5.664821629406678E-002  6.235674757383531E-011
  2.399999999999998E+001  2.576218991113709E-007  1.091886650764790E-001  7.937867210546692E-007  1.083898620824955E-001  5.855140395698122E-002  6.061633062040140E-011
  2.449999999999998E+001  2.510049725769296E-007  1.125999763311164E-001  7.876510346624917E-007  1.054045527823094E-001  6.045343433590351E-002  5.897372788552703E-011
  2.499999999999998E+001  2.447073287137943E-007  1.160112862027185E-001  7.818820213371540E-007  1.025818342087080E-001  6.235428858548830E-002  5.742075274075986E-011
  2.549999999999998E+001  2.387068098394609E-007  1.194225947966517E-001  7.764479164915415E-007  9.990852575599225E-002  6.425394708408420E-002  5.595014594469810E-011
  2.599999999999998E+001  2.329832944136540E-007  1.228339022075708E-001  7.713205101448932E-007  9.737288976168072E-002  6.615238976605009E-002  5.455544106603711E-011
  2.649999999999998E+001  2.275184564976749E-007  1.262452085207468E-001  7.664746638938837E-007  9.496442943197768E-002  6.804959638143196E-002  5.323085377024157E-011
  2.699999999999998E+001  2.222955609048720E-007  1.296565138131994E-001  7.618879045913264E-007  9.267372140729656E-002  6.994554669604225E-002  5.197119005406897E-011
  2.749999999999998E+001  2.172992876318866E-007  1.330678181546700E-001  7.575400808643596E-007  9.049227600811137E-002  7.184022064343949E-002  5.077176961533673E-011
  2.799999999999998E+001  2.125155804942572E-007  1.364791216084591E-001  7.534130714042546E-007  8.841241976600606E-002  7.373359843850830E-002  4.962836140816607E-011
  2.849999999999998E+001  2.079315159125424E-007  1.398904242321511E-001  7.494905361379924E-007  8.642719603906883E-002  7.562566066062427E-002  4.853712908938562E-011
  2.899999999999998E+001  2.035351885873573E-007  1.433017260782423E-001  7.457577030978092E-007  8.453028041641029E-002  7.751638831288075E-002  4.749458455728518E-011
  2.949999999999998E+001  1.993156114204484E-007  1.467130271946887E-001  7.422011851503585E-007  8.271590830571372E-002  7.940576286258202E-002  4.649754816022981E-011
  2.999999999999998E+001  1.952626275255020E-007  1.501243276253841E-001  7.388088218149710E-007  8.097881262587411E-002  8.129376626716392E-002  4.554311444072664E-011
  3.049999999999998E+001  1.913668325575775E-007  1.535356274105791E-001  7.355695422530768E-007  7.931416993494211E-002  8.318038098885101E-002  4.462862250303935E-011
  3.099999999999998E+001  1.876195058969841E-007  1.569469265872494E-001  7.324732461954824E-007  7.771755364166688E-002  8.506559000067780E-002  4.375163026580253E-011
  3.149999999999998E+001  1.840125494695584E-007  1.603582251894207E-001  7.295107001269170E-007  7.618489319882073E-002  8.694937678595296E-002  4.290989199729266E-011
  3.199999999999998E+001  1.805384331839395E-007  1.637695232484546E-001  7.266734464957491E-007  7.471243837431962E-002  8.883172533280802E-002  4.210133863886733E-011
  3.249999999999997E+001  1.771901461277727E-007  1.671808207933035E-001  7.239537240825026E-007  7.329672785390677E-002  9.071262012512392E-002  4.132406050812492E-011
  3.299999999999997E+001  1.739611527965843E-007  1.705921178507358E-001  7.213443979603783E-007  7.193456155582600E-002  9.259204613085123E-002  4.057629204245002E-011
  3.349999999999997E+001  1.708453537374484E-007  1.740034144455367E-001  7.188388977274999E-007  7.062297614026759E-002  9.446998878851945E-002  3.985639829949325E-011
  3.399999999999997E+001  1.678370500791552E-007  1.774147106006873E-001  7.164311628942713E-007  6.935922327959038E-002  9.634643399255456E-002  3.916286297659681E-011
  3.499999999999997E+001  1.621211800603538E-007  1.842373012772359E-001  7.118854761069345E-007  6.696962318271926E-002  1.000933018511165E-001  3.785171789229860E-011
  3.599999999999997E+001  1.567761122080228E-007  1.910598904680815E-001  7.076691349057844E-007  6.473834712355676E-002  1.038340320258416E-001  3.662778631752054E-011
  3.699999999999997E+001  1.517673763379110E-007  1.978824783019045E-001  7.037476683362821E-007  6.265368845895287E-002  1.075685171065965E-001  3.548464658756453E-011
  3.799999999999997E+001  1.470648165193988E-007  2.047050648910894E-001  7.000912371159655E-007  6.070211559600863E-002  1.112966590920649E-001  3.441482625282826E-011
  3.899999999999997E+001  1.426417372224464E-007  2.115276503342108E-001  6.966738898343249E-007  5.887139747153366E-002  1.150183677265006E-001  3.341157164239695E-011
  3.999999999999997E+001  1.384744059969514E-007  2.183502347180763E-001  6.934729514452328E-007  5.715072053847803E-002  1.187335591754288E-001  3.246891406492283E-011
  4.099999999999997E+001  1.345416571272327E-007  2.251728181194185E-001  6.904685228616513E-007  5.553051663574914E-002  1.224421550981603E-001  3.158157377192484E-011
  4.199999999999997E+001  1.308245585152804E-007  2.319954006063045E-001  6.876430693489087E-007  5.400229144137886E-002  1.261440819769263E-001  3.074486455397114E-011
  4.299999999999997E+001  1.273061287906004E-007  2.388179822393152E-001  6.849810799396378E-007  5.255847821966466E-002  1.298392706098469E-001  2.995461260421578E-011
  4.399999999999997E+001  1.239710959140462E-007  2.456405630725386E-001  6.824687839968608E-007  5.119231467214626E-002  1.335276557130644E-001  2.920708831140529E-011
  4.499999999999997E+001  1.208056903715746E-007  2.524631431544089E-001  6.800939140564394E-007  4.989773892287259E-002  1.372091755991875E-001  2.849894871337681E-011
  4.599999999999997E+001  1.177974673485081E-007  2.592857225284199E-001  6.778455063769440E-007  4.866930125877687E-002  1.408837719114653E-001  2.782718870332748E-011
  4.699999999999997E+001  1.149351532902068E-007  2.661083012337326E-001  6.757137323907717E-007  4.750208889966432E-002  1.445513894001826E-001  2.718909946110535E-011
  4.799999999999997E+001  1.122085130664253E-007  2.729308793056967E-001  6.736897556176439E-007  4.639166160033139E-002  1.482119757319929E-001  2.658223288341022E-011
  4.899999999999997E+001  1.096082346098625E-007  2.797534567762973E-001  6.717656096677356E-007  4.533399630325461E-002  1.518654813255307E-001  2.600437102188031E-011
  4.999999999999997E+001  1.071258284283560E-007  2.865760336745418E-001  6.699340937985340E-007  4.432543938906353E-002  1.555118592083500E-001  2.545349972257560E-011
  5.099999999999997E+001  1.047535398207084E-007  2.933986100267940E-001  6.681886831505598E-007  4.336266533359090E-002  1.591510648913889E-001  2.492778580650423E-011
  5.199999999999997E+001  1.024842719782760E-007  3.002211858570646E-001  6.665234513123698E-007  4.244264078973136E-002  1.627830562579786E-001  2.442555724747973E-011
  5.299999999999997E+001  1.003115184437722E-007  3.070437611872646E-001  6.649330032850924E-007  4.156259328103396E-002  1.664077934650011E-001  2.394528589734190E-011
  5.399999999999997E+001  9.822930363747116E-008  3.138663360374261E-001  6.634124172540703E-007  4.071998383058281E-002  1.700252388542545E-001  2.348557238438900E-011
  5.499999999999997E+001  9.623213035877561E-008  3.206889104258964E-001  6.619571938476720E-007  3.991248295996135E-002  1.736353568724239E-001  2.304513287252711E-011
  5.599999999999997E+001  9.431493333558282E-008  3.275114843695087E-001  6.605632117844876E-007  3.913794958410952E-002  1.772381139983357E-001  2.262278741904950E-011
  5.699999999999997E+001  9.247303803115565E-008  3.343340578837320E-001  6.592266889904909E-007  3.839441240269330E-002  1.808334786763841E-001  2.221744971036780E-011
  5.799999999999997E+001  9.070212403316947E-008  3.411566309828041E-001  6.579441484154961E-007  3.768005345037120E-002  1.844214212552051E-001  2.182811798918690E-011
  5.999999999999997E+001  8.735795374013887E-008  3.548017755972969E-001  6.555281037014417E-007  3.633366786523264E-002  1.915675831880800E-001  2.109454315702080E-011
  6.199999999999997E+001  8.425334266079973E-008  3.684469187179114E-001  6.532927029252834E-007  3.508448976655478E-002  1.986838152785048E-001  2.041422859232316E-011
  6.399999999999997E+001  8.136354654177643E-008  3.820920604216262E-001  6.512184365438543E-007  3.392305447562340E-002  2.057699318300484E-001  1.978199248832372E-011
  6.599999999999997E+001  7.866711034320540E-008  3.957372007747824E-001  6.492885054779719E-007  3.284046295630803E-002  2.128257760765249E-001  1.919293195161728E-011
  6.799999999999997E+001  7.614532821645441E-008  4.093823398348115E-001  6.474883667318845E-007  3.182895634538717E-002  2.198512192106959E-001  1.864277106450908E-011
  6.999999999999997E+001  7.378181904390476E-008  4.230274776516388E-001  6.458053669902264E-007  3.088175699950372E-002  2.268461582548386E-001  1.812777572024453E-011
  7.199999999999997E+001  7.156217819312941E-008  4.366726142688295E-001  6.442284453544774E-007  2.999291909762457E-002  2.338105140820100E-001  1.764467131671254E-011
  7.399999999999997E+001  6.947368970879857E-008  4.503177497245330E-001  6.427478904770675E-007  2.915720517879831E-002  2.407442297371887E-001  1.719057446168369E-011
  7.599999999999997E+001  6.750508710507829E-008  4.639628840522646E-001  6.413551408262494E-007  2.836998398111076E-002  2.476472689986972E-001  1.676293645138094E-011
  7.799999999999997E+001  6.564635349613346E-008  4.776080172815564E-001  6.400426194039495E-007  2.762714543681546E-002  2.545196151091124E-001  1.635949626782041E-011
  7.999999999999997E+001  6.388855375643522E-008  4.912531494385040E-001  6.388035961778787E-007  2.692502955838194E-002  2.613612696247472E-001  1.597824127939826E-011
  8.199999999999997E+001  6.222369290653472E-008  5.048982805462251E-001  6.376320729542305E-007  2.626036663999583E-002  2.681722513507846E-001  1.561737420866798E-011
  8.399999999999997E+001  6.064459608611032E-008  5.185434106252473E-001  6.365226865336145E-007  2.563022673025298E-002  2.749525953413726E-001  1.527528522933135E-011
  8.599999999999997E+001  5.914480638633641E-008  5.321885396938398E-001  6.354706268502346E-007  2.503197674300955E-002  2.817023519517067E-001  1.495052828542109E-011
  8.799999999999997E+001  5.771849752859493E-008  5.458336677682939E-001  6.344715674578522E-007  2.446324389382853E-002  2.884215859339368E-001  1.464180090504504E-011
  8.999999999999997E+001  5.636039894150646E-008  5.594787948631645E-001  6.335216062431784E-007  2.392188440089767E-002  2.951103755717133E-001  1.434792692130152E-011
  9.199999999999997E+001  5.506573123723592E-008  5.731239209914780E-001  6.326172146531138E-007  2.340595658782423E-002  3.017688118500453E-001  1.406784162338008E-011
  9.399999999999997E+001  5.383015044678680E-008  5.867690461649110E-001  6.317551940426847E-007  2.291369768342648E-002  3.083969976582997E-001  1.380057894837286E-011
  9.599999999999997E+001  5.264969966216802E-008  6.004141703939460E-001  6.309326380050837E-007  2.244350373965463E-002  3.149950470248801E-001  1.354526039412373E-011
  9.799999999999997E+001  5.152076696594768E-008  6.140592936880056E-001  6.301468997486474E-007  2.199391219001050E-002  3.215630843825588E-001  1.330108538945252E-011
  9.999999999999997E+001  5.044004871740304E-008  6.277044160555700E-001  6.293955637490273E-007  2.156358665259031E-002  3.281012438636891E-001  1.306732290328012E-011
  1.050000000000000E+002  4.793114439866154E-008  6.618172162684106E-001  6.276538461139702E-007  2.056609549833304E-002  3.442631513171821E-001  1.252491618383107E-011
  1.100000000000000E+002  4.566406244515679E-008  6.959300108676427E-001  6.260839633673101E-007  1.966456291785874E-002  3.602436999345968E-001  1.203432791148201E-011
  1.150000000000000E+002  4.360539451189127E-008  7.300427999250870E-001  6.246616916287211E-007  1.884581446548298E-002  3.760453936495263E-001  1.158835823952437E-011
  1.200000000000000E+002  4.172761103582072E-008  7.641555834967816E-001  6.233671510238231E-007  1.809881496663082E-002  3.916710428989069E-001  1.118097485277526E-011
  1.250000000000000E+002  4.000782340380695E-008  7.982683616265187E-001  6.221838743972999E-007  1.741440704828950E-002  4.071236769172512E-001  1.080718976009178E-011
  1.300000000000000E+002  3.842684675915949E-008  8.323811343485187E-001  6.210981055903250E-007  1.678492959862458E-002  4.224064796220492E-001  1.046284329900402E-011
  1.350000000000000E+002  3.696848072902149E-008  8.664939016894777E-001  6.200982639544403E-007  1.620392450810597E-002  4.375227427041036E-001  1.014443873901823E-011
  1.400000000000000E+002  3.561895128410452E-008  9.006066636701493E-001  6.191745309247508E-007  1.566590974225035E-002  4.524758294975025E-001  9.849015343270613E-012
  1.450000000000000E+002  3.436647320555824E-008  9.347194203065761E-001  6.183185273907224E-007  1.516620187126597E-002  4.672691460668643E-001  9.574049675035859E-012
  1.500000000000000E+002  3.320090385069883E-008  9.688321716110533E-001  6.175230594261438E-007  1.470077591599954E-002  4.819061175710596E-001  9.317377960136990E-012
  1.550000000000000E+002  3.211346676166487E-008  1.002944917592889E+000  6.167819160593685E-007  1.426615366757793E-002  4.963901687504613E-001  9.077134395144375E-012
  1.600000000000000E+002  3.109652922898441E-008  1.037057658259005E+000  6.160897070696215E-007  1.385931395746516E-002  5.107247077754288E-001  8.851701691264697E-012
  1.650000000000000E+002  3.014342191832185E-008  1.071170393614421E+000  6.154417318635003E-007  1.347762000924309E-002  5.249131129024585E-001  8.639671111255189E-012
  1.700000000000000E+002  2.924829157007300E-008  1.105283123662631E+000  6.148338726999351E-007  1.311876019954140E-002  5.389587215073081E-001  8.439809942369906E-012
  1.750000000000000E+002  2.840597991087106E-008  1.139395848405915E+000  6.142625071480800E-007  1.278069943062345E-002  5.528648211444390E-001  8.251034844064520E-012
  1.800000000000000E+002  2.761192349485051E-008  1.173508567845587E+000  6.137244358550237E-007  1.246163896434990E-002  5.666346423392110E-001  8.072389873203672E-012
  1.850000000000000E+002  2.686207037430296E-008  1.207621281982193E+000  6.132168225887985E-007  1.215998305074594E-002  5.802713528630061E-001  7.903028260253933E-012
  1.900000000000000E+002  2.615281039196481E-008  1.241733990815670E+000  6.127371441905777E-007  1.187431104897383E-002  5.937780532767051E-001  7.742197213516985E-012
  1.950000000000000E+002  2.548091656709092E-008  1.275846694345483E+000  6.122831485771749E-007  1.160335401580747E-002  6.071577735573099E-001  7.589225183007003E-012
  2.000000000000000E+002  2.484349556951572E-008  1.309959392570724E+000  6.118528193230408E-007  1.134597494933646E-002  6.204134706474511E-001  7.443511133933514E-012
  2.050000000000000E+002  2.423794567976790E-008  1.344072085490203E+000  6.114443456502135E-007  1.110115203992252E-002  6.335480267889934E-001  7.304515471116931E-012
  2.100000000000000E+002  2.366192094796924E-008  1.378184773102513E+000  6.110560968871373E-007  1.086796440829531E-002  6.465642485205350E-001  7.171752326716368E-012
  2.150000000000000E+002  2.311330051107049E-008  1.412297455406087E+000  6.106866006390913E-007  1.064557991086360E-002  6.594648662347482E-001  7.044782979286652E-012
  2.200000000000000E+002  2.259016222282227E-008  1.446410132399248E+000  6.103345240561189E-007  1.043324467132828E-002  6.722525342055711E-001  6.923210216029534E-012
  2.250000000000000E+002  2.209075990562771E-008  1.480522804080240E+000  6.099986576977783E-007  1.023027406037123E-002  6.849298310074978E-001  6.806673484872288E-012
  2.300000000000000E+002  2.161350365703362E-008  1.514635470447259E+000  6.096779015843992E-007  1.003604489522055E-002  6.974992602598831E-001  6.694844710733543E-012
  2.350000000000000E+002  2.115694274289903E-008  1.548748131498478E+000  6.093712530969818E-007  9.849988671033094E-003  7.099632516384538E-001  6.587424672568376E-012
  2.400000000000000E+002  2.071975068943556E-008  1.582860787232063E+000  6.090777964462364E-007  9.671585668413455E-003  7.223241621042998E-001  6.484139855702944E-012
  2.450000000000000E+002  2.030071225135259E-008  1.616973437646191E+000  6.087966934785053E-007  9.500359807634480E-003  7.345842773076343E-001  6.384739708481861E-012
  2.500000000000000E+002  1.989871198636259E-008  1.651086082739058E+000  6.085271756247892E-007  9.335874141501518E-003  7.467458131297122E-001  6.288994244060810E-012
  2.550000000000000E+002  1.951272420972476E-008  1.685198722508890E+000  6.082685368305283E-007  9.177726896292645E-003  7.588109173315943E-001  6.196691937829720E-012
  2.600000000000000E+002  1.914180413822075E-008  1.719311356953950E+000  6.080201273296060E-007  9.025547984579704E-003  7.707816712830399E-001  6.107637878875249E-012
  2.700000000000000E+002  1.844207589989514E-008  1.787536604558547E+000  6.075518004168626E-007  8.738266453033388E-003  7.943605879333359E-001  5.938745934059696E-012
  2.800000000000000E+002  1.779291924949585E-008  1.855761830859483E+000  6.071177410748944E-007  8.471005963092366E-003  8.175908928036992E-001  5.780884381122096E-012
  2.900000000000000E+002  1.718900684332524E-008  1.923987035842218E+000  6.067142971398583E-007  8.221687314440852E-003  8.404862751699198E-001  5.632913681733038E-012
  3.000000000000000E+002  1.662573547389466E-008  1.992212219494074E+000  6.063383182225941E-007  7.988509936583404E-003  8.630597994394275E-001  5.493865466936715E-012
  3.100000000000000E+002  1.609910730936157E-008  2.060437381803582E+000  6.059870725370708E-007  7.769910249245787E-003  8.853238212745898E-001  5.362904379960673E-012
  3.150000000000000E+002  1.584832243525706E-008  2.094549957614961E+000  6.058199177237041E-007  7.665476439244214E-003  8.963800303743981E-001  5.300176677759684E-012
  3.200000000000000E+002  1.560543440699917E-008  2.128662528082834E+000  6.056580829209911E-007  7.564200685873039E-003  9.073620512517103E-001  5.239190006889353E-012
  3.250000000000000E+002  1.537007281216416E-008  2.162775093206611E+000  6.055013159988829E-007  7.465935350326709E-003  9.182713662293507E-001  5.179875209276776E-012
  3.300000000000000E+002  1.514189022293247E-008  2.196887652985488E+000  6.053493805945640E-007  7.370544718799952E-003  9.291093703937487E-001  5.122165005358134E-012
  3.400000000000000E+002  1.470594245352021E-008  2.265112751177172E+000  6.050592118149678E-007  7.188158163975417E-003  9.505097911722020E-001  5.011401179612878E-012
  3.450000000000000E+002  1.449741007444309E-008  2.299225294924072E+000  6.049204884856100E-007  7.100647498288083E-003  9.611423310373701E-001  4.958138573330819E-012
  3.500000000000000E+002  1.429486390481886E-008  2.333337833321734E+000  6.047857862151134E-007  7.015543821886836E-003  9.717084950127849E-001  4.906225097380757E-012
  3.550000000000000E+002  1.409804759989215E-008  2.367450366369583E+000  6.046549311266515E-007  6.932744361438361E-003  9.822094924240918E-001  4.855610430025146E-012
  3.600000000000000E+002  1.390671934549392E-008  2.401562894066906E+000  6.045277592772813E-007  6.852154217856733E-003  9.926464728845849E-001  4.806246191544697E-012
  3.650000000000000E+002  1.372065081762300E-008  2.435675416412945E+000  6.044041159466894E-007  6.773683514003453E-003  1.003020541230591E+000  4.758085168035893E-012
  3.700000000000000E+002  1.353962624199523E-008  2.469787933406931E+000  6.042838549924868E-007  6.697247163530650E-003  1.013332764936362E+000  4.711081995946315E-012
  3.800000000000000E+002  1.319202201385276E-008  2.538012945998801E+000  6.040529940584256E-007  6.550363244390045E-003  1.033717337113454E+000  4.620459611429962E-012
  3.900000000000000E+002  1.286226571017533E-008  2.606237937185162E+000  6.038340891314172E-007  6.410682488149134E-003  1.053869299951624E+000  4.533987807465997E-012
  4.000000000000000E+002  1.254900653164490E-008  2.674462906958926E+000  6.036262270382176E-007  6.277671359508108E-003  1.073795784989988E+000  4.451361891686698E-012
  4.100000000000000E+002  1.225102698131679E-008  2.742687855314016E+000  6.034285855427230E-007  6.150848052672401E-003  1.093503630317239E+000  4.372313631680801E-012
  4.200000000000000E+002  1.196722687005626E-008  2.810912782244930E+000  6.032404223215788E-007  6.029777065119318E-003  1.112999348180392E+000  4.296602230713745E-012
  4.300000000000000E+002  1.169660952118244E-008  2.879137687746583E+000  6.030610654840126E-007  5.914063499686539E-003  1.132289130155822E+000  4.224009389652351E-012
  4.400000000000000E+002  1.143826986355940E-008  2.947362571814228E+000  6.028899054041378E-007  5.803348336110766E-003  1.151378862475215E+000  4.154336253024371E-012
  4.500000000000000E+002  1.119138412768450E-008  3.015587434443425E+000  6.027263876624329E-007  5.697304392363660E-003  1.170274143773309E+000  4.087401101737268E-012
  4.600000000000000E+002  1.095520090129772E-008  3.083812275630006E+000  6.025700069257480E-007  5.595632834784260E-003  1.188980302914260E+000  4.023037451109589E-012
  4.700000000000000E+002  1.072903334066690E-008  3.152037095370051E+000  6.024203016238241E-007  5.498060144191996E-003  1.207502416112315E+000  3.961092428891582E-012
  4.800000000000000E+002  1.051225236735196E-008  3.220261893659877E+000  6.022768493041266E-007  5.404335467306134E-003  1.225845323076256E+000  3.901425371105629E-012
  4.900000000000000E+002  1.030428070810406E-008  3.288486670496020E+000  6.021392625663299E-007  5.314228296466443E-003  1.244013642101363E+000  3.843906596377933E-012
  5.000000000000000E+002  1.010458765849383E-008  3.356711425875231E+000  6.020071854938193E-007  5.227526430590880E-003  1.262011784114132E+000  3.788416330152564E-012
  5.100000000000000E+002  9.912684469768570E-009  3.424936159794454E+000  6.018802905127594E-007  5.144034178067695E-003  1.279843965710970E+000  3.734843756449825E-012
  5.200000000000000E+002  9.728120274059505E-009  3.493160872250828E+000  6.017582756201272E-007  5.063570768530316E-003  1.297514221247640E+000  3.683086179076500E-012
  5.300000000000000E+002  9.550478476011903E-009  3.561385563241675E+000  6.016408619311207E-007  4.985968945576001E-003  1.315026414042037E+000  3.633048277329695E-012
  5.400000000000000E+002  9.379373549684335E-009  3.629610232764493E+000  6.015277915038095E-007  4.911073716710204E-003  1.332384246753646E+000  3.584641443668007E-012
  5.500000000000000E+002  9.214448188557817E-009  3.697834880816950E+000  6.014188254051387E-007  4.838741240305830E-003  1.349591271001349E+000  3.537783192768422E-012
  5.600000000000000E+002  9.055370764029459E-009  3.766059507396883E+000  6.013137419875961E-007  4.768837832295723E-003  1.366650896278254E+000  3.492396632971590E-012
  5.700000000000000E+002  8.901833054097446E-009  3.834284112502288E+000  6.012123353502468E-007  4.701239077773810E-003  1.383566398218620E+000  3.448409992425355E-012
  5.800000000000000E+002  8.753548209283528E-009  3.902508696131317E+000  6.011144139615057E-007  4.635829034749190E-003  1.400340926268173E+000  3.405756193324790E-012
  5.900000000000000E+002  8.610248927355241E-009  3.970733258282271E+000  6.010197994241600E-007  4.572499519045837E-003  1.416977510805295E+000  3.364372468559568E-012
  6.000000000000000E+002  8.471685812241936E-009  4.038957798953605E+000  6.009283253657715E-007  4.511149460822945E-003  1.433479069756901E+000  3.324200015848910E-012
  6.100000000000000E+002  8.337625895799019E-009  4.107182318143917E+000  6.008398364398510E-007  4.451684324451641E-003  1.449848414749315E+000  3.285183685096113E-012
  6.200000000000000E+002  8.207851303857178E-009  4.175406815851942E+000  6.007541874251029E-007  4.394015584559363E-003  1.466088256831167E+000  3.247271695249146E-012
  6.300000000000000E+002  8.082158050374050E-009  4.243631292076556E+000  6.006712424116829E-007  4.338060251973315E-003  1.482201211802293E+000  3.210415377427219E-012
  6.400000000000000E+002  7.960354945548456E-009  4.311855746816769E+000  6.005908740648039E-007  4.283740444083728E-003  1.498189805179783E+000  3.174568941478755E-012
  6.500000000000000E+002  7.842262605514260E-009  4.380080180071722E+000  6.005129629572464E-007  4.230982994826709E-003  1.514056476829704E+000  3.139689263484834E-012
  6.600000000000000E+002  7.727712552745985E-009  4.448304591840683E+000  6.004373969633577E-007  4.179719100071918E-003  1.529803585290653E+000  3.105735692022637E-012
  6.700000000000000E+002  7.616546397617957E-009  4.516528982123047E+000  6.003640707080213E-007  4.129883994706538E-003  1.545433411813069E+000  3.072669871263130E-012
  6.800000000000000E+002  7.508615092693379E-009  4.584753350918326E+000  6.002928850648710E-007  4.081416658145679E-003  1.560948164136230E+000  3.040455579202426E-012
  6.900000000000000E+002  7.403778252304977E-009  4.652977698226161E+000  6.002237466986756E-007  4.034259545380323E-003  1.576349980023035E+000  3.009058579521836E-012
  7.000000000000000E+002  7.301903530846397E-009  4.721202024046302E+000  6.001565676474218E-007  3.988358341005595E-003  1.591640930570952E+000  2.978446485742059E-012
  7.200000000000000E+002  7.106615485648117E-009  4.857650589794041E+000  6.000277946347111E-007  3.900268878800081E-003  1.621793506299488E+000  2.919535537645551E-012
  7.400000000000000E+002  6.921755118164544E-009  4.994099069640454E+000  5.999059156220053E-007  3.816606713533384E-003  1.651531140056115E+000  2.863416369482989E-012
  7.500000000000000E+002  6.832945855692339E-009  5.062323288072555E+000  5.998473737061516E-007  3.776263589417216E-003  1.666298256442082E+000  2.836304352638105E-012
  7.600000000000000E+002  6.746444958297943E-009  5.130547485015869E+000  5.997903570086388E-007  3.736906684489266E-003  1.680965542175460E+000  2.809811381324752E-012
  7.700000000000000E+002  6.662162771562206E-009  5.198771660471564E+000  5.997348060631982E-007  3.698499052910076E-003  1.695534730129322E+000  2.783917582592613E-012
  7.800000000000000E+002  6.580014254152323E-009  5.266995814440555E+000  5.996806644745591E-007  3.661005594436109E-003  1.710007481278056E+000  2.758602410584059E-012
  8.000000000000000E+002  6.421848344487201E-009  5.403444036489948E+000  5.995764228465818E-007  3.588740309634351E-003  1.738578584802995E+000  2.709689332675869E-012
  8.200000000000000E+002  6.271292928762861E-009  5.539892172650092E+000  5.994772063498764E-007  3.519740413132486E-003  1.766786832419209E+000  2.662861654093525E-012
  8.400000000000000E+002  6.127807130735471E-009  5.676340222925822E+000  5.993826566119502E-007  3.453781126788093E-003  1.794643441095386E+000  2.617978158332854E-012
  8.600000000000000E+002  5.990900305084362E-009  5.812788187324369E+000  5.992924486823586E-007  3.390658318766534E-003  1.822159138377921E+000  2.574912678566980E-012
  8.800000000000000E+002  5.860126341295619E-009  5.949236065854666E+000  5.992062872227209E-007  3.330186070563007E-003  1.849344159235742E+000  2.533550462007376E-012
  9.000000000000000E+002  5.735078717305733E-009  6.085683858527064E+000  5.991239032029304E-007  3.272194626065579E-003  1.876208267584420E+000  2.493786590539258E-012
  9.200000000000000E+002  5.615386196439953E-009  6.222131565353174E+000  5.990450510295094E-007  3.216528645155071E-003  1.902760782442822E+000  2.455524856602638E-012
  9.400000000000000E+002  5.500709073409287E-009  6.358579186345749E+000  5.989695060421658E-007  3.163045687557057E-003  1.929010604455999E+000  2.418676834632150E-012
  9.600000000000000E+002  5.390735889753454E-009  6.495026721518588E+000  5.988970623247887E-007  3.111614887826671E-003  1.954966241401588E+000  2.383161085188320E-012
  9.800000000000000E+002  5.285180551793679E-009  6.631474170886460E+000  5.988275307858235E-007  3.062115792440995E-003  1.980635832183148E+000  2.348902462448768E-012
  1.000000000000000E+003  5.183779794750932E-009  6.767921534465041E+000  5.987607374701283E-007  3.014437335652095E-003  2.006027169172599E+000  2.315831506438932E-012
  1.020000000000000E+003  5.086290945480553E-009  6.904368812270851E+000  5.986965220703850E-007  2.968476934817958E-003  2.031147718919115E+000  2.283883906588647E-012
  1.040000000000000E+003  4.992489943576989E-009  7.040816004321186E+000  5.986347366110541E-007  2.924139689067711E-003  2.056004641307889E+000  2.253000026254006E-012
  1.060000000000000E+003  4.902169586676985E-009  7.177263110634080E+000  5.985752442819743E-007  2.881337667670038E-003  2.080604807277227E+000  2.223124479856593E-012
  1.080000000000000E+003  4.815137970856518E-009  7.313710131228252E+000  5.985179184020921E-007  2.839989276525619E-003  2.104954815208533E+000  2.194205755737435E-012
  1.100000000000000E+003  4.731217101255833E-009  7.450157066123057E+000  5.984626414966964E-007  2.800018692901453E-003  2.129061006100883E+000  2.166195878924180E-012
  1.120000000000000E+003  4.650241651624915E-009  7.586603915338440E+000  5.984093044738775E-007  2.761355359939873E-003  2.152929477635170E+000  2.139050108882893E-012
  1.140000000000000E+003  4.572057854477429E-009  7.723050678894899E+000  5.983578058879887E-007  2.723933533662504E-003  2.176566097224522E+000  2.112726668035550E-012
  1.160000000000000E+003  4.496522506071310E-009  7.859497356813445E+000  5.983080512795433E-007  2.687691876190431E-003  2.199976514139177E+000  2.087186497411357E-012
  1.180000000000000E+003  4.423502072577856E-009  7.995943949115559E+000  5.982599525824540E-007  2.652573089749409E-003  2.223166170785746E+000  2.062393036291295E-012
  1.200000000000000E+003  4.352871885622576E-009  8.132390455823163E+000  5.982134275907159E-007  2.618523586749135E-003  2.246140313213120E+000  2.038312023119969E-012
  1.220000000000000E+003  4.284515416933312E-009  8.268836876958591E+000  5.981683994776863E-007  2.585493191839531E-003  2.268904000910246E+000  2.014911315311053E-012
  1.240000000000000E+003  4.218323623157575E-009  8.405283212544537E+000  5.981247963620038E-007  2.553434872372041E-003  2.291462115954643E+000  1.992160725873369E-012
  1.260000000000000E+003  4.154194353047675E-009  8.541729462604051E+000  5.980825509149383E-007  2.522304494144187E-003  2.313819371564861E+000  1.970031875042467E-012
  1.280000000000000E+003  4.092031810188686E-009  8.678175627160494E+000  5.980416000046340E-007  2.492060599692840E-003  2.335980320104915E+000  1.948498055324421E-012
  1.300000000000000E+003  4.031746065285281E-009  8.814621706237507E+000  5.980018843732535E-007  2.462664206735518E-003  2.357949360584250E+000  1.927534108550124E-012
  1.320000000000000E+003  3.973252612749691E-009  8.951067699858999E+000  5.979633483435222E-007  2.434078624647590E-003  2.379730745692641E+000  1.907116313704131E-012
  1.340000000000000E+003  3.916471966961397E-009  9.087513608049106E+000  5.979259395515940E-007  2.406269287113283E-003  2.401328588405832E+000  1.887222284436028E-012
  1.360000000000000E+003  3.861329294114382E-009  9.223959430832181E+000  5.978896087035243E-007  2.379203599305523E-003  2.422746868194457E+000  1.867830875287584E-012
  1.380000000000000E+003  3.807754076041596E-009  9.360405168232779E+000  5.978543093529432E-007  2.352850798138660E-003  2.443989436865872E+000  1.848922095778143E-012
  1.400000000000000E+003  3.755679802819304E-009  9.496850820275593E+000  5.978199976978080E-007  2.327181824302943E-003  2.465060024065879E+000  1.830477031586201E-012
  1.450000000000000E+003  3.631714054606130E-009  9.837964417624852E+000  5.977383012493062E-007  2.265993581988036E-003  2.516708308948006E+000  1.786384682061080E-012
  1.460000000000000E+003  3.607904063683034E-009  9.906187115762897E+000  5.977226114436180E-007  2.254167514790721E-003  2.526997451109860E+000  1.777852951618627E-012
  1.480000000000000E+003  3.561237551962907E-009  1.004263242677353E+001  5.976918579195123E-007  2.230970592527702E-003  2.547417240785107E+000  1.761093254613882E-012
  1.500000000000000E+003  3.515790580976433E-009  1.017907765254659E+001  5.976619068139536E-007  2.208333856303882E-003  2.567681830441406E+000  1.744715538320019E-012
  1.520000000000000E+003  3.471515511816528E-009  1.031552279310900E+001  5.976327267698014E-007  2.186236410194874E-003  2.587794380128029E+000  1.728706422179297E-012
  1.540000000000000E+003  3.428367169164539E-009  1.045196784848711E+001  5.976042880531246E-007  2.164658359930103E-003  2.607757933422430E+000  1.713053033424501E-012
  1.560000000000000E+003  3.386302682410315E-009  1.058841281870689E+001  5.975765624485402E-007  2.143580780171056E-003  2.627575431676128E+000  1.697743025799552E-012
  1.580000000000000E+003  3.345281339482960E-009  1.072485770379412E+001  5.975495231628544E-007  2.122985662749662E-003  2.647249723326518E+000  1.682764589091814E-012
  1.600000000000000E+003  3.305264451985717E-009  1.086130250377447E+001  5.975231447361253E-007  2.102855865076407E-003  2.666783570358310E+000  1.668106440174996E-012
  1.650000000000000E+003  3.209417158133760E-009  1.120241397247176E+001  5.974599515092538E-007  2.054580530474555E-003  2.714775078177063E+000  1.632869108158744E-012
  1.660000000000000E+003  3.190915906957092E-009  1.127063624494435E+001  5.974477542977930E-007  2.045209259989724E-003  2.724340110649473E+000  1.626022158567720E-012
  1.680000000000000E+003  3.154565254659349E-009  1.140708070487753E+001  5.974237878419368E-007  2.026783242053627E-003  2.743339763027250E+000  1.612542696226347E-012
  1.700000000000000E+003  3.119051964865751E-009  1.154352507982632E+001  5.974003723031120E-007  2.008748063255497E-003  2.762211473961103E+000  1.599333550213472E-012
  1.720000000000000E+003  3.084347159934094E-009  1.167996936981736E+001  5.973774886838929E-007  1.991090891811177E-003  2.780957617109554E+000  1.586386429192066E-012
  1.740000000000000E+003  3.050423283226361E-009  1.181641357487661E+001  5.973551188563636E-007  1.973799431519715E-003  2.799580482867954E+000  1.573693290488749E-012
  1.760000000000000E+003  3.017254023419527E-009  1.195285769502958E+001  5.973332455123469E-007  1.956861912541244E-003  2.818082289114420E+000  1.561246365110988E-012
  1.780000000000000E+003  2.984814244323911E-009  1.208930173030151E+001  5.973118521172156E-007  1.940267068562309E-003  2.836465188048294E+000  1.549038173610046E-012
  1.800000000000000E+003  2.953079919594188E-009  1.222574568071738E+001  5.972909228668980E-007  1.924004112735971E-003  2.854731270816867E+000  1.537061527529325E-012
  1.820000000000000E+003  2.922028071851436E-009  1.236218954630199E+001  5.972704426477782E-007  1.908062713689980E-003  2.872882570937803E+000  1.525309522934580E-012
  1.840000000000000E+003  2.891636715828748E-009  1.249863332707997E+001  5.972503969992397E-007  1.892432972325099E-003  2.890921067024543E+000  1.513775530459966E-012
  1.860000000000000E+003  2.861884805210923E-009  1.263507702307579E+001  5.972307720786432E-007  1.877105399690116E-003  2.908848685081577E+000  1.502453183955480E-012
  1.880000000000000E+003  2.832752182878876E-009  1.277152063431374E+001  5.972115546285495E-007  1.862070896025571E-003  2.926667300518380E+000  1.491336368728729E-012
  1.900000000000000E+003  2.804219534300009E-009  1.290796416081798E+001  5.971927319460131E-007  1.847320730981939E-003  2.944378739968509E+000  1.480419209876120E-012
  1.950000000000000E+003  2.735414925491819E-009  1.324907244805812E+001  5.971473334930888E-007  1.811710082600160E-003  2.988010472162431E+000  1.454012914110014E-012
  1.960000000000000E+003  2.722060093445712E-009  1.331729408433340E+001  5.971385221656550E-007  1.804763914619163E-003  2.996711249667704E+000  1.448858207767858E-012
  1.980000000000000E+003  2.695749078975934E-009  1.345373727223956E+001  5.971211612571649E-007  1.791069678923066E-003  3.014012317884913E+000  1.438685759885519E-012
  2.000000000000000E+003  2.669952688853237E-009  1.359018037552671E+001  5.971041389871706E-007  1.777620982491832E-003  3.031214564202260E+000  1.428686358315787E-012
  2.020000000000000E+003  2.644655830731126E-009  1.372662339421922E+001  5.970874454311310E-007  1.764411001020107E-003  3.048319590001987E+000  1.418855539743172E-012
  2.040000000000000E+003  2.619844000708193E-009  1.386306632834076E+001  5.970710710514675E-007  1.751433146540787E-003  3.065328943373442E+000  1.409188931930404E-012
  2.060000000000000E+003  2.595503254405587E-009  1.399950917791453E+001  5.970550066785846E-007  1.738681068686969E-003  3.082244126516233E+000  1.399682276093204E-012
  2.080000000000000E+003  2.571620179929165E-009  1.413595194296337E+001  5.970392434931071E-007  1.726148647511259E-003  3.099066600322834E+000  1.390331441690730E-012
  2.100000000000000E+003  2.548181872490933E-009  1.427239462350983E+001  5.970237730091918E-007  1.713829984916578E-003  3.115797787389122E+000  1.381132431517695E-012
  2.150000000000000E+003  2.491467404538026E-009  1.461350079724018E+001  5.969863314775247E-007  1.683989037763787E-003  3.157073063431890E+000  1.358812792397845E-012
  2.200000000000000E+003  2.437272431428179E-009  1.495460644362885E+001  5.969505482650067E-007  1.655360563236566E-003  3.197814894355018E+000  1.337360292601077E-012
  2.250000000000000E+003  2.385431346511351E-009  1.529571156298633E+001  5.969163144742261E-007  1.627868482144162E-003  3.238041990194746E+000  1.316721170950246E-012
  2.300000000000000E+003  2.335792802107704E-009  1.563681615562284E+001  5.968835305861212E-007  1.601443267784162E-003  3.277772167057573E+000  1.296847174379172E-012
  2.350000000000000E+003  2.288218210132798E-009  1.597792022184349E+001  5.968521054722384E-007  1.576021138019258E-003  3.317022295941739E+000  1.277694206793676E-012
  2.400000000000000E+003  2.242580424036075E-009  1.631902376194650E+001  5.968219555271860E-007  1.551543433256040E-003  3.355808326668374E+000  1.259221709449886E-012
  2.450000000000000E+003  2.198762579668647E-009  1.666012677622247E+001  5.967930039059876E-007  1.527956094769596E-003  3.394145333848308E+000  1.241392248193692E-012
  2.500000000000000E+003  2.156657073983701E-009  1.700122926495417E+001  5.967651798522654E-007  1.505209212663212E-003  3.432047568137495E+000  1.224171190902890E-012
  2.550000000000000E+003  2.116164663089887E-009  1.734233122841637E+001  5.967384181050243E-007  1.483256628812722E-003  3.469528507101209E+000  1.207526436360931E-012
  2.600000000000000E+003  2.077193663785303E-009  1.768343266687586E+001  5.967126583735495E-007  1.462055585720779E-003  3.506600903778769E+000  1.191428178773144E-012
  2.650000000000000E+003  2.039659245008039E-009  1.802453358059153E+001  5.966878448714842E-007  1.441566414675076E-003  3.543276832386911E+000  1.175848700106132E-012
  2.700000000000000E+003  2.003482797612987E-009  1.836563396981439E+001  5.966639259024445E-007  1.421752257963365E-003  3.579567731089929E+000  1.160762185535399E-012
  2.750000000000000E+003  1.968591372553664E-009  1.870673383478775E+001  5.966408534906365E-007  1.402578820794218E-003  3.615484441941835E+000  1.146144558673612E-012
  2.800000000000000E+003  1.934917178955993E-009  1.904783317574730E+001  5.966185830508751E-007  1.384014149239337E-003  3.651037248164955E+000  1.131973333986614E-012
  2.850000000000000E+003  1.902397134759804E-009  1.938893199292133E+001  5.965970730931759E-007  1.366028431043868E-003  3.686235908943508E+000  1.118227484265619E-012
  2.900000000000000E+003  1.870972463609888E-009  1.973003028653081E+001  5.965762849577645E-007  1.348593816588197E-003  3.721089691907220E+000  1.104887321354350E-012
  2.950000000000000E+003  1.840588332531831E-009  2.007112805678965E+001  5.965561825769095E-007  1.331684257650998E-003  3.755607403470271E+000  1.091934388586708E-012
  3.000000000000000E+003  1.811193525653831E-009  2.041222530390487E+001  5.965367322604576E-007  1.315275361933409E-003  3.789797417178927E+000  1.079351363599706E-012
  3.050000000000000E+003  1.782740149855005E-009  2.075332202807679E+001  5.965179025023586E-007  1.299344261568301E-003  3.823667700209319E+000  1.067121970361007E-012
  3.100000000000000E+003  1.755183368750402E-009  2.109441822949929E+001  5.964996638058246E-007  1.283869494064487E-003  3.857225838145398E+000  1.055230899398345E-012
  3.150000000000000E+003  1.728481161877190E-009  2.143551390835998E+001  5.964819885250564E-007  1.268830894329692E-003  3.890479058156549E+000  1.043663735344385E-012
  3.200000000000000E+003  1.702594106337114E-009  2.177660906484041E+001  5.964648507217314E-007  1.254209496582980E-003  3.923434250684823E+000  1.032406891019183E-012
  3.250000000000000E+003  1.677485178486966E-009  2.211770369911637E+001  5.964482260346729E-007  1.239987445111473E-003  3.956097989742962E+000  1.021447547365944E-012
  3.300000000000000E+003  1.653119573559728E-009  2.245879781135801E+001  5.964320915613043E-007  1.226147912950890E-003  3.988476551916557E+000  1.010773598636872E-012
  3.350000000000000E+003  1.629464541350958E-009  2.279989140173020E+001  5.964164257496618E-007  1.212675027677537E-003  4.020575934156547E+000  1.000373602296136E-012
  3.400000000000000E+003  1.606489236323706E-009  2.314098447039262E+001  5.964012082998885E-007  1.199553803593479E-003  4.052401870441794E+000  9.902367331682639E-013
  3.500000000000000E+003  1.562474242598864E-009  2.382316852253429E+001  5.963720472443404E-007  1.174362240755388E-003  4.114995682454510E+000  9.707511725054969E-013
  3.600000000000000E+003  1.520848277760685E-009  2.450535049058877E+001  5.963444626443101E-007  1.150411224402256E-003  4.176570772695651E+000  9.521981497961923E-013
  3.700000000000000E+003  1.481420815302686E-009  2.518753037563806E+001  5.963183290687340E-007  1.127607688684344E-003  4.237164117050100E+000  9.345091393908470E-013
  3.800000000000000E+003  1.444021139101955E-009  2.586970817870802E+001  5.962935341119929E-007  1.105867957003529E-003  4.296809900807831E+000  9.176229362216747E-013
  3.900000000000000E+003  1.408495827939660E-009  2.655188390076950E+001  5.962699767406010E-007  1.085116471031034E-003  4.355539755500187E+000  9.014841430489607E-013
  4.000000000000000E+003  1.374706612892101E-009  2.723405754274497E+001  5.962475658852200E-007  1.065284802323738E-003  4.413383046964264E+000  8.860424145939055E-013
  4.050000000000000E+003  1.358419962248549E-009  2.757514384372073E+001  5.962367630205030E-007  1.055676674786529E-003  4.442087617211923E+000  8.785550630137324E-013
  4.100000000000000E+003  1.342521658322964E-009  2.791622962480734E+001  5.962262166735646E-007  1.046276482068437E-003  4.470578614293680E+000  8.712254417441759E-013
  4.150000000000000E+003  1.326997891798797E-009  2.825731488611167E+001  5.962159177463226E-007  1.037077331738094E-003  4.498859244837150E+000  8.640487374729167E-013
  4.200000000000000E+003  1.311835503292522E-009  2.859839962773644E+001  5.962058575681195E-007  1.028072593896817E-003  4.526932583246645E+000  8.570200732372761E-013
  4.250000000000000E+003  1.297021944851426E-009  2.893948384978272E+001  5.961960278705057E-007  1.019255922787864E-003  4.554801611410848E+000  8.501347230627589E-013
  4.300000000000000E+003  1.282545244674928E-009  2.928056755235058E+001  5.961864207640718E-007  1.010621250464645E-003  4.582469228397636E+000  8.433881549477606E-013
  4.400000000000000E+003  1.254562805365753E-009  2.996273288072032E+001  5.961678466017145E-007  9.939035712092353E-004  4.637017411802601E+000  8.303163029552083E-013
  4.500000000000000E+003  1.227796514207064E-009  3.064489613307401E+001  5.961500763365126E-007  9.778448557283812E-004  4.690799618942578E+000  8.177480407461831E-013
  4.600000000000000E+003  1.202168339674061E-009  3.132705731016479E+001  5.961330585247066E-007  9.624054005320012E-004  4.743836059442677E+000  8.056534379324313E-013
  4.700000000000000E+003  1.177606806824360E-009  3.200921641272504E+001  5.961167460375274E-007  9.475487259947788E-004  4.796145848916136E+000  7.940051700664905E-013
  4.800000000000000E+003  1.154046321043524E-009  3.269137344146921E+001  5.961010956165782E-007  9.332412109422487E-004  4.847747109953001E+000  7.827779999048616E-013
  4.900000000000000E+003  1.131426573743817E-009  3.337352839709808E+001  5.960860674831213E-007  9.194518131284634E-004  4.898657081449234E+000  7.719485654424111E-013
  5.000000000000000E+003  1.109692019019491E-009  3.405568128030194E+001  5.960716249939854E-007  9.061518255781793E-004  4.948892206739256E+000  7.614952150111613E-013
  5.100000000000000E+003  1.088791411496841E-009  3.473783209176290E+001  5.960577343376717E-007  8.933146596212098E-004  4.998468205405046E+000  7.513978576266936E-013
  5.200000000000000E+003  1.068677397124350E-009  3.541998083215675E+001  5.960443642652460E-007  8.809156513160644E-004  5.047400133934699E+000  7.416378263926031E-013
  5.300000000000000E+003  1.049306149924547E-009  3.610212750215414E+001  5.960314858514366E-007  8.689318886495693E-004  5.095702438182922E+000  7.321977548861958E-013
  5.400000000000000E+003  1.030637048776078E-009  3.678427210242207E+001  5.960190722820369E-007  8.573420570911176E-004  5.143388999310639E+000  7.230614657787848E-013
  5.500000000000000E+003  1.012632389160047E-009  3.746641463362459E+001  5.960070986642887E-007  8.461263013126678E-004  5.190473174284441E+000  7.142138705721632E-013
  5.600000000000000E+003  9.952571255273128E-010  3.814855509642373E+001  5.959955418573932E-007  8.352661011432635E-004  5.236967831729601E+000  7.056408792763778E-013
  5.700000000000000E+003  9.784786405506949E-010  3.883069349148004E+001  5.959843803206899E-007  8.247441600727814E-004  5.282885383772079E+000  6.973293189293433E-013
  5.800000000000000E+003  9.622665380389644E-010  3.951282981945305E+001  5.959735939773926E-007  8.145443048393038E-004  5.328237814402117E+000  6.892668599722787E-013
  5.900000000000000E+003  9.465924567243054E-010  4.019496408100171E+001  5.959631640920460E-007  8.046513948257572E-004  5.373036704815508E+000  6.814419496105646E-013
  6.000000000000000E+003  9.314299025047932E-010  4.087709627678463E+001  5.959530731601147E-007  7.950512401564043E-004  5.417293256126685E+000  6.738437513957166E-013
  6.100000000000000E+003  9.167540970389534E-010  4.155922640746022E+001  5.959433048083234E-007  7.857305275255920E-004  5.461018309795678E+000  6.664620903580099E-013
  6.200000000000000E+003  9.025418408593948E-010  4.224135447368678E+001  5.959338437045445E-007  7.766767529131697E-004  5.504222366065945E+000  6.592874031011143E-013
  6.300000000000000E+003  8.887713894040496E-010  4.292348047612262E+001  5.959246754761773E-007  7.678781604459617E-004  5.546915600671150E+000  6.523106923410827E-013
  6.400000000000000E+003  8.754223405626372E-010  4.360560441542590E+001  5.959157866361053E-007  7.593236867552061E-004  5.589107880034700E+000  6.455234854335391E-013
  6.500000000000000E+003  8.624755325076356E-010  4.428772629225469E+001  5.959071645154116E-007  7.510029102580573E-004  5.630808775156248E+000  6.389177964862642E-013
  6.600000000000000E+003  8.499129507273411E-010  4.496984610726683E+001  5.958987972021495E-007  7.429060048588827E-004  5.672027574353221E+000  6.324860917006600E-013
  6.700000000000000E+003  8.377176433070885E-010  4.565196386111970E+001  5.958906734855393E-007  7.350236976247810E-004  5.712773295002877E+000  6.262212576259037E-013
  6.800000000000000E+003  8.258736436162412E-010  4.633407955447026E+001  5.958827828050368E-007  7.273472300407579E-004  5.753054694410433E+000  6.201165720447212E-013
  6.900000000000000E+003  8.143658996556027E-010  4.701619318797472E+001  5.958751152037836E-007  7.198683224944478E-004  5.792880279911775E+000  6.141656772404621E-013
  7.000000000000000E+003  8.031802094045468E-010  4.769830476228839E+001  5.958676612860039E-007  7.125791416791230E-004  5.832258318304105E+000  6.083625554220955E-013
  7.100000000000000E+003  7.923031615811053E-010  4.838041427806554E+001  5.958604121779674E-007  7.054722706377341E-004  5.871196844684960E+000  6.027015061074198E-013
  7.200000000000000E+003  7.817220812930153E-010  4.906252173595916E+001  5.958533594921654E-007  6.985406812005769E-004  5.909703670768718E+000  5.971771252856410E-013
  7.300000000000000E+003  7.714249801145444E-010  4.974462713662079E+001  5.958464952944046E-007  6.917777085954560E-004  5.947786392739985E+000  5.917842861988877E-013
  7.400000000000000E+003  7.614005101738539E-010  5.042673048070034E+001  5.958398120735403E-007  6.851770280323366E-004  5.985452398694720E+000  5.865181215985303E-013
  7.500000000000000E+003  7.516379218796455E-010  5.110883176884586E+001  5.958333027136033E-007  6.787326330849457E-004  6.022708875712773E+000  5.813740073466076E-013
  7.600000000000000E+003  7.421270249546413E-010  5.179093100170336E+001  5.958269604681034E-007  6.724388157098495E-004  6.059562816599176E+000  5.763475472455118E-013
  7.700000000000000E+003  7.328581524777482E-010  5.247302817991672E+001  5.958207789363202E-007  6.662901477595813E-004  6.096021026326158E+000  5.714345589904812E-013
  7.800000000000000E+003  7.238221276671129E-010  5.315512330412743E+001  5.958147520413913E-007  6.602814638606235E-004  6.132090128203198E+000  5.666310611496467E-013
  7.900000000000000E+003  7.150102331632080E-010  5.383721637497448E+001  5.958088740100518E-007  6.544078455397012E-004  6.167776569798549E+000  5.619332610854369E-013
  8.000000000000000E+003  7.064141825949893E-010  5.451930739309422E+001  5.958031393538766E-007  6.486646064931351E-004  6.203086628632181E+000  5.573375437392935E-013
  8.100000000000000E+003  6.980260942334534E-010  5.520139635912019E+001  5.957975428518958E-007  6.430472789040424E-004  6.238026417657283E+000  5.528404612088979E-013
  8.200000000000000E+003  6.898384665558609E-010  5.588348327368310E+001  5.957920795344718E-007  6.375516007211717E-004  6.272601890545025E+000  5.484387230536411E-013
  8.400000000000000E+003  6.740396584209940E-010  5.724764890327800E+001  5.957815349045902E-007  6.269319026871961E-004  6.340335764774904E+000  5.399265440819265E-013
  8.500000000000000E+003  6.664117823044458E-010  5.792972966844901E+001  5.957764435454037E-007  6.217771479504273E-004  6.373855076559163E+000  5.357923964155496E-013
  8.600000000000000E+003  6.589577367826879E-010  5.861180838462280E+001  5.957714677246400E-007  6.167288269843449E-004  6.407032210138437E+000  5.317417946261960E-013
  8.700000000000000E+003  6.516716109127517E-010  5.929388505241838E+001  5.957666035244136E-007  6.117835465515913E-004  6.439872430061172E+000  5.277721362164150E-013
  8.800000000000000E+003  6.445477595143401E-010  5.997595967245210E+001  5.957618472026352E-007  6.069380571518865E-004  6.472380872309500E+000  5.238809053975862E-013
  8.900000000000000E+003  6.375807884235138E-010  6.065803224533589E+001  5.957571951832676E-007  6.021892484221470E-004  6.504562538185752E+000  5.200656977648055E-013
  9.000000000000000E+003  6.307655406771619E-010  6.134010277167688E+001  5.957526440471999E-007  5.975341404446201E-004  6.536422296802556E+000  5.163242094890967E-013
  9.200000000000000E+003  6.175732157693215E-010  6.270423564412882E+001  5.957438323604180E-007  5.885119510300016E-004  6.598887164139401E+000  5.090678401370933E-013
  9.400000000000000E+003  6.049310004690883E-010  6.406836034094340E+001  5.957353865835217E-007  5.798303466928360E-004  6.660132537546795E+000  5.020800036028347E-013
  9.600000000000000E+003  5.928049948199947E-010  6.543247686670496E+001  5.957272842294759E-007  5.714696362908949E-004  6.720192205844613E+000  4.953453391299073E-013
  9.800000000000000E+003  5.811640352227240E-010  6.679658522596834E+001  5.957195046227235E-007  5.634116528004990E-004  6.779098544252935E+000  4.888496928752648E-013
  1.000000000000000E+004  5.699794236589525E-010  6.816068542324938E+001  5.957120287202107E-007  5.556396051497801E-004  6.836882540563057E+000  4.825799855296304E-013
  1.020000000000000E+004  5.592246883651590E-010  6.952477746301892E+001  5.957048389531689E-007  5.481379471409915E-004  6.893573841598473E+000  4.765241054151313E-013
  1.040000000000000E+004  5.488753717914828E-010  7.088886134970095E+001  5.956979190869083E-007  5.408922615259067E-004  6.949200817049969E+000  4.706708143808850E-013
  1.060000000000000E+004  5.389088423232124E-010  7.225293708767208E+001  5.956912540963127E-007  5.338891575254785E-004  7.003790629478740E+000  4.650096667574396E-013
  1.080000000000000E+004  5.293041267357283E-010  7.361700468126247E+001  5.956848300550242E-007  5.271161797293696E-004  7.057369304193950E+000  4.595309385421905E-013
  1.100000000000000E+004  5.200417607753432E-010  7.498106413475686E+001  5.956786340366023E-007  5.205617267431615E-004  7.109961796450333E+000  4.542255646827667E-013
  1.120000000000000E+004  5.111036556216222E-010  7.634511545239614E+001  5.956726540261767E-007  5.142149783071327E-004  7.161592055059184E+000  4.490850830986757E-013
  1.140000000000000E+004  5.024729782968656E-010  7.770915863837874E+001  5.956668788413158E-007  5.080658298406615E-004  7.212283082155816E+000  4.441015844896966E-013
  1.160000000000000E+004  4.941340443522555E-010  7.907319369686239E+001  5.956612980610071E-007  5.021048335274444E-004  7.262056989128547E+000  4.392676671921339E-013
  1.180000000000000E+004  4.860722213846186E-010  8.043722063196557E+001  5.956559019617954E-007  4.963231451812978E-004  7.310935048827297E+000  4.345763964737066E-013
  1.200000000000000E+004  4.782738421290628E-010  8.180123944776931E+001  5.956506814602536E-007  4.907124762343498E-004  7.358937744221633E+000  4.300212677501998E-013
  1.220000000000000E+004  4.707261260361384E-010  8.316525014831875E+001  5.956456280610595E-007  4.852650502752512E-004  7.406084813701293E+000  4.255961732793204E-013
  1.240000000000000E+004  4.634171083820600E-010  8.452925273762455E+001  5.956407338100555E-007  4.799735636380441E-004  7.452395293221197E+000  4.212953719464473E-013
  1.260000000000000E+004  4.563355760805908E-010  8.589324721966460E+001  5.956359912517386E-007  4.748311496048009E-004  7.497887555493676E+000  4.171134618066532E-013
  1.280000000000000E+004  4.494710094684565E-010  8.725723359838531E+001  5.956313933907039E-007  4.698313458387627E-004  7.542579346426997E+000  4.130453550894784E-013
  1.300000000000000E+004  4.428135294252233E-010  8.862121187770303E+001  5.956269336566131E-007  4.649680647108987E-004  7.586487819002491E+000  4.090862554089104E-013
  1.320000000000000E+004  4.363538492655449E-010  8.998518206150523E+001  5.956226058723227E-007  4.602355662226720E-004  7.629629564774214E+000  4.052316369518954E-013
  1.340000000000000E+004  4.300832309083925E-010  9.134914415365192E+001  5.956184042248422E-007  4.556284332623691E-004  7.672020643165804E+000  4.014772254453443E-013
  1.360000000000000E+004  4.239934448857895E-010  9.271309815797663E+001  5.956143232388312E-007  4.511415489623788E-004  7.713676608729101E+000  3.978189807246783E-013
  1.380000000000000E+004  4.180767338039921E-010  9.407704407828740E+001  5.956103577523825E-007  4.467700759510138E-004  7.754612536519148E+000  3.942530807470146E-013
  1.400000000000000E+004  4.123257789140260E-010  9.544098191836794E+001  5.956065028948634E-007  4.425094373153736E-004  7.794843045729986E+000  3.907759069096175E-013
  1.420000000000000E+004  4.067336694869168E-010  9.680491168197850E+001  5.956027540666131E-007  4.383552991118340E-004  7.834382321725753E+000  3.873840305495427E-013
  1.440000000000000E+004  4.012938747226173E-010  9.816883337285660E+001  5.955991069203189E-007  4.343035542784081E-004  7.873244136592030E+000  3.840742005138656E-013
  1.460000000000000E+004  3.960002179511565E-010  9.953274699471801E+001  5.955955573439066E-007  4.303503078187530E-004  7.911441868323100E+000  3.808433317016775E-013
  1.480000000000000E+004  3.908468529105071E-010  1.008966525512573E+002  5.955921014448124E-007  4.264918631413093E-004  7.948988518752071E+000  3.776884944894562E-013
  1.500000000000000E+004  3.858282419085272E-010  1.022605500461486E+002  5.955887355354942E-007  4.227247094491610E-004  7.985896730322403E+000  3.746069049605929E-013
  1.520000000000000E+004  3.809391356965003E-010  1.036244394830461E+002  5.955854561200858E-007  4.190455100869112E-004  8.022178801791666E+000  3.715959158679686E-013
  1.540000000000000E+004  3.761745548996291E-010  1.049883208655848E+002  5.955822598820743E-007  4.154510917603559E-004  8.057846702950929E+000  3.686530082656609E-013
  1.560000000000000E+004  3.715297728656084E-010  1.063521941973809E+002  5.955791436729222E-007  4.119384345531586E-004  8.092912088436380E+000  3.657757837522270E-013
  1.580000000000000E+004  3.670002998063987E-010  1.077160594820323E+002  5.955761045015445E-007  4.085046626721862E-004  8.127386310703583E+000  3.629619572736518E-013
  1.600000000000000E+004  3.625818681207410E-010  1.090799167231190E+002  5.955731395245681E-007  4.051470358598562E-004  8.161280432228496E+000  3.602093504391041E-013
  1.620000000000000E+004  3.582704187960042E-010  1.104437659242036E+002  5.955702460373073E-007  4.018629414177339E-004  8.194605236994457E+000  3.575158853070923E-013
  1.640000000000000E+004  3.540620887977941E-010  1.118076070888317E+002  5.955674214653919E-007  3.986498867909399E-004  8.227371241318849E+000  3.548795786036339E-013
  1.660000000000000E+004  3.499531993645393E-010  1.131714402205320E+002  5.955646633569992E-007  3.955054926676432E-004  8.259588704068982E+000  3.522985363376074E-013
  1.680000000000000E+004  3.459402451321040E-010  1.145352653228167E+002  5.955619693756309E-007  3.924274865521554E-004  8.291267636312066E+000  3.497709487816694E-013
  1.700000000000000E+004  3.420198840205026E-010  1.158990823991822E+002  5.955593372934009E-007  3.894136967739312E-004  8.322417810440717E+000  3.472950857899704E-013
  1.720000000000000E+004  3.381889278210673E-010  1.172628914531087E+002  5.955567649847827E-007  3.864620468981924E-004  8.353048768811547E+000  3.448692924264894E-013
  1.740000000000000E+004  3.344443334280662E-010  1.186266924880608E+002  5.955542504207871E-007  3.835705505069524E-004  8.383169831931369E+000  3.424919848801225E-013
  1.760000000000000E+004  3.307831946638279E-010  1.199904855074880E+002  5.955517916635320E-007  3.807373063219709E-004  8.412790106222493E+000  3.401616466447306E-013
  1.780000000000000E+004  3.272027346509861E-010  1.213542705148242E+002  5.955493868611768E-007  3.779604936436633E-004  8.441918491395990E+000  3.378768249442564E-013
  1.800000000000000E+004  3.237002986895581E-010  1.227180475134887E+002  5.955470342431891E-007  3.752383680822155E-004  8.470563687459267E+000  3.356361273846920E-013
  1.820000000000000E+004  3.202733476002655E-010  1.240818165068856E+002  5.955447321159229E-007  3.725692575591942E-004  8.498734201382177E+000  3.334382188162390E-013
  1.840000000000000E+004  3.169194514988492E-010  1.254455774984048E+002  5.955424788584828E-007  3.699515585597691E-004  8.526438353443787E+000  3.312818183903702E-013
  1.860000000000000E+004  3.136362839691399E-010  1.268093304914213E+002  5.955402729188506E-007  3.673837326173205E-004  8.553684283280164E+000  3.291656967977797E-013
  1.880000000000000E+004  3.104216166053769E-010  1.281730754892960E+002  5.955381128102585E-007  3.648643030137145E-004  8.580479955651828E+000  3.270886736743405E-013
  1.900000000000000E+004  3.072733138967408E-010  1.295368124953758E+002  5.955359971077897E-007  3.623918516798948E-004  8.606833165948071E+000  3.250496151632372E-013
  1.920000000000000E+004  3.041893284293024E-010  1.309005415129930E+002  5.955339244451893E-007  3.599650162826732E-004  8.632751545443888E+000  3.230474316223749E-013
  1.940000000000000E+004  3.011676963826270E-010  1.322642625454667E+002  5.955318935118697E-007  3.575824874847396E-004  8.658242566324175E+000  3.210810754670399E-013
  1.960000000000000E+004  2.982065333001198E-010  1.336279755961014E+002  5.955299030500995E-007  3.552430063659334E-004  8.683313546488584E+000  3.191495391385585E-013
  1.980000000000000E+004  2.953040301138790E-010  1.349916806681886E+002  5.955279518523608E-007  3.529453619947605E-004  8.707971654149437E+000  3.172518531904319E-013
  2.000000000000000E+004  2.924584494063530E-010  1.363553777650057E+002  5.955260387588622E-007  3.506883891399876E-004  8.732223912234289E+000  3.153870844840620E-013
