! time                    frank_diameter          perfect_diameter        faulted_diameter        void_diameter           
  0.000000000000000E+000  0.000000000000000E+000  0.000000000000000E+000  0.000000000000000E+000  0.000000000000000E+000
  1.000000000000000E-001  3.781891616215438E-001  4.151257869810518E-001  4.747484605110977E-001  2.556535265928916E-001
  2.000000000000000E-001  3.783770826271667E-001  4.153717525990682E-001  4.743527247627080E-001  2.556493352163806E-001
  3.000000000000000E-001  3.785451227804101E-001  4.156060034287139E-001  4.740009704051065E-001  2.556479069040221E-001
  4.000000000000000E-001  3.787270513440427E-001  4.158302525435374E-001  4.736280508544102E-001  2.556471932531630E-001
  5.000000000000000E-001  3.788983125695952E-001  4.160464468403929E-001  4.732860532346307E-001  2.556467614219460E-001
  6.000000000000000E-001  3.790638569809647E-001  4.162547069242540E-001  4.729664367086915E-001  2.556464728432651E-001
  8.000000000000000E-001  3.794232091368818E-001  4.166413002961916E-001  4.723425266904850E-001  2.556461188655146E-001
  1.000000000000000E+000  3.797592397659463E-001  4.169992245671119E-001  4.718335890073729E-001  2.556459075097826E-001
  1.200000000000000E+000  3.800824341308884E-001  4.173302806755779E-001  4.714210699577376E-001  2.556457689317292E-001
  1.400000000000000E+000  3.803973809718312E-001  4.176362547871522E-001  4.710964642784646E-001  2.556456723851876E-001
  1.600000000000000E+000  3.807064277297851E-001  4.179188867032331E-001  4.708540699537407E-001  2.556456022162032E-001
  1.800000000000000E+000  3.810109874149671E-001  4.181798545104629E-001  4.706888622241311E-001  2.556455496137033E-001
  2.000000000000000E+000  3.813119004010917E-001  4.184207741183456E-001  4.705958512540753E-001  2.556455092399719E-001
  2.500000000000000E+000  3.821348893982233E-001  4.189200503615705E-001  4.707774912115718E-001  2.556454448575585E-001
  3.000000000000000E+000  3.829148032417030E-001  4.193320903011097E-001  4.712766581015700E-001  2.556454063298201E-001
  3.500000000000000E+000  3.836671974742386E-001  4.196718139486401E-001  4.720015622554778E-001  2.556453821074808E-001
  4.000000000000000E+000  3.844001710428713E-001  4.199515718771569E-001  4.728851744933787E-001  2.556453663507386E-001
  4.500000000000000E+000  3.851184385015041E-001  4.201815586182318E-001  4.738766146504597E-001  2.556453558468793E-001
  5.000000000000000E+000  3.858249762390792E-001  4.203701861196888E-001  4.749369034519109E-001  2.556453487199278E-001
  5.500000000000000E+000  3.865217817645952E-001  4.205244026172515E-001  4.760363119290276E-001  2.556453438254959E-001
  6.000000000000000E+000  3.872102604743409E-001  4.206499575980097E-001  4.771524410535837E-001  2.556453404418559E-001
  7.000000000000000E+000  3.886518668161595E-001  4.208190417326552E-001  4.794569175641520E-001  2.556453367877819E-001
  8.000000000000000E+000  3.900458165124686E-001  4.209291648094396E-001  4.816316005594454E-001  2.556453350683776E-001
  9.000000000000000E+000  3.914035118133442E-001  4.209972108205097E-001  4.836671220274852E-001  2.556453344320345E-001
  1.000000000000000E+001  3.927320041788406E-001  4.210352646382899E-001  4.855669578366944E-001  2.556453344306088E-001
  1.100000000000000E+001  3.940359218469296E-001  4.210520088703725E-001  4.873409060439394E-001  2.556453348148131E-001
  1.200000000000000E+001  3.953184520719153E-001  4.210536932774916E-001  4.890012344326811E-001  2.556453354380469E-001
  1.400000000000000E+001  3.979739395514277E-001  4.210237278737908E-001  4.920808473191987E-001  2.556453370967722E-001
  1.600000000000000E+001  4.005210865165999E-001  4.209775566574986E-001  4.948192697126204E-001  2.556453388982979E-001
  1.800000000000000E+001  4.029823825043355E-001  4.209240561847347E-001  4.972949500686032E-001  2.556453406980425E-001
  2.000000000000000E+001  4.053719419473704E-001  4.208681354987702E-001  4.995610689422816E-001  2.556453424245986E-001
  2.200000000000000E+001  4.076992532280535E-001  4.208124765047754E-001  5.016548240691316E-001  2.556453440458618E-001
  2.400000000000000E+001  4.099710691379211E-001  4.207585099688572E-001  5.036031371286206E-001  2.556453455514907E-001
  2.600000000000000E+001  4.121924315232249E-001  4.207069659161660E-001  5.054261998369396E-001  2.556453469429295E-001
  2.800000000000000E+001  4.143672601783266E-001  4.206581838470269E-001  5.071396878095604E-001  2.556453482275158E-001
  3.000000000000000E+001  4.164987083235674E-001  4.206122874038435E-001  5.087561510901437E-001  2.556453494150244E-001
  3.500000000000000E+001  4.219595876351565E-001  4.205093495046089E-001  5.124605439256620E-001  2.556453519176926E-001
  4.000000000000000E+001  4.270937944357616E-001  4.204231300717313E-001  5.157177355428241E-001  2.556453540636532E-001
  4.500000000000000E+001  4.319621404559159E-001  4.203519362663142E-001  5.186240530888835E-001  2.556453559316937E-001
  5.000000000000000E+001  4.366051210478949E-001  4.202942419399332E-001  5.212457384009326E-001  2.556453575791092E-001
  5.500000000000000E+001  4.410516763436079E-001  4.202487230202810E-001  5.236305446778761E-001  2.556453590487732E-001
  6.000000000000000E+001  4.453236597188327E-001  4.202142407673801E-001  5.258142542520725E-001  2.556453603738802E-001
  6.500000000000000E+001  4.494382950002049E-001  4.201898155242972E-001  5.278245896592851E-001  2.556453615808552E-001
  7.000000000000000E+001  4.534096147149947E-001  4.201746010409027E-001  5.296836638253984E-001  2.556453626910971E-001
  7.500000000000000E+001  4.572493482252836E-001  4.201678621651158E-001  5.314095606943634E-001  2.556453637220623E-001
  8.000000000000000E+001  4.609674966241255E-001  4.201689562740160E-001  5.330173782468727E-001  2.556453646879934E-001
  8.500000000000000E+001  4.645727208970623E-001  4.201773180717887E-001  5.345199314532658E-001  2.556453656004669E-001
  9.000000000000000E+001  4.680726141465146E-001  4.201924472093141E-001  5.359282370403561E-001  2.556453664688366E-001
  1.000000000000000E+002  4.749684380301500E-001  4.202386288012053E-001  5.384790125155996E-001  2.556453680757438E-001
  1.100000000000000E+002  4.814654933441164E-001  4.203069648633834E-001  5.407565517284840E-001  2.556453695897208E-001
  1.200000000000000E+002  4.876157291787621E-001  4.203950390630878E-001  5.428099981190345E-001  2.556453710324919E-001
  1.300000000000000E+002  4.934597992708682E-001  4.205008210065997E-001  5.446773001209771E-001  2.556453724187894E-001
  1.400000000000000E+002  4.990304066543420E-001  4.206225858717662E-001  5.463881879074618E-001  2.556453737588957E-001
  1.500000000000000E+002  5.043544438109852E-001  4.207588509841517E-001  5.479662320921214E-001  2.556453750603033E-001
  1.600000000000000E+002  5.094544242312191E-001  4.209083285558694E-001  5.494303212607845E-001  2.556453763287526E-001
  1.700000000000000E+002  5.143494762239510E-001  4.210698898986894E-001  5.507957477057281E-001  2.556453775688569E-001
  1.800000000000000E+002  5.190560547583816E-001  4.212425378973486E-001  5.520750172234892E-001  2.556453787844699E-001
  1.900000000000000E+002  5.235884650631989E-001  4.214253855260792E-001  5.532784589717445E-001  2.556453799788975E-001
  2.000000000000000E+002  5.279592566309448E-001  4.216176388530798E-001  5.544146878985223E-001  2.556453811550191E-001
  2.200000000000000E+002  5.364302720478470E-001  4.220201687395819E-001  5.564942563014709E-001  2.556453834415222E-001
  2.400000000000000E+002  5.443285844645368E-001  4.224525477796042E-001  5.583840747536589E-001  2.556453856883833E-001
  2.500000000000000E+002  5.480214150237517E-001  4.226819443533406E-001  5.592756319012554E-001  2.556453868086979E-001
  2.600000000000000E+002  5.516054930447986E-001  4.229173540697749E-001  5.601306525252030E-001  2.556453879209901E-001
  2.700000000000000E+002  5.550866317157468E-001  4.231583520103289E-001  5.609521561644500E-001  2.556453890267539E-001
  2.800000000000000E+002  5.584701680295656E-001  4.234045545945535E-001  5.617428223093865E-001  2.556453901270579E-001
  2.900000000000000E+002  5.617610159412405E-001  4.236556085806460E-001  5.625050378684938E-001  2.556453912227733E-001
  3.000000000000000E+002  5.649637122633772E-001  4.239111872569572E-001  5.632409361863154E-001  2.556453923146360E-001
  3.100000000000000E+002  5.680824562925942E-001  4.241709877225504E-001  5.639524299023340E-001  2.556453934032721E-001
  3.200000000000000E+002  5.711211441629895E-001  4.244347286241261E-001  5.646412387966302E-001  2.556453944892173E-001
  3.300000000000000E+002  5.740833987666499E-001  4.247021481907443E-001  5.653089134918904E-001  2.556453955729292E-001
  3.400000000000000E+002  5.769725959290657E-001  4.249730025040891E-001  5.659568557215057E-001  2.556453966547996E-001
  3.500000000000000E+002  5.797918874061370E-001  4.252470639661123E-001  5.665863357443766E-001  2.556453977351654E-001
  3.600000000000000E+002  5.825442211643509E-001  4.255241199265997E-001  5.671985073785594E-001  2.556453988143156E-001
  3.700000000000000E+002  5.852323642451657E-001  4.258039719321324E-001  5.677944208465665E-001  2.556453998924994E-001
  3.710000000000000E+002  5.854952258686797E-001  4.258323230652530E-001  5.678534205940049E-001  2.556454000008501E-001
  3.720000000000000E+002  5.857574987397780E-001  4.258607022533915E-001  5.679122660347454E-001  2.556454001091339E-001
  3.740000000000000E+002  5.862808453825782E-001  4.259174896407639E-001  5.680294403655879E-001  2.556454003254299E-001
  3.750000000000000E+002  5.865413630624832E-001  4.259459486869718E-001  5.680878291774987E-001  2.556454004336111E-001
  3.755000000000000E+002  5.866713351139389E-001  4.259601910624141E-001  5.681169742472998E-001  2.556454004877100E-001
  3.760000000000000E+002  5.868011627980116E-001  4.259744409039306E-001  5.681460817843197E-001  2.556454005418012E-001
  3.765000000000000E+002  5.869308463425249E-001  4.259886980758507E-001  5.681751519143043E-001  2.556454005958853E-001
  3.770000000000000E+002  5.870603860485041E-001  4.260029603776346E-001  5.682041847469754E-001  2.556454006499632E-001
  3.771000000000000E+002  5.870862657463439E-001  4.260058526449619E-001  5.682099880013420E-001  2.556454006607803E-001
  3.772000000000000E+002  5.871121397408415E-001  4.260086674462872E-001  5.682157897528662E-001  2.556454006715985E-001
  3.774000000000000E+002  5.871638760165099E-001  4.260143771766224E-001  5.682273882308112E-001  2.556454006932316E-001
  3.776000000000000E+002  5.872155893698169E-001  4.260200979523391E-001  5.682389807782330E-001  2.556454007148636E-001
  3.778000000000000E+002  5.872672798355183E-001  4.260258108833607E-001  5.682505673914197E-001  2.556454007364949E-001
  3.780000000000000E+002  5.873189474155227E-001  4.260315232542745E-001  5.682621480799537E-001  2.556454007581253E-001
  3.785000000000000E+002  5.874480573001370E-001  4.260457945779522E-001  5.682910696519500E-001  2.556454008121876E-001
  3.790000000000000E+002  5.875770244060247E-001  4.260600829763321E-001  5.683199543641622E-001  2.556454008662456E-001
  3.791000000000000E+002  5.876027898536793E-001  4.260629659233103E-001  5.683257280313169E-001  2.556454008770589E-001
  3.792000000000000E+002  5.876285496247242E-001  4.260658035963580E-001  5.683315002201568E-001  2.556454008878730E-001
  3.794000000000000E+002  5.876800574966858E-001  4.260715496854885E-001  5.683430396447500E-001  2.556454009094982E-001
  3.796000000000000E+002  5.877315426583218E-001  4.260772370004439E-001  5.683545731765288E-001  2.556454009311237E-001
  3.798000000000000E+002  5.877830050938952E-001  4.260829642513895E-001  5.683661008479916E-001  2.556454009527480E-001
  3.800000000000000E+002  5.878344448191941E-001  4.260886904102649E-001  5.683776226646918E-001  2.556454009743718E-001
  3.805000000000000E+002  5.879629852620438E-001  4.261029899006812E-001  5.684063974191657E-001  2.556454010284188E-001
  3.810000000000000E+002  5.880913839441009E-001  4.261173035092584E-001  5.684351357308419E-001  2.556454010824626E-001
  3.811000000000000E+002  5.881170359841777E-001  4.261201677995319E-001  5.684408801458741E-001  2.556454010932735E-001
  3.812000000000000E+002  5.881426823761350E-001  4.261230431179385E-001  5.684466231089552E-001  2.556454011040846E-001
  3.814000000000000E+002  5.881939635743217E-001  4.261287692011428E-001  5.684581041210884E-001  2.556454011257050E-001
  3.816000000000000E+002  5.882452221961528E-001  4.261344988662069E-001  5.684695793293727E-001  2.556454011473248E-001
  3.818000000000000E+002  5.882964583013269E-001  4.261402278489173E-001  5.684810487377773E-001  2.556454011689441E-001
  3.820000000000000E+002  5.883476718375139E-001  4.261459565967786E-001  5.684925123530988E-001  2.556454011905631E-001
  3.825000000000000E+002  5.884756470368927E-001  4.261602833264082E-001  5.685211419374789E-001  2.556454012445984E-001
  3.830000000000000E+002  5.886034815220873E-001  4.261746229763508E-001  5.685497354957648E-001  2.556454012986312E-001
  3.831000000000000E+002  5.886290209688699E-001  4.261775071027561E-001  5.685554510029289E-001  2.556454013094397E-001
  3.832000000000000E+002  5.886545548154012E-001  4.261803719478129E-001  5.685611650693467E-001  2.556454013202487E-001
  3.834000000000000E+002  5.887056109657633E-001  4.261861093776955E-001  5.685725883441756E-001  2.556454013418648E-001
  3.836000000000000E+002  5.887566447862380E-001  4.261918508120340E-001  5.685840058789599E-001  2.556454013634802E-001
  3.838000000000000E+002  5.888076561649400E-001  4.261975832454963E-001  5.685954176769676E-001  2.556454013850955E-001
  3.840000000000000E+002  5.888586451930198E-001  4.262033172767101E-001  5.686068237416385E-001  2.556454014067104E-001
  3.845000000000000E+002  5.889860590029269E-001  4.262176710828158E-001  5.686353098041683E-001  2.556454014607380E-001
  3.850000000000000E+002  5.891133334324442E-001  4.262320333412535E-001  5.686637602252000E-001  2.556454015147597E-001
  3.851000000000000E+002  5.891387611371597E-001  4.262349093359619E-001  5.686694471352167E-001  2.556454015255666E-001
  3.852000000000000E+002  5.891641832708836E-001  4.262377970819080E-001  5.686751326277941E-001  2.556454015363733E-001
  3.854000000000000E+002  5.892150160715999E-001  4.262435428492287E-001  5.686864988084654E-001  2.556454015579855E-001
  3.856000000000000E+002  5.892658266522778E-001  4.262492712044220E-001  5.686978592914962E-001  2.556454015795980E-001
  3.858000000000000E+002  5.893166149863260E-001  4.262550231804107E-001  5.687092141167776E-001  2.556454016012095E-001
  3.860000000000000E+002  5.893673811259270E-001  4.262607772180863E-001  5.687205632634457E-001  2.556454016228211E-001
  3.861000000000000E+002  5.893927532740773E-001  4.262636509184182E-001  5.687262359940550E-001  2.556454016336270E-001
  3.862000000000000E+002  5.894181198810849E-001  4.262665289593562E-001  5.687319073093223E-001  2.556454016444329E-001
  3.864000000000000E+002  5.894688416692347E-001  4.262722824052522E-001  5.687432451507018E-001  2.556454016660438E-001
  3.866000000000000E+002  5.895195412991454E-001  4.262780311282934E-001  5.687545773463071E-001  2.556454016876540E-001
  3.868000000000000E+002  5.895702187790447E-001  4.262837906766100E-001  5.687659039123911E-001  2.556454017092635E-001
  3.870000000000000E+002  5.896208741292901E-001  4.262895434261454E-001  5.687772248485325E-001  2.556454017308729E-001
  3.871000000000000E+002  5.896461909223050E-001  4.262924257547077E-001  5.687828834843857E-001  2.556454017416777E-001
  3.872000000000000E+002  5.896715022000267E-001  4.262953018946931E-001  5.687885407070464E-001  2.556454017524830E-001
  3.874000000000000E+002  5.897221133327313E-001  4.263010631683170E-001  5.687998504087288E-001  2.556454017740913E-001
  3.876000000000000E+002  5.897727023986408E-001  4.263068164268284E-001  5.688111544901679E-001  2.556454017956998E-001
  3.878000000000000E+002  5.898232694307569E-001  4.263125688401729E-001  5.688224529539084E-001  2.556454018173079E-001
  3.880000000000000E+002  5.898738143908655E-001  4.263183415973812E-001  5.688337458283175E-001  2.556454018389155E-001
  3.881000000000000E+002  5.898990760334514E-001  4.263212158236626E-001  5.688393904442233E-001  2.556454018497194E-001
  3.882000000000000E+002  5.899243321754123E-001  4.263240974989098E-001  5.688450336602570E-001  2.556454018605236E-001
  3.884000000000000E+002  5.899748330490527E-001  4.263298973452455E-001  5.688563153787289E-001  2.556454018821298E-001
  3.886000000000000E+002  5.900253119702016E-001  4.263356210733343E-001  5.688675914895480E-001  2.556454019037370E-001
  3.888000000000000E+002  5.900757688834544E-001  4.263413856149958E-001  5.688788620353473E-001  2.556454019253432E-001
  3.890000000000000E+002  5.901262038405031E-001  4.263471440697755E-001  5.688901270069742E-001  2.556454019469491E-001
  3.891000000000000E+002  5.901514105324395E-001  4.263500291157518E-001  5.688957576822328E-001  2.556454019577522E-001
  3.892000000000000E+002  5.901766117454301E-001  4.263529071629960E-001  5.689013869644888E-001  2.556454019685556E-001
  3.894000000000000E+002  5.902270031243511E-001  4.263586823933788E-001  5.689126408212497E-001  2.556454019901604E-001
  3.896000000000000E+002  5.902773722554089E-001  4.263644513551097E-001  5.689238891353056E-001  2.556454020117661E-001
  3.898000000000000E+002  5.903277194982153E-001  4.263702295537580E-001  5.689351319108636E-001  2.556454020333698E-001
  3.900000000000000E+002  5.903780448669005E-001  4.263759915076478E-001  5.689463691391987E-001  2.556454020549744E-001
  3.901000000000000E+002  5.904031968021480E-001  4.263788889290652E-001  5.689519859564572E-001  2.556454020657766E-001
  3.902000000000000E+002  5.904283432734845E-001  4.263817496248475E-001  5.689576013836694E-001  2.556454020765796E-001
  3.904000000000000E+002  5.904786249198146E-001  4.263875299991947E-001  5.689688275585971E-001  2.556454020981831E-001
  3.906000000000000E+002  5.905288847423150E-001  4.263933073768222E-001  5.689800482208411E-001  2.556454021197861E-001
  3.908000000000000E+002  5.905791227157827E-001  4.263990668139826E-001  5.689912633758213E-001  2.556454021413891E-001
  3.910000000000000E+002  5.906293389138693E-001  4.264048434217059E-001  5.690024730263445E-001  2.556454021629916E-001
  3.911000000000000E+002  5.906544363131575E-001  4.264077234703543E-001  5.690080760462981E-001  2.556454021737939E-001
  3.912000000000000E+002  5.906795282749291E-001  4.264106079400433E-001  5.690136776876292E-001  2.556454021845959E-001
  3.914000000000000E+002  5.907297008677190E-001  4.264163988564818E-001  5.690248763418401E-001  2.556454022061977E-001
  3.916000000000000E+002  5.907798517120622E-001  4.264221641306662E-001  5.690360695001107E-001  2.556454022277996E-001
  3.918000000000000E+002  5.908299808093022E-001  4.264279466497391E-001  5.690472571797339E-001  2.556454022494011E-001
  3.920000000000000E+002  5.908800881672955E-001  4.264337386271123E-001  5.690584393918297E-001  2.556454022710020E-001
  3.925000000000000E+002  5.910052989933124E-001  4.264481783435001E-001  5.690863670630517E-001  2.556454023249946E-001
  3.926000000000000E+002  5.910303149165670E-001  4.264510608778194E-001  5.690919495486375E-001  2.556454023357956E-001
  3.928000000000000E+002  5.910803354919947E-001  4.264568562013512E-001  5.691031099194296E-001  2.556454023573956E-001
  3.930000000000000E+002  5.911303344219969E-001  4.264626362964034E-001  5.691142648413513E-001  2.556454023789958E-001
  3.931000000000000E+002  5.911553232896044E-001  4.264655221522792E-001  5.691198405184732E-001  2.556454023897966E-001
  3.932000000000000E+002  5.911803067508927E-001  4.264684230284021E-001  5.691254148389719E-001  2.556454024005970E-001
  3.934000000000000E+002  5.912302624413842E-001  4.264741977389585E-001  5.691365588797649E-001  2.556454024221966E-001
  3.936000000000000E+002  5.912801965378209E-001  4.264799715125926E-001  5.691476974852143E-001  2.556454024437961E-001
  3.938000000000000E+002  5.913301090339846E-001  4.264857734591431E-001  5.691588306796006E-001  2.556454024653948E-001
  3.940000000000000E+002  5.913799999682968E-001  4.264915530553250E-001  5.691699584519367E-001  2.556454024869937E-001
  3.945000000000000E+002  5.915046700021958E-001  4.265060249556605E-001  5.691977503546675E-001  2.556454025409796E-001
  3.950000000000000E+002  5.916292053680631E-001  4.265204972879852E-001  5.692255085640870E-001  2.556454025949645E-001
  3.951000000000000E+002  5.916540864796979E-001  4.265233989914480E-001  5.692310572000457E-001  2.556454026057639E-001
  3.952000000000000E+002  5.916789622319998E-001  4.265262855567198E-001  5.692366044884626E-001  2.556454026165635E-001
  3.954000000000000E+002  5.917287025715443E-001  4.265320821449566E-001  5.692476945167567E-001  2.556454026381608E-001
  3.956000000000000E+002  5.917784214063257E-001  4.265379000596324E-001  5.692587791944796E-001  2.556454026597572E-001
  3.958000000000000E+002  5.918281188662825E-001  4.265436697664463E-001  5.692698584887471E-001  2.556454026813543E-001
  3.960000000000000E+002  5.918777949230785E-001  4.265494526849993E-001  5.692809324171024E-001  2.556454027029512E-001
  3.965000000000000E+002  5.920019279244311E-001  4.265639647421743E-001  5.693085900554254E-001  2.556454027569312E-001
  3.970000000000000E+002  5.921259272644843E-001  4.265784538510228E-001  5.693362143518642E-001  2.556454028109105E-001
  3.975000000000000E+002  5.922497931939674E-001  4.265929484473100E-001  5.693638053961549E-001  2.556454028648888E-001
  3.976000000000000E+002  5.922745407099195E-001  4.265958599612203E-001  5.693693206412483E-001  2.556454028756869E-001
  3.978000000000000E+002  5.923240246358257E-001  4.266016577340402E-001  5.693803466393217E-001  2.556454028972817E-001
  3.980000000000000E+002  5.923734872828597E-001  4.266074679552461E-001  5.693913673459408E-001  2.556454029188759E-001
  3.985000000000000E+002  5.924970871001836E-001  4.266219751585274E-001  5.694188921704286E-001  2.556454029728513E-001
  3.986000000000000E+002  5.925217815083919E-001  4.266248857368640E-001  5.694243941880063E-001  2.556454029836487E-001
  3.988000000000000E+002  5.925711592341055E-001  4.266307036716961E-001  5.694353937668228E-001  2.556454030052421E-001
  3.990000000000000E+002  5.926205157857773E-001  4.266364979012214E-001  5.694463880670786E-001  2.556454030268355E-001
  3.995000000000000E+002  5.927438504836045E-001  4.266510144598380E-001  5.694738470216421E-001  2.556454030808082E-001
  3.996000000000000E+002  5.927684919870227E-001  4.266539257554979E-001  5.694793358793535E-001  2.556454030916051E-001
  3.998000000000000E+002  5.928177639304500E-001  4.266597411086697E-001  5.694903091599920E-001  2.556454031131973E-001
  4.000000000000000E+002  5.928670147759256E-001  4.266655487719901E-001  5.695012771933249E-001  2.556454031347897E-001
  4.005000000000000E+002  5.929900853007872E-001  4.266800778040861E-001  5.695286706389626E-001  2.556454031887597E-001
  4.010000000000000E+002  5.931130240549968E-001  4.266946189954929E-001  5.695560314796138E-001  2.556454032427284E-001
  4.011000000000000E+002  5.931375865509995E-001  4.266975088871136E-001  5.695615007316500E-001  2.556454032535249E-001
  4.012000000000000E+002  5.931621437961095E-001  4.267004253469225E-001  5.695669686836485E-001  2.556454032643210E-001
  4.014000000000000E+002  5.932112472467198E-001  4.267062660581237E-001  5.695779002002659E-001  2.556454032859115E-001
  4.016000000000000E+002  5.932603297230863E-001  4.267120720321377E-001  5.695888265131110E-001  2.556454033075022E-001
  4.018000000000000E+002  5.933093912278449E-001  4.267178982050886E-001  5.695997476383963E-001  2.556454033290924E-001
  4.020000000000000E+002  5.933584317828157E-001  4.267237122925617E-001  5.696106635745622E-001  2.556454033506826E-001
  4.025000000000000E+002  5.934809767551541E-001  4.267382663260256E-001  5.696379270822904E-001  2.556454034046473E-001
  4.026000000000000E+002  5.935054606650626E-001  4.267411753699191E-001  5.696433768924111E-001  2.556454034154428E-001
  4.028000000000000E+002  5.935544175314609E-001  4.267469891196823E-001  5.696542721469999E-001  2.556454034370321E-001
  4.030000000000000E+002  5.936033535115938E-001  4.267528247342023E-001  5.696651622467375E-001  2.556454034586212E-001
  4.035000000000000E+002  5.937256371845272E-001  4.267673937694956E-001  5.696923613115725E-001  2.556454035125831E-001
  4.036000000000000E+002  5.937500689457700E-001  4.267703029015057E-001  5.696977982476141E-001  2.556454035233782E-001
  4.038000000000000E+002  5.937989215107569E-001  4.267761319670294E-001  5.697086677848900E-001  2.556454035449665E-001
  4.040000000000000E+002  5.938477532667897E-001  4.267819676519027E-001  5.697195321952547E-001  2.556454035665544E-001
  4.045000000000000E+002  5.939697765249533E-001  4.267965416474197E-001  5.697466671680526E-001  2.556454036205140E-001
  4.046000000000000E+002  5.939941563153585E-001  4.267994517488831E-001  5.697520913003553E-001  2.556454036313087E-001
  4.048000000000000E+002  5.940429049674022E-001  4.268052955708797E-001  5.697629352572975E-001  2.556454036528960E-001
  4.050000000000000E+002  5.940916329320997E-001  4.268110932105041E-001  5.697737740902419E-001  2.556454036744838E-001
  4.051000000000000E+002  5.941159868170128E-001  4.268140282684001E-001  5.697791918446986E-001  2.556454036852777E-001
  4.052000000000000E+002  5.941403355053152E-001  4.268169823450298E-001  5.697846083391905E-001  2.556454036960712E-001
  4.054000000000000E+002  5.941890220171996E-001  4.268227811491249E-001  5.697954369986624E-001  2.556454037176585E-001
  4.056000000000000E+002  5.942376878150836E-001  4.268286401432854E-001  5.698062605901412E-001  2.556454037392445E-001
  4.058000000000000E+002  5.942863329526242E-001  4.268344684665087E-001  5.698170790962321E-001  2.556454037608309E-001
  4.060000000000000E+002  5.943349575435797E-001  4.268402524580243E-001  5.698278924876072E-001  2.556454037824179E-001
  4.065000000000000E+002  5.944564628354022E-001  4.268548992935288E-001  5.698549003027098E-001  2.556454038363717E-001
  4.066000000000000E+002  5.944807392558210E-001  4.268578139867416E-001  5.698602990344535E-001  2.556454038471654E-001
  4.068000000000000E+002  5.945292812182227E-001  4.268636617561293E-001  5.698710922330072E-001  2.556454038687507E-001
  4.070000000000000E+002  5.945778026002314E-001  4.268695002062634E-001  5.698818803824163E-001  2.556454038903360E-001
  4.071000000000000E+002  5.946020532872177E-001  4.268724276129780E-001  5.698872728088238E-001  2.556454039011291E-001
  4.072000000000000E+002  5.946262988363737E-001  4.268753386294273E-001  5.698926639727616E-001  2.556454039119225E-001
  4.074000000000000E+002  5.946747790944109E-001  4.268811830066260E-001  5.699034420434040E-001  2.556454039335073E-001
  4.076000000000000E+002  5.947232388073044E-001  4.268870329020820E-001  5.699142150875174E-001  2.556454039550918E-001
  4.078000000000000E+002  5.947716779967978E-001  4.268928729178711E-001  5.699249831040382E-001  2.556454039766763E-001
  4.080000000000000E+002  5.948200966473213E-001  4.268987231838169E-001  5.699357461064593E-001  2.556454039982606E-001
  4.081000000000000E+002  5.948442960331572E-001  4.269016459433092E-001  5.699411259651200E-001  2.556454040090533E-001
  4.082000000000000E+002  5.948684902881018E-001  4.269045695340227E-001  5.699465045710439E-001  2.556454040198459E-001
  4.084000000000000E+002  5.949168679845028E-001  4.269104204002903E-001  5.699572575491052E-001  2.556454040414297E-001
  4.086000000000000E+002  5.949652252056411E-001  4.269162682013785E-001  5.699680055253876E-001  2.556454040630133E-001
  4.088000000000000E+002  5.950135619772531E-001  4.269221134142588E-001  5.699787485013916E-001  2.556454040845968E-001
  4.090000000000000E+002  5.950618783047494E-001  4.269279661178226E-001  5.699894864868881E-001  2.556454041061801E-001
  4.091000000000000E+002  5.950860265482776E-001  4.269308660167842E-001  5.699948538411124E-001  2.556454041169729E-001
  4.092000000000000E+002  5.951101696877639E-001  4.269337989339858E-001  5.700002199517968E-001  2.556454041277651E-001
  4.094000000000000E+002  5.951584452007521E-001  4.269396355939964E-001  5.700109479518639E-001  2.556454041493482E-001
  4.096000000000000E+002  5.952067003037022E-001  4.269455217684416E-001  5.700216709939694E-001  2.556454041709308E-001
  4.098000000000000E+002  5.952549350192506E-001  4.269513859253928E-001  5.700323890711594E-001  2.556454041925132E-001
  4.100000000000000E+002  5.953031493703586E-001  4.269572208267311E-001  5.700431021748795E-001  2.556454042140957E-001
  4.101000000000000E+002  5.953272466496795E-001  4.269601811352244E-001  5.700484571161044E-001  2.556454042248869E-001
  4.102000000000000E+002  5.953513388495102E-001  4.269630937927116E-001  5.700538108121038E-001  2.556454042356787E-001
  4.104000000000000E+002  5.953995125260175E-001  4.269689114874370E-001  5.700645139911555E-001  2.556454042572614E-001
  4.106000000000000E+002  5.954476658729544E-001  4.269747987289448E-001  5.700752122406154E-001  2.556454042788428E-001
  4.108000000000000E+002  5.954957989048270E-001  4.269806289526354E-001  5.700859055312831E-001  2.556454043004249E-001
  4.110000000000000E+002  5.955439116226515E-001  4.269865049001831E-001  5.700965938953874E-001  2.556454043220063E-001
  4.111000000000000E+002  5.955679581361016E-001  4.269894510778945E-001  5.701019364680627E-001  2.556454043327971E-001
  4.112000000000000E+002  5.955919995868489E-001  4.269923668609852E-001  5.701072778041533E-001  2.556454043435887E-001
  4.114000000000000E+002  5.956400717475072E-001  4.269982316548364E-001  5.701179563115418E-001  2.556454043651699E-001
  4.116000000000000E+002  5.956881236532784E-001  4.270041004902336E-001  5.701286299028462E-001  2.556454043867507E-001
  4.118000000000000E+002  5.957361553274919E-001  4.270099460648591E-001  5.701392985663480E-001  2.556454044083318E-001
  4.120000000000000E+002  5.957841667850752E-001  4.270157988364658E-001  5.701499623121494E-001  2.556454044299129E-001
  4.121000000000000E+002  5.958081627098094E-001  4.270187373893066E-001  5.701552925815097E-001  2.556454044407038E-001
  4.122000000000000E+002  5.958321535990543E-001  4.270216546671324E-001  5.701606216175420E-001  2.556454044514952E-001
  4.124000000000000E+002  5.958801246500101E-001  4.270275253687839E-001  5.701712755555565E-001  2.556454044730756E-001
  4.126000000000000E+002  5.959280755160451E-001  4.270333924359183E-001  5.701819245994730E-001  2.556454044946560E-001
  4.128000000000000E+002  5.959760062188324E-001  4.270392524378948E-001  5.701925687490479E-001  2.556454045162363E-001
  4.130000000000000E+002  5.960239167666204E-001  4.270451200948605E-001  5.702032080142182E-001  2.556454045378164E-001
  4.135000000000000E+002  5.961436380298499E-001  4.270597827729838E-001  5.702297813552338E-001  2.556454045917571E-001
  4.136000000000000E+002  5.961675583965378E-001  4.270627122507872E-001  5.702350932973459E-001  2.556454046025477E-001
  4.138000000000000E+002  5.962153884352867E-001  4.270686152104310E-001  5.702457130932583E-001  2.556454046241265E-001
  4.140000000000000E+002  5.962631984047134E-001  4.270744620769257E-001  5.702563280086757E-001  2.556454046457068E-001
  4.145000000000000E+002  5.963826683674862E-001  4.270891306001104E-001  5.702828406005805E-001  2.556454046996465E-001
  4.146000000000000E+002  5.964065385728556E-001  4.270920672562514E-001  5.702881404065655E-001  2.556454047104368E-001
  4.148000000000000E+002  5.964542683328684E-001  4.270979416591567E-001  5.702987359301077E-001  2.556454047320162E-001
  4.150000000000000E+002  5.965019780672728E-001  4.271038250102289E-001  5.703093266280590E-001  2.556454047535952E-001
  4.155000000000000E+002  5.966211975453842E-001  4.271184729634803E-001  5.703357787592238E-001  2.556454048075347E-001
  4.156000000000000E+002  5.966450177650874E-001  4.271214308203718E-001  5.703410664962036E-001  2.556454048183246E-001
  4.158000000000000E+002  5.966926475885619E-001  4.271273061347506E-001  5.703516379000914E-001  2.556454048399033E-001
  4.160000000000000E+002  5.967402574725368E-001  4.271331805018958E-001  5.703622044891852E-001  2.556454048614821E-001
  4.165000000000000E+002  5.968592274175910E-001  4.271478725808498E-001  5.703885965349110E-001  2.556454049154193E-001
  4.166000000000000E+002  5.968829978232001E-001  4.271508213932906E-001  5.703938722655894E-001  2.556454049262089E-001
  4.168000000000000E+002  5.969305280591678E-001  4.271566909961163E-001  5.704044196690238E-001  2.556454049477875E-001
  4.170000000000000E+002  5.969780384173284E-001  4.271625640753888E-001  5.704149622846459E-001  2.556454049693661E-001
  4.175000000000000E+002  5.970967597210934E-001  4.271772714163750E-001  5.704412945287479E-001  2.556454050233018E-001
  4.176000000000000E+002  5.971204805011324E-001  4.271802096018598E-001  5.704465583078959E-001  2.556454050340916E-001
  4.178000000000000E+002  5.971679115030315E-001  4.271860998842195E-001  5.704570818414089E-001  2.556454050556693E-001
  4.180000000000000E+002  5.972153226911232E-001  4.271919763079465E-001  5.704676006116292E-001  2.556454050772473E-001
  4.185000000000000E+002  5.973337955866518E-001  4.272066900554847E-001  5.704938733833135E-001  2.556454051311843E-001
  4.186000000000000E+002  5.973574669053178E-001  4.272096401195691E-001  5.704991252802304E-001  2.556454051419715E-001
  4.188000000000000E+002  5.974047990164907E-001  4.272155200867908E-001  5.705096250637892E-001  2.556454051635489E-001
  4.190000000000000E+002  5.974521114757638E-001  4.272213932289404E-001  5.705201201091006E-001  2.556454051851265E-001
  4.195000000000000E+002  5.975703379560208E-001  4.272361347642265E-001  5.705463336956684E-001  2.556454052390598E-001
  4.196000000000000E+002  5.975939599997525E-001  4.272390550228136E-001  5.705515737640589E-001  2.556454052498492E-001
  4.198000000000000E+002  5.976411935594175E-001  4.272449629777740E-001  5.705620499272199E-001  2.556454052714260E-001
  4.200000000000000E+002  5.976884074609511E-001  4.272508549524577E-001  5.705725213789374E-001  2.556454052930029E-001
  4.205000000000000E+002  5.978063879062543E-001  4.272655890416348E-001  5.705986761063450E-001  2.556454053469349E-001
  4.206000000000000E+002  5.978299608277252E-001  4.272685301928596E-001  5.706039044195330E-001  2.556454053577241E-001
  4.208000000000000E+002  5.978770961751255E-001  4.272744245976225E-001  5.706143570818711E-001  2.556454053793007E-001
  4.210000000000000E+002  5.979242119391747E-001  4.272803194214833E-001  5.706248050587015E-001  2.556454054008771E-001
  4.215000000000000E+002  5.980419470121141E-001  4.272950684610792E-001  5.706509012225994E-001  2.556454054548082E-001
  4.216000000000000E+002  5.980654709917131E-001  4.272980015248513E-001  5.706561178349382E-001  2.556454054655969E-001
  4.218000000000000E+002  5.981125084936837E-001  4.273039031405353E-001  5.706665471187912E-001  2.556454054871730E-001
  4.220000000000000E+002  5.981595264651800E-001  4.273098070758863E-001  5.706769717446840E-001  2.556454055087490E-001
  4.225000000000000E+002  5.982770173450472E-001  4.273245518621780E-001  5.707030096329423E-001  2.556454055626792E-001
  4.226000000000000E+002  5.983004925457194E-001  4.273275013020809E-001  5.707082146098483E-001  2.556454055734678E-001
  4.228000000000000E+002  5.983474325320939E-001  4.273333967532743E-001  5.707186206350465E-001  2.556454055950436E-001
  4.230000000000000E+002  5.983943530528563E-001  4.273393044533780E-001  5.707290220263208E-001  2.556454056166192E-001
  4.235000000000000E+002  5.985116004226602E-001  4.273540537960709E-001  5.707550019460798E-001  2.556454056705486E-001
  4.236000000000000E+002  5.985350270225512E-001  4.273570120535452E-001  5.707601953438631E-001  2.556454056813369E-001
  4.238000000000000E+002  5.985818698221970E-001  4.273629170195022E-001  5.707705782361042E-001  2.556454057029122E-001
  4.240000000000000E+002  5.986286932282870E-001  4.273688243046302E-001  5.707809565158118E-001  2.556454057244874E-001
  4.245000000000000E+002  5.987456977996179E-001  4.273835915823779E-001  5.708068787982381E-001  2.556454057784159E-001
  4.246000000000000E+002  5.987690759681775E-001  4.273865383258362E-001  5.708120606755571E-001  2.556454057892038E-001
  4.248000000000000E+002  5.988158219264780E-001  4.273924483469327E-001  5.708224205489602E-001  2.556454058107788E-001
  4.250000000000000E+002  5.988625485595055E-001  4.273983562436354E-001  5.708327758329225E-001  2.556454058323537E-001
  4.255000000000000E+002  5.989793114220952E-001  4.274131503128309E-001  5.708586407725103E-001  2.556454058862805E-001
  4.256000000000000E+002  5.990026413225733E-001  4.274160846649233E-001  5.708638111895065E-001  2.556454058970689E-001
  4.258000000000000E+002  5.990492907690996E-001  4.274220000702985E-001  5.708741481642807E-001  2.556454059186435E-001
  4.260000000000000E+002  5.990959209678803E-001  4.274279052441118E-001  5.708844805670678E-001  2.556454059402182E-001
  4.265000000000000E+002  5.992124428981117E-001  4.274426940996215E-001  5.709102884022567E-001  2.556454059941447E-001
  4.266000000000000E+002  5.992357246959111E-001  4.274456523973337E-001  5.709154474206174E-001  2.556454060049325E-001
  4.268000000000000E+002  5.992822779703427E-001  4.274515681688495E-001  5.709257616144829E-001  2.556454060265068E-001
  4.270000000000000E+002  5.993288120583471E-001  4.274574786521498E-001  5.709360712620013E-001  2.556454060480811E-001
  4.275000000000000E+002  5.994450938339935E-001  4.274722710931737E-001  5.709618223138430E-001  2.556454061020073E-001
  4.276000000000000E+002  5.994683276996374E-001  4.274752200466663E-001  5.709669699854462E-001  2.556454061127951E-001
  4.278000000000000E+002  5.995147851356286E-001  4.274811527435405E-001  5.709772615141114E-001  2.556454061343689E-001
  4.280000000000000E+002  5.995612234437201E-001  4.274870740070152E-001  5.709875485241482E-001  2.556454061559427E-001
  4.285000000000000E+002  5.996772658828392E-001  4.275018769324029E-001  5.710132431038808E-001  2.556454062098678E-001
  4.286000000000000E+002  5.997004519791311E-001  4.275048343083831E-001  5.710183794955948E-001  2.556454062206553E-001
  4.288000000000000E+002  5.997468139003728E-001  4.275107551544575E-001  5.710286484764262E-001  2.556454062422290E-001
  4.290000000000000E+002  5.997931567544564E-001  4.275166819175059E-001  5.710389129638751E-001  2.556454062638026E-001
  4.295000000000000E+002  5.999089606893790E-001  4.275314861078998E-001  5.710645513417615E-001  2.556454063177275E-001
  4.296000000000000E+002  5.999320991784685E-001  4.275344523265638E-001  5.710696765072660E-001  2.556454063285146E-001
  4.298000000000000E+002  5.999783659118832E-001  4.275403768186696E-001  5.710799230540827E-001  2.556454063500880E-001
  4.300000000000000E+002  6.000246136507034E-001  4.275463083636276E-001  5.710901651302279E-001  2.556454063716612E-001
  4.305000000000000E+002  6.001401798790041E-001  4.275611193561453E-001  5.711157475950289E-001  2.556454064255855E-001
  4.306000000000000E+002  6.001632709533031E-001  4.275640765696680E-001  5.711208615865437E-001  2.556454064363727E-001
  4.308000000000000E+002  6.002094428377502E-001  4.275700115954841E-001  5.711310858109095E-001  2.556454064579459E-001
  4.310000000000000E+002  6.002555957986159E-001  4.275759376678578E-001  5.711413055821434E-001  2.556454064795191E-001
  4.311000000000000E+002  6.002786631930422E-001  4.275789078030469E-001  5.711464140128112E-001  2.556454064903063E-001
  4.312000000000000E+002  6.003017258635011E-001  4.275818726987354E-001  5.711515213318421E-001  2.556454065010933E-001
  4.314000000000000E+002  6.003478410039659E-001  4.275878039564428E-001  5.711617322161507E-001  2.556454065226662E-001
  4.316000000000000E+002  6.003939372575536E-001  4.275937341232662E-001  5.711719386621170E-001  2.556454065442391E-001
  4.318000000000000E+002  6.004400146211063E-001  4.275996681617352E-001  5.711821406767513E-001  2.556454065658118E-001
  4.320000000000000E+002  6.004860731366702E-001  4.276056019548347E-001  5.711923382614541E-001  2.556454065873844E-001
  4.321000000000000E+002  6.005090933446668E-001  4.276085709485596E-001  5.711974356061893E-001  2.556454065981714E-001
  4.322000000000000E+002  6.005321088428265E-001  4.276115368343223E-001  5.712025318448505E-001  2.556454066089582E-001
  4.324000000000000E+002  6.005781296710088E-001  4.276174691934956E-001  5.712127205892830E-001  2.556454066305305E-001
  4.326000000000000E+002  6.006241316695199E-001  4.276234086865418E-001  5.712229049190113E-001  2.556454066521031E-001
  4.328000000000000E+002  6.006701148547927E-001  4.276293466202401E-001  5.712330848396276E-001  2.556454066736754E-001
  4.330000000000000E+002  6.007160792425220E-001  4.276352803145214E-001  5.712432603527282E-001  2.556454066952477E-001
  4.335000000000000E+002  6.008309374558762E-001  4.276501198113374E-001  5.712686767667494E-001  2.556454067491692E-001
  4.336000000000000E+002  6.008538871769971E-001  4.276530901394284E-001  5.712737575887924E-001  2.556454067599561E-001
  4.338000000000000E+002  6.008997764762460E-001  4.276590306822524E-001  5.712839155260255E-001  2.556454067815283E-001
  4.340000000000000E+002  6.009456470427054E-001  4.276649768551461E-001  5.712940690835697E-001  2.556454068031004E-001
  4.341000000000000E+002  6.009685733520024E-001  4.276679388458114E-001  5.712991444242947E-001  2.556454068138874E-001
  4.342000000000000E+002  6.009914949836255E-001  4.276709108602210E-001  5.713042186711751E-001  2.556454068246740E-001
  4.344000000000000E+002  6.010373281289458E-001  4.276768520620099E-001  5.713143634662364E-001  2.556454068462462E-001
  4.346000000000000E+002  6.010831425747061E-001  4.276827924856450E-001  5.713245038911708E-001  2.556454068678182E-001
  4.348000000000000E+002  6.011289383355092E-001  4.276887380255621E-001  5.713346399529398E-001  2.556454068893901E-001
  4.350000000000000E+002  6.011747154343517E-001  4.276946783361560E-001  5.713447716518513E-001  2.556454069109620E-001
  4.351000000000000E+002  6.011975950392296E-001  4.276976561903283E-001  5.713498360751526E-001  2.556454069217485E-001
  4.352000000000000E+002  6.012204699820934E-001  4.277006248476314E-001  5.713548994085006E-001  2.556454069325352E-001
  4.354000000000000E+002  6.012662097620693E-001  4.277065745728897E-001  5.713650223999851E-001  2.556454069541069E-001
  4.356000000000000E+002  6.013119309178795E-001  4.277125159854152E-001  5.713751410411516E-001  2.556454069756786E-001
  4.358000000000000E+002  6.013576334563541E-001  4.277184655705567E-001  5.713852553345149E-001  2.556454069972504E-001
  4.360000000000000E+002  6.014033173901898E-001  4.277244051922464E-001  5.713953652899837E-001  2.556454070188222E-001
  4.361000000000000E+002  6.014261504488121E-001  4.277273806808570E-001  5.714004188479839E-001  2.556454070296085E-001
  4.362000000000000E+002  6.014489788537900E-001  4.277303653237570E-001  5.714054713279806E-001  2.556454070403947E-001
  4.364000000000000E+002  6.014946256323054E-001  4.277363024051547E-001  5.714155726175935E-001  2.556454070619663E-001
  4.366000000000000E+002  6.015402538228501E-001  4.277422532226161E-001  5.714256695821142E-001  2.556454070835379E-001
  4.368000000000000E+002  6.015858634554575E-001  4.277481979948761E-001  5.714357622214501E-001  2.556454071051095E-001
  4.370000000000000E+002  6.016314545495522E-001  4.277541435806703E-001  5.714458505408715E-001  2.556454071266810E-001
  4.371000000000000E+002  6.016542412173543E-001  4.277571282713567E-001  5.714508932928922E-001  2.556454071374671E-001
  4.372000000000000E+002  6.016770232559085E-001  4.277600990083736E-001  5.714559349662868E-001  2.556454071482536E-001
  4.374000000000000E+002  6.017225772862800E-001  4.277660501195105E-001  5.714660146739058E-001  2.556454071698248E-001
  4.376000000000000E+002  6.017681128535294E-001  4.277719949166557E-001  5.714760900606326E-001  2.556454071913963E-001
  4.378000000000000E+002  6.018136299019757E-001  4.277779359111631E-001  5.714861611496965E-001  2.556454072129677E-001
  4.380000000000000E+002  6.018591284526938E-001  4.277838989247181E-001  5.714962279396386E-001  2.556454072345394E-001
  4.381000000000000E+002  6.018818688842258E-001  4.277868823446875E-001  5.715012599394327E-001  2.556454072453249E-001
  4.382000000000000E+002  6.019046046994188E-001  4.277898675694928E-001  5.715062908693449E-001  2.556454072561110E-001
  4.384000000000000E+002  6.019500663279326E-001  4.277958031019347E-001  5.715163490820403E-001  2.556454072776832E-001
  4.386000000000000E+002  6.019955094471539E-001  4.278017361967978E-001  5.715264029972974E-001  2.556454072992560E-001
  4.388000000000000E+002  6.020409341845960E-001  4.278077259748928E-001  5.715364526626601E-001  2.556454073208266E-001
  4.389000000000000E+002  6.020636377317691E-001  4.278107066490368E-001  5.715414761085486E-001  2.556454073316102E-001
  4.390000000000001E+002  6.020863365967974E-001  4.278136834316743E-001  5.715464984950775E-001  2.556454073423968E-001
  4.391000000000001E+002  6.021090309622021E-001  4.278166451730945E-001  5.715515197900833E-001  2.556454073531829E-001
  4.392000000000001E+002  6.021317207362097E-001  4.278196443753781E-001  5.715565400096260E-001  2.556454073639691E-001
  4.394000000000001E+002  6.021770902228892E-001  4.278255979472871E-001  5.715665768511172E-001  2.556454073855421E-001
  4.396000000000001E+002  6.022224413928634E-001  4.278315582933315E-001  5.715766094271124E-001  2.556454074071114E-001
  4.398000000000001E+002  6.022677741947756E-001  4.278375168436899E-001  5.715866377454309E-001  2.556454074286826E-001
  4.400000000000001E+002  6.023130886457893E-001  4.278434699061104E-001  5.715966618062597E-001  2.556454074502542E-001
  4.405000000000001E+002  6.024263228125868E-001  4.278583747779497E-001  5.716217003796140E-001  2.556454075041730E-001
  4.410000000000001E+002  6.025394424240496E-001  4.278732712667869E-001  5.716467124581766E-001  2.556454075580927E-001
  4.420000000000001E+002  6.027654321223964E-001  4.279030755174223E-001  5.716966474556371E-001  2.556454076659070E-001
  4.440000000000001E+002  6.032164119108692E-001  4.279626934364703E-001  5.717961632522963E-001  2.556454078814488E-001
  4.460000000000001E+002  6.036655707638544E-001  4.280223663192464E-001  5.718952632794743E-001  2.556454080970150E-001
  4.480000000000001E+002  6.041129210683325E-001  4.280820997654737E-001  5.719939515380719E-001  2.556454083125962E-001
  4.500000000000001E+002  6.045584750734396E-001  4.281418922425979E-001  5.720922320079560E-001  2.556454085281870E-001
  4.550000000000001E+002  6.056671809347381E-001  4.282913089958856E-001  5.723358934853761E-001  2.556454090665688E-001
  4.600000000000001E+002  6.067648155423175E-001  4.284410764122347E-001  5.725770999087109E-001  2.556454096051013E-001
  4.700000000000001E+002  6.089355684961687E-001  4.287405750160663E-001  5.730515027617508E-001  2.556454106806225E-001
  4.800000000000001E+002  6.110636004244830E-001  4.290413300569614E-001  5.735168105519632E-001  2.556454117567563E-001
  5.000000000000001E+002  6.152241671696704E-001  4.296422588059050E-001  5.744186987824131E-001  2.556454139042674E-001
  5.500000000000000E+002  6.251115081101974E-001  4.311325964179865E-001  5.765229184758760E-001  2.556454192475262E-001
  6.000000000000000E+002  6.341070579648576E-001  4.326398912890153E-001  5.784700584391633E-001  2.556454246122009E-001
  6.500000000000000E+002  6.423432502596598E-001  4.341572719595472E-001  5.802844060873341E-001  2.556454299932485E-001
  7.000000000000000E+002  6.499249567806076E-001  4.356793819053706E-001  5.819844371125549E-001  2.556454353873930E-001
  7.500000000000000E+002  6.569368453454886E-001  4.372020383478269E-001  5.835846114233590E-001  2.556454407914991E-001
  8.000000000000000E+002  6.634483663247753E-001  4.387219636638611E-001  5.850964979987869E-001  2.556454462025552E-001
  8.500000000000000E+002  6.695172509140460E-001  4.402365842417170E-001  5.865295230195059E-001  2.556454516177167E-001
  9.000000000000000E+002  6.751920359721316E-001  4.417438785266519E-001  5.878914883777566E-001  2.556454570343349E-001
  9.500000000000000E+002  6.805139302168537E-001  4.432422610009952E-001  5.891889414959222E-001  2.556454624499683E-001
  1.000000000000000E+003  6.855182218389511E-001  4.447304927257107E-001  5.904274449642050E-001  2.556454678623840E-001
  1.100000000000000E+003  6.947638561161127E-001  4.476274038877271E-001  5.927269080384439E-001  2.556454785976874E-001
  1.200000000000000E+003  7.030326714261921E-001  4.504779077592356E-001  5.948448571500158E-001  2.556454893070985E-001
  1.300000000000000E+003  7.104865009968798E-001  4.532788574682182E-001  5.968043643154118E-001  2.556454999754800E-001
  1.400000000000000E+003  7.172513563638830E-001  4.560286510307448E-001  5.986239171608546E-001  2.556455105928930E-001
  1.500000000000000E+003  7.234272197297196E-001  4.587267343205547E-001  6.003187010069685E-001  2.556455211516693E-001
  1.600000000000000E+003  7.290946821027321E-001  4.613732572983898E-001  6.019014053940845E-001  2.556455316459034E-001
  1.700000000000000E+003  7.343195877333770E-001  4.639688405441972E-001  6.033827797216255E-001  2.556455420711002E-001
  1.800000000000000E+003  7.391563682305026E-001  4.665144151030578E-001  6.047720336894385E-001  2.556455524238980E-001
  1.900000000000000E+003  7.436504882916861E-001  4.690111117205559E-001  6.060771344380839E-001  2.556455627018493E-001
  2.000000000000000E+003  7.478402733449608E-001  4.714601837967973E-001  6.073050320898800E-001  2.556455729032451E-001
  2.200000000000000E+003  7.554574195133376E-001  4.761469598990787E-001  6.095177340919651E-001  2.556455929091183E-001
  2.400000000000000E+003  7.621837648291993E-001  4.806671014940457E-001  6.114959941990273E-001  2.556456126207898E-001
  2.600000000000000E+003  7.681795634870471E-001  4.850300680380236E-001  6.132697781533064E-001  2.556456320343263E-001
  2.800000000000000E+003  7.735672852819624E-001  4.892450344682460E-001  6.148638711809044E-001  2.556456511524540E-001
  3.000000000000000E+003  7.784424246156779E-001  4.933207031191967E-001  6.162990144223967E-001  2.556456699804991E-001
  3.200000000000000E+003  7.828807197114573E-001  4.972652220948702E-001  6.175927326516572E-001  2.556456885253917E-001
  3.400000000000000E+003  7.869431287513932E-001  5.010861659022561E-001  6.187599630599379E-001  2.556457067950154E-001
  3.600000000000000E+003  7.906793486892556E-001  5.047905486827154E-001  6.198135391823811E-001  2.556457247977718E-001
  3.700000000000000E+003  7.924374971804000E-001  5.066177176981336E-001  6.203111477067070E-001  2.556457337507555E-001
  3.800000000000000E+003  7.941289842512447E-001  5.084174510463660E-001  6.207832830484480E-001  2.556457426370990E-001
  3.810000000000000E+003  7.942945705304986E-001  5.085973830442788E-001  6.208300770142988E-001  2.556457435272986E-001
  3.820000000000000E+003  7.944595360507808E-001  5.087770449700314E-001  6.208766204179673E-001  2.556457444160528E-001
  3.840000000000000E+003  7.947876322121876E-001  5.091352373024319E-001  6.209687476592776E-001  2.556457461903631E-001
  3.850000000000000E+003  7.949507575533821E-001  5.093140881793006E-001  6.210145457595891E-001  2.556457470771432E-001
  3.860000000000000E+003  7.951132768583301E-001  5.094926706008037E-001  6.210600973312128E-001  2.556457479631878E-001
  3.870000000000000E+003  7.952751938816290E-001  5.096709842507829E-001  6.211054036334939E-001  2.556457488485706E-001
  3.875000000000000E+003  7.953559261899601E-001  5.097600812757059E-001  6.211279913595948E-001  2.556457492911766E-001
  3.880000000000000E+003  7.954365093317538E-001  5.098491098879445E-001  6.211505181126781E-001  2.556457497335849E-001
  3.885000000000000E+003  7.955169437233972E-001  5.099380709152505E-001  6.211729845196785E-001  2.556457501758242E-001
  3.886000000000000E+003  7.955330125426852E-001  5.099558645604770E-001  6.211774746985382E-001  2.556457502642904E-001
  3.888000000000000E+003  7.955651325195883E-001  5.099914329274922E-001  6.211864456674363E-001  2.556457504411625E-001
  3.890000000000000E+003  7.955972287175076E-001  5.100269925219381E-001  6.211954069478248E-001  2.556457506180035E-001
  3.895000000000000E+003  7.956773667567366E-001  5.101158225598759E-001  6.212177521557939E-001  2.556457510598918E-001
  3.900000000000000E+003  7.957573574343466E-001  5.102045865059137E-001  6.212400370371466E-001  2.556457515016372E-001
  3.910000000000000E+003  7.959169009085686E-001  5.103818360428890E-001  6.212843750834284E-001  2.556457523843713E-001
  3.920000000000000E+003  7.960758597723122E-001  5.105588218777501E-001  6.213284744779883E-001  2.556457532665012E-001
  3.940000000000000E+003  7.963920472460519E-001  5.109116968353925E-001  6.214157613993739E-001  2.556457550278215E-001
  3.960000000000000E+003  7.967059373761384E-001  5.112635266084882E-001  6.215021145833383E-001  2.556457567866723E-001
  3.970000000000000E+003  7.968620251589470E-001  5.114392025830516E-001  6.215450436448172E-001  2.556457576656880E-001
  3.980000000000000E+003  7.970175488723885E-001  5.116146188050467E-001  6.215877419541287E-001  2.556457585439833E-001
  4.000000000000000E+003  7.973269251808309E-001  5.119643764661534E-001  6.216722548641392E-001  2.556457602976493E-001
  4.050000000000000E+003  7.980907713970150E-001  5.128320823528807E-001  6.218781909354839E-001  2.556457646640642E-001
  4.100000000000000E+003  7.988411532670070E-001  5.136935018120662E-001  6.220787009293872E-001  2.556457690152545E-001
  4.200000000000000E+003  8.003031360349800E-001  5.153908929319164E-001  6.224597216012485E-001  2.556457776501450E-001
  4.400000000000000E+003  8.030815390640312E-001  5.186889644985195E-001  6.231487851287385E-001  2.556457946634520E-001
  4.600000000000000E+003  8.056827320979737E-001  5.218984092002655E-001  6.237687705804317E-001  2.556458114539111E-001
  4.800000000000000E+003  8.081245743355659E-001  5.250236019324838E-001  6.243253215832294E-001  2.556458280281865E-001
  5.000000000000000E+003  8.104225018117572E-001  5.280686037994881E-001  6.248235165999614E-001  2.556458443936452E-001
  5.500000000000000E+003  8.156177286279418E-001  5.352195097749138E-001  6.257754934640245E-001  2.556458839862099E-001
  6.000000000000000E+003  8.201637283872198E-001  5.419641819233448E-001  6.264742416774339E-001  2.556459224832368E-001
  6.500000000000000E+003  8.241838406751133E-001  5.483428021467022E-001  6.269598599784487E-001  2.556459599633178E-001
  7.000000000000000E+003  8.277709710784968E-001  5.543899047681774E-001  6.272656710229767E-001  2.556459965000898E-001
  7.500000000000000E+003  8.309966287836262E-001  5.601353483669576E-001  6.274194471469476E-001  2.556460321600608E-001
  8.000000000000000E+003  8.339168724158698E-001  5.656051041472169E-001  6.274444458130587E-001  2.556460670031127E-001
  8.500000000000000E+003  8.365763503207418E-001  5.708218940502896E-001  6.273602448973393E-001  2.556461010831542E-001
  9.000000000000000E+003  8.390111196187149E-001  5.758057076256170E-001  6.271834100550119E-001  2.556461344487829E-001
  1.000000000000000E+004  8.433085884646268E-001  5.849875236889175E-001  6.265554474809122E-001  2.556461985069747E-001
  1.100000000000000E+004  8.470058732031336E-001  5.934545507582069E-001  6.257261285901889E-001  2.556462602923097E-001
  1.200000000000000E+004  8.502288382658647E-001  6.012959016487477E-001  6.247521712093936E-001  2.556463200323597E-001
  1.205000000000000E+004  8.503801368687558E-001  6.016828109123277E-001  6.247029890107320E-001  2.556463230220821E-001
  1.210000000000000E+004  8.505304787731723E-001  6.020682597578364E-001  6.246534796078077E-001  2.556463260052605E-001
  1.220000000000000E+004  8.508282432601731E-001  6.028337533825310E-001  6.245532345550459E-001  2.556463319511273E-001
  1.240000000000000E+004  8.514123714656233E-001  6.043435761103056E-001  6.243482109681112E-001  2.556463437630447E-001
  1.260000000000000E+004  8.519822584206449E-001  6.058312674302728E-001  6.241389472332030E-001  2.556463554993851E-001
  1.280000000000000E+004  8.525384590905698E-001  6.072973661382329E-001  6.239257867096806E-001  2.556463671615604E-001
  1.300000000000000E+004  8.530815000888815E-001  6.087423898849770E-001  6.237090541222481E-001  2.556463787510615E-001
  1.350000000000000E+004  8.543825832527078E-001  6.122399002788855E-001  6.231491266703471E-001  2.556464072732861E-001
  1.400000000000000E+004  8.556120031289011E-001  6.156181847287702E-001  6.225744092633150E-001  2.556464353803642E-001
  1.500000000000000E+004  8.578744993679764E-001  6.219720237148655E-001  6.213879243570474E-001  2.556464900108761E-001
  1.600000000000000E+004  8.599182490104244E-001  6.279304061355052E-001  6.201822358590007E-001  2.556465432271353E-001
  1.800000000000000E+004  8.634595719188103E-001  6.386110151947180E-001  6.177785874272564E-001  2.556466445672886E-001
  2.000000000000000E+004  8.664510006497886E-001  6.481446696246153E-001  6.154472572479730E-001  2.556467415988195E-001
  2.200000000000000E+004  8.690197766257203E-001  6.567053289904495E-001  6.132307201138579E-001  2.556468348361376E-001
  2.400000000000000E+004  8.712556460141074E-001  6.644306111175623E-001  6.111507265811527E-001  2.556469246990187E-001
  2.600000000000000E+004  8.732239382055200E-001  6.714313038696574E-001  6.092159258970602E-001  2.556470115342838E-001
  2.800000000000000E+004  8.749734603541209E-001  6.777979511889439E-001  6.074267707796585E-001  2.556470956323652E-001
  3.000000000000000E+004  8.765414832174834E-001  6.836055247253238E-001  6.057787243365973E-001  2.556471772393948E-001
  3.200000000000000E+004  8.779570072243492E-001  6.889168138402163E-001  6.042643655130306E-001  2.556472565661690E-001
  3.400000000000000E+004  8.792429684381576E-001  6.937849356199480E-001  6.028747668870172E-001  2.556473337949141E-001
  3.600000000000000E+004  8.804177680163741E-001  6.982552266154649E-001  6.016003870764929E-001  2.556474090844711E-001
  3.800000000000000E+004  8.814963570126263E-001  7.023666912533387E-001  6.004316378800141E-001  2.556474825743300E-001
  4.000000000000000E+004  8.824910213179503E-001  7.061531265521188E-001  5.993592333800510E-001  2.556475543878078E-001
  4.500000000000000E+004  8.846609189747902E-001  7.142469296645886E-001  5.971227324031798E-001  2.556477246041006E-001
  5.000000000000000E+004  8.864937739199668E-001  7.209164120138642E-001  5.952691257911266E-001  2.556478868965107E-001
  5.500000000000000E+004  8.880667410412234E-001  7.264185699350237E-001  5.937282896934083E-001  2.556480422651839E-001
  6.000000000000000E+004  8.894342627918873E-001  7.309508752316530E-001  5.924376059273344E-001  2.556481915153312E-001
  6.500000000000000E+004  8.906360165946056E-001  7.346681832049797E-001  5.913464915710249E-001  2.556483353068251E-001
  7.000000000000000E+004  8.917016951986455E-001  7.376939948804798E-001  5.904152563159869E-001  2.556484741886909E-001
  7.500000000000000E+004  8.926540226108358E-001  7.401282304187359E-001  5.896130124782917E-001  2.556486086236437E-001
  8.000000000000000E+004  8.935107278040714E-001  7.420527438815642E-001  5.889157205735299E-001  2.556487390060179E-001
  8.500000000000000E+004  8.942858762590483E-001  7.435353252064359E-001  5.883045937192579E-001  2.556488656751558E-001
  9.000000000000000E+004  8.949907920823750E-001  7.446326611992687E-001  5.877648575754401E-001  2.556489889255965E-001
  1.000000000000000E+005  8.962160239158337E-001  7.459599355908760E-001  5.868776070161276E-001  2.556492233159292E-001
  1.100000000000000E+005  8.972564286537443E-001  7.462556856860639E-001  5.861500455342452E-001  2.556494472263217E-001
  1.200000000000000E+005  8.981501112337874E-001  7.457345939952879E-001  5.855444061479381E-001  2.556496619169545E-001
  1.300000000000000E+005  8.989251296389460E-001  7.445604983009757E-001  5.850327765615536E-001  2.556498684153855E-001
  1.400000000000000E+005  8.996026659774231E-001  7.428607051651682E-001  5.845950383694385E-001  2.556500675724489E-001
  1.500000000000000E+005  9.001990491967843E-001  7.407356433045292E-001  5.842164580730808E-001  2.556502601020569E-001
  1.600000000000000E+005  9.007270945451766E-001  7.382655723791978E-001  5.838860250544948E-001  2.556504466101587E-001
  1.800000000000000E+005  9.016034592631609E-001  7.329913822572317E-001  5.833506124784428E-001  2.556507987290919E-001
  2.000000000000000E+005  9.023120767151829E-001  7.269534047179300E-001  5.829215516222834E-001  2.556511330659067E-001
  2.200000000000000E+005  9.028918321373747E-001  7.204101976350187E-001  5.825722561811008E-001  2.556514520060391E-001
  2.400000000000000E+005  9.033705545662741E-001  7.135461168910002E-001  5.822840972056917E-001  2.556517574499808E-001
  2.600000000000000E+005  9.037686944852298E-001  7.064950337608046E-001  5.820438744261148E-001  2.556520509404662E-001
  2.800000000000000E+005  9.041016209450750E-001  6.993554742570809E-001  5.818419663662789E-001  2.556523337498510E-001
  3.000000000000000E+005  9.043811087046103E-001  6.922006276334819E-001  5.816711844977360E-001  2.556526069418585E-001
  3.500000000000000E+005  9.048736319606147E-001  6.763946656273730E-001  5.813585192593775E-001  2.556532398767970E-001
  4.000000000000000E+005  9.051979954293663E-001  6.609673954263254E-001  5.811424925998080E-001  2.556538321721134E-001
  4.500000000000000E+005  9.054063997331177E-001  6.462126642201915E-001  5.809940669978914E-001  2.556543906037104E-001
  5.000000000000000E+005  9.055325876374544E-001  6.322760023628557E-001  5.808945779304244E-001  2.556549202711099E-001
  5.500000000000000E+005  9.055991808039755E-001  6.192171628488066E-001  5.808315587093065E-001  2.556554251227733E-001
  6.000000000000000E+005  9.056218179932263E-001  6.070453112107916E-001  5.807963620648027E-001  2.556559082877222E-001
  6.500000000000000E+005  9.056115934267808E-001  5.957397827765398E-001  5.807828014928326E-001  2.556563722940232E-001
  7.000000000000000E+005  9.055765510863975E-001  5.852627425708170E-001  5.807863354478942E-001  2.556568192179248E-001
  8.000000000000000E+005  9.054400658937561E-001  5.681580741068554E-001  5.808329975140925E-001  2.556576554050504E-001
  9.000000000000000E+005  9.052657081304409E-001  5.532326730335225E-001  5.809136875770814E-001  2.556584436189021E-001
  1.000000000000000E+006  9.050692190219816E-001  5.402297915999263E-001  5.810180255556507E-001  2.556591911194688E-001
  1.100000000000000E+006  9.048605313006595E-001  5.288969720484862E-001  5.811391278407984E-001  2.556599035164227E-001
  1.200000000000000E+006  9.046460270304564E-001  5.190028844839762E-001  5.812722828459499E-001  2.556605852480887E-001
  1.300000000000000E+006  9.044298623946542E-001  5.103430805125958E-001  5.814141732948066E-001  2.556612398958937E-001
  1.400000000000000E+006  9.042147638819532E-001  5.027405007741685E-001  5.815624087921633E-001  2.556618703983530E-001
  1.600000000000000E+006  9.037867412084402E-001  4.912504887995683E-001  5.818678369951958E-001  2.556630499312316E-001
  1.800000000000000E+006  9.033822041109586E-001  4.819236114992305E-001  5.821814107423989E-001  2.556641616449577E-001
  2.000000000000000E+006  9.030017576824044E-001  4.742839769536311E-001  5.824983438887882E-001  2.556652157952109E-001
  2.200000000000000E+006  9.026447757730605E-001  4.679672277420732E-001  5.828156846668696E-001  2.556662203051452E-001
  2.400000000000000E+006  9.023100405275137E-001  4.626953688144486E-001  5.831315792934505E-001  2.556671814431950E-001
  2.600000000000000E+006  9.019960920396810E-001  4.582557623520721E-001  5.834448530784453E-001  2.556681042677210E-001
  2.800000000000000E+006  9.017014128276903E-001  4.544848487075204E-001  5.837547640741721E-001  2.556689929294113E-001
  3.000000000000000E+006  9.014245222233150E-001  4.512559040739871E-001  5.840608526271397E-001  2.556698508832586E-001
  3.200000000000000E+006  9.011640219581705E-001  4.484699484057834E-001  5.843628465877214E-001  2.556706810410370E-001
  3.400000000000000E+006  9.009186153612376E-001  4.460490180877197E-001  5.846606000116280E-001  2.556714858834491E-001
  3.600000000000000E+006  9.006871124095945E-001  4.439311825570852E-001  5.849540526436678E-001  2.556722675442332E-001
  3.800000000000000E+006  9.004684273774806E-001  4.420668378938739E-001  5.852432026417710E-001  2.556730278743317E-001
  4.000000000000000E+006  9.002615728226819E-001  4.404159342468129E-001  5.855280879306978E-001  2.556737684915991E-001
  4.200000000000000E+006  9.000656519825586E-001  4.389458876706539E-001  5.858087732929338E-001  2.556744908198332E-001
  4.400000000000000E+006  8.998798507168794E-001  4.376299957537505E-001  5.860853413402320E-001  2.556751961198045E-001
  4.600000000000000E+006  8.997034296053185E-001  4.364462261948435E-001  5.863578861499483E-001  2.556758855141937E-001
  4.800000000000000E+006  8.995357165068687E-001  4.353762832731753E-001  5.866265087554905E-001  2.556765600078388E-001
  5.000000000000000E+006  8.993760997181016E-001  4.344048828406609E-001  5.868913139416487E-001  2.556772205043248E-001
  5.200000000000000E+006  8.992240217719427E-001  4.335191849264828E-001  5.871524079673121E-001  2.556778678196905E-001
  5.400000000000000E+006  8.990789738668130E-001  4.327083463592689E-001  5.874098969528017E-001  2.556785026938418E-001
  5.600000000000000E+006  8.989404908893402E-001  4.319631654593937E-001  5.876638857467956E-001  2.556791258001235E-001
  5.800000000000000E+006  8.988081469816811E-001  4.312757978822473E-001  5.879144771412199E-001  2.556797377533983E-001
  6.000000000000000E+006  8.986815516005978E-001  4.306395278443118E-001  5.881617713395857E-001  2.556803391169097E-001
  6.200000000000000E+006  8.985603460160709E-001  4.300485827628474E-001  5.884058656104044E-001  2.556809304081436E-001
  6.400000000000000E+006  8.984442002002223E-001  4.294979821601381E-001  5.886468540758185E-001  2.556815121038627E-001
  6.600000000000000E+006  8.983328100614936E-001  4.289834137905443E-001  5.888848275989189E-001  2.556820846444489E-001
  6.800000000000000E+006  8.982258949834276E-001  4.285011315337621E-001  5.891198737427530E-001  2.556826484376720E-001
  7.000000000000000E+006  8.981231956319482E-001  4.280478707979428E-001  5.893520767811510E-001  2.556832038619682E-001
  7.200000000000000E+006  8.980244719991560E-001  4.276207780910898E-001  5.895815177464965E-001  2.556837512693083E-001
  7.400000000000000E+006  8.979295016555386E-001  4.272173521208651E-001  5.898082745034493E-001  2.556842909877161E-001
  7.600000000000000E+006  8.978380781859672E-001  4.268353943246431E-001  5.900324218403913E-001  2.556848233234856E-001
  7.800000000000000E+006  8.977500097878678E-001  4.264729671524376E-001  5.902540315724878E-001  2.556853485631423E-001
  8.000000000000000E+006  8.976651180127205E-001  4.261283587541906E-001  5.904731726518067E-001  2.556858669751826E-001
  8.200000000000000E+006  8.975832366343618E-001  4.258000529814544E-001  5.906899112811208E-001  2.556863788116213E-001
  8.400000000000000E+006  8.975042106296425E-001  4.254867038179237E-001  5.909043110289194E-001  2.556868843093720E-001
  8.600000000000000E+006  8.974278952587972E-001  4.251871135158347E-001  5.911164329438172E-001  2.556873836914839E-001
  8.800000000000000E+006  8.973541552344410E-001  4.249002138451773E-001  5.913263356670320E-001  2.556878771682494E-001
  9.000000000000000E+006  8.972828639694577E-001  4.246250499671005E-001  5.915340755420427E-001  2.556883649382026E-001
  9.200000000000000E+006  8.972139028952573E-001  4.243607665271929E-001  5.917397067207701E-001  2.556888471890179E-001
  9.400000000000000E+006  8.971471608428513E-001  4.241065956327565E-001  5.919432812658737E-001  2.556893240983232E-001
  9.600000000000000E+006  8.970825334801643E-001  4.238618464339555E-001  5.921448492488997E-001  2.556897958344364E-001
  9.800000000000000E+006  8.970199227996871E-001  4.236258960743700E-001  5.923444588441951E-001  2.556902625570334E-001
  1.000000000000000E+007  8.969592366513540E-001  4.233981818140235E-001  5.925421564184975E-001  2.556907244177565E-001
  1.020000000000000E+007  8.969003883160387E-001  4.231781941589264E-001  5.927379866162814E-001  2.556911815607684E-001
  1.040000000000000E+007  8.968432961156279E-001  4.229654708568347E-001  5.929319924408886E-001  2.556916341232580E-001
  1.060000000000000E+007  8.967878830560621E-001  4.227595916402566E-001  5.931242153316267E-001  2.556920822359033E-001
  1.080000000000000E+007  8.967340765001587E-001  4.225601736155502E-001  5.933146952368842E-001  2.556925260232956E-001
  1.100000000000000E+007  8.966818078673451E-001  4.223668672118402E-001  5.935034706835063E-001  2.556929656043287E-001
  1.120000000000000E+007  8.966310123577658E-001  4.221793526160054E-001  5.936905788425314E-001  2.556934010925566E-001
  1.140000000000000E+007  8.965816286984919E-001  4.219973366305263E-001  5.938760555914898E-001  2.556938325965229E-001
  1.160000000000000E+007  8.965335989097941E-001  4.218205498998761E-001  5.940599355734075E-001  2.556942602200650E-001
  1.180000000000000E+007  8.964868680896519E-001  4.216487444586983E-001  5.942422522526936E-001  2.556946840625940E-001
  1.200000000000000E+007  8.964413842148660E-001  4.214816915614024E-001  5.944230379681004E-001  2.556951042193547E-001
  1.220000000000000E+007  8.963970979573056E-001  4.213191797582833E-001  5.946023239828475E-001  2.556955207816656E-001
  1.240000000000000E+007  8.963539625139598E-001  4.211610131879148E-001  5.947801405321430E-001  2.556959338371411E-001
  1.260000000000000E+007  8.963119334496045E-001  4.210070100595675E-001  5.949565168681946E-001  2.556963434698991E-001
  1.280000000000000E+007  8.962709685510065E-001  4.208570013028184E-001  5.951314813028656E-001  2.556967497607526E-001
  1.300000000000000E+007  8.962310276916898E-001  4.207108293644546E-001  5.953050612481036E-001  2.556971527873881E-001
  1.320000000000000E+007  8.961920727063843E-001  4.205683471353190E-001  5.954772832542908E-001  2.556975526245331E-001
  1.340000000000000E+007  8.961540672743666E-001  4.204294169919300E-001  5.956481730466148E-001  2.556979493441106E-001
  1.360000000000000E+007  8.961169768109601E-001  4.202939099395910E-001  5.958177555595664E-001  2.556983430153844E-001
  1.380000000000000E+007  8.960807683665362E-001  4.201617048453607E-001  5.959860549696836E-001  2.556987337050944E-001
  1.400000000000000E+007  8.960454105324330E-001  4.200326877506675E-001  5.961530947266509E-001  2.556991214775838E-001
  1.420000000000000E+007  8.960108733532359E-001  4.199067512545966E-001  5.963188975828475E-001  2.556995063949172E-001
  1.440000000000000E+007  8.959771282449235E-001  4.197837939599476E-001  5.964834856213890E-001  2.556998885169922E-001
  1.460000000000000E+007  8.959441479184459E-001  4.196637199751147E-001  5.966468802828041E-001  2.557002679016438E-001
  1.480000000000000E+007  8.959119063082902E-001  4.195464384656481E-001  5.968091023904144E-001  2.557006446047422E-001
  1.500000000000000E+007  8.958803785056929E-001  4.194318632500835E-001  5.969701721744585E-001  2.557010186802853E-001
  1.520000000000000E+007  8.958495406961303E-001  4.193199124352553E-001  5.971301092950516E-001  2.557013901804843E-001
  1.540000000000000E+007  8.958193701007768E-001  4.192105080868543E-001  5.972889328640515E-001  2.557017591558464E-001
  1.560000000000000E+007  8.957898449216422E-001  4.191035759314805E-001  5.974466614658938E-001  2.557021256552511E-001
  1.580000000000000E+007  8.957609442901254E-001  4.189990450868687E-001  5.976033131774322E-001  2.557024897260227E-001
  1.600000000000000E+007  8.957326482187397E-001  4.188968478173329E-001  5.977589055868457E-001  2.557028514139982E-001
  1.620000000000000E+007  8.957049375557776E-001  4.187969193118134E-001  5.979134558116899E-001  2.557032107635928E-001
  1.640000000000000E+007  8.956777939427238E-001  4.186991974821872E-001  5.980669805160932E-001  2.557035678178596E-001
  1.660000000000000E+007  8.956511997742013E-001  4.186036227797862E-001  5.982194959272004E-001  2.557039226185490E-001
  1.680000000000000E+007  8.956251381603141E-001  4.185101380282550E-001  5.983710178508365E-001  2.557042752061608E-001
  1.700000000000000E+007  8.955995928911840E-001  4.184186882711237E-001  5.985215616864893E-001  2.557046256199986E-001
  1.720000000000000E+007  8.955745484035602E-001  4.183292206326091E-001  5.986711424416268E-001  2.557049738982164E-001
  1.740000000000000E+007  8.955499897493484E-001  4.182416841903479E-001  5.988197747453867E-001  2.557053200778665E-001
  1.760000000000000E+007  8.955259025659418E-001  4.181560298588791E-001  5.989674728616401E-001  2.557056641949430E-001
  1.780000000000000E+007  8.955022730482356E-001  4.180722102828354E-001  5.991142507015236E-001  2.557060062844235E-001
  1.800000000000000E+007  8.954790879222063E-001  4.179901797388996E-001  5.992601218354103E-001  2.557063463803088E-001
  1.820000000000000E+007  8.954563344199623E-001  4.179098940456899E-001  5.994050995043823E-001  2.557066845156609E-001
  1.840000000000000E+007  8.954340002561747E-001  4.178313104808162E-001  5.995491966312116E-001  2.557070207226388E-001
  1.860000000000000E+007  8.954120736057929E-001  4.177543877044358E-001  5.996924258308780E-001  2.557073550325321E-001
  1.880000000000000E+007  8.953905430829691E-001  4.176790856886967E-001  5.998347994206651E-001  2.557076874757941E-001
  1.900000000000000E+007  8.953693977211207E-001  4.176053656525263E-001  5.999763294298061E-001  2.557080180820732E-001
  1.920000000000000E+007  8.953486269540493E-001  4.175331900012720E-001  6.001170276087872E-001  2.557083468802405E-001
  1.940000000000000E+007  8.953282205980611E-001  4.174625222707543E-001  6.002569054382323E-001  2.557086738984204E-001
  1.960000000000000E+007  8.953081688350252E-001  4.173933270753324E-001  6.003959741374311E-001  2.557089991640152E-001
  1.980000000000000E+007  8.952884621963141E-001  4.173255700596242E-001  6.005342446725441E-001  2.557093227037323E-001
  2.000000000000000E+007  8.952690915475702E-001  4.172592178535595E-001  6.006717277644917E-001  2.557096445436078E-001
