! time                    mass_defect             defect_inventory        sink_inventory          leak_inventory          edge_inventory          
  0.000000000000000E+000  0.000000000000000E+000  0.000000000000000E+000  0.000000000000000E+000  0.000000000000000E+000  0.000000000000000E+000
  1.000000000000000E-009 -7.200856406107430E-021 -6.173943239117873E-017  3.335623702629742E-018  0.000000000000000E+000  5.839660783214287E-017
  2.000000000000000E-009 -1.440171121728602E-020 -1.852109233869884E-016  1.000686928500407E-017  0.000000000000000E+000  1.751896523907671E-016
  4.000000000000000E-009 -7.200742207903407E-020 -6.791239604034128E-016  3.669183338521360E-017  0.000000000000000E+000  6.423601195961201E-016
  6.000000000000001E-009 -1.296132113704427E-019 -1.419962465128597E-015  7.671925583797616E-017  0.000000000000000E+000  1.343113596079251E-015
  8.000000000000000E-009 -1.872190156564207E-019 -2.407725054123444E-015  1.300891220604707E-016  0.000000000000000E+000  2.277448713047317E-015
  1.000000000000000E-008 -2.448247836577554E-019 -3.642410343978576E-015  1.968014174699627E-016  0.000000000000000E+000  3.445364101724956E-015
  1.500000000000000E-008 -1.144863646278169E-018 -8.273124859792695E-015  4.469721105377138E-016  0.000000000000000E+000  7.825007885608703E-015
  2.000000000000000E-008 -2.044902945293674E-018 -1.444706302917913E-014  7.805325303010357E-016  0.000000000000000E+000  1.366448559593280E-014
  3.000000000000000E-008 -9.244537198160222E-018 -3.297306064426113E-014  1.781210453549777E-015  0.000000000000000E+000  3.118260565351319E-014
  4.000000000000000E-008 -1.644417942246148E-017 -5.767160710114308E-014  3.115443637841391E-015  0.000000000000000E+000  5.453971928387923E-014
  6.000000000000001E-008 -1.644417903630461E-017 -1.317431131148752E-013  7.118116471772434E-015  0.000000000000000E+000  1.246085524640664E-013
  8.000000000000000E-008 -1.644417944280147E-017 -2.305020487708224E-013  1.245498119135148E-014  0.000000000000000E+000  2.180306234000282E-013
  1.000000000000000E-007 -1.644417857073783E-017 -3.539470314990968E-013  1.912602321774547E-014  0.000000000000000E+000  3.348045641027806E-013
  1.500000000000000E-007 -1.644415997704648E-017 -8.168256867464201E-013  4.414200869090485E-014  0.000000000000000E+000  7.726672338955382E-013
  2.000000000000000E-007 -1.644413849862333E-017 -1.433948951519209E-012  7.749614684465404E-014  0.000000000000000E+000  1.356436360536056E-012
  3.000000000000000E-007 -1.644347305645824E-017 -3.285001316784820E-012  1.775552126028643E-013  0.000000000000000E+000  3.107429660708900E-012
  4.000000000000000E-007 -1.644280508993824E-017 -5.752687026075312E-012  3.109632470807853E-013  0.000000000000000E+000  5.441707336189436E-012
  6.000000000000000E-007 -1.642156630278731E-017 -1.315321361076028E-011  7.111606337070605E-013  0.000000000000000E+000  1.244203655548692E-011
  8.000000000000000E-007 -1.640033561215130E-017 -2.301751893688248E-011  1.244724789423161E-012  0.000000000000000E+000  2.177277774712370E-011
  1.000000000000000E-006 -1.637911177322032E-017 -3.534422830251863E-011  1.911641174265276E-012  0.000000000000000E+000  3.343257074914158E-011
  1.500000000000000E-006 -1.432859963899342E-017 -8.152961304235186E-011  4.412156716999168E-012  0.000000000000000E+000  7.711744199675306E-011
  2.000000000000000E-006 -1.227995034135538E-017 -1.430622666978096E-010  7.745670323349936E-012  0.000000000000000E+000  1.353165840945094E-010
  3.000000000000000E-006  5.209841443793235E-017 -3.273469055621337E-010  1.774288297136508E-011  0.000000000000000E+000  3.096040746891830E-010
  4.000000000000000E-006  1.163606344513694E-016 -5.726823152102221E-010  3.106847951675465E-011  0.000000000000000E+000  5.416139520541019E-010
  6.000000000000000E-006  2.100264876309268E-015 -1.306222122903770E-009  7.101887936822190E-011  0.000000000000000E+000  1.235205343800425E-009
  8.000000000000000E-006  4.077147834075720E-015 -2.281316999793397E-009  1.242542394868569E-010  0.000000000000000E+000  2.157066837454374E-009
  9.999999999999999E-006  6.047105986064867E-015 -3.496667358890403E-009  1.907603947118211E-010  0.000000000000000E+000  3.305913011284568E-009
  1.500000000000000E-005  5.965874769966510E-015 -8.016946853319704E-009  4.397500007367842E-010  0.000000000000000E+000  7.577202818457691E-009
  2.000000000000000E-005  5.885181220025541E-015 -1.400001115343812E-008  7.712485588601708E-010  0.000000000000000E+000  1.322876847975917E-008
  3.000000000000000E-005 -2.002355162512493E-015 -3.167303438844989E-008  1.762604344009112E-009  0.000000000000000E+000  2.991042804208562E-008
  4.000000000000000E-005 -9.791652245274584E-015 -5.491671641734287E-008  3.080684071283563E-009  0.000000000000000E+000  5.183602255440706E-008
  5.999999999999999E-005 -9.791652682025947E-015 -1.227080777842541E-007  7.011268903830721E-009  0.000000000000000E+000  1.156967990887707E-007
  7.999999999999999E-005 -9.791653621703123E-015 -2.109214296997781E-007  1.222435442650660E-008  0.000000000000000E+000  1.986970654816179E-007
  9.999999999999999E-005 -9.791653065837751E-015 -3.187589183479676E-007  1.870850799924950E-008  0.000000000000000E+000  3.000504005570650E-007
  1.500000000000000E-004 -9.791654283447613E-015 -7.009710346674829E-007  4.269979370201503E-008  0.000000000000000E+000  6.582712311738136E-007
  2.000000000000000E-004 -9.791656189271744E-015 -1.187596201031728E-006  7.432118659237704E-008  0.000000000000000E+000  1.113275004647695E-006
  3.000000000000000E-004 -9.791659789161770E-015 -2.531081396767898E-006  1.670207481563043E-007  0.000000000000000E+000  2.364060638819934E-006
  4.000000000000000E-004 -9.791688164765503E-015 -4.209179576228944E-006  2.882196176754113E-007  0.000000000000000E+000  3.920959948761845E-006
  5.999999999999999E-004 -9.791885523442213E-015 -8.716885409563898E-006  6.380558998446027E-007  0.000000000000000E+000  8.078829499927410E-006
  7.999999999999999E-004 -9.791831313333589E-015 -1.424426032856435E-005  1.089541591316956E-006  0.000000000000000E+000  1.315471872745556E-005
  1.000000000000000E-003 -9.791683929600767E-015 -2.069271704821626E-005  1.637459621050635E-006  0.000000000000000E+000  1.905525741737394E-005
  1.500000000000000E-003 -9.786821960483527E-015 -4.160204215959487E-005  3.542438111568778E-006  0.000000000000000E+000  3.805960403823926E-005
  2.000000000000000E-003 -9.793008689130273E-015 -6.661795089019451E-005  5.924938602652502E-006  0.000000000000000E+000  6.069301227774900E-005
  2.500000000000000E-003 -9.797582667045446E-015 -9.522037111569018E-005  8.734846808858059E-006  0.000000000000000E+000  8.648552429703454E-005
  3.000000000000000E-003 -9.792893492649446E-015 -1.269899752675724E-004  1.192815809673840E-005  0.000000000000000E+000  1.150618171610411E-004
  3.500000000000000E-003 -9.789478255806117E-015 -1.615762168649137E-004  1.546599280922087E-005  0.000000000000000E+000  1.461102240459034E-004
  4.000000000000000E-003 -9.791917710694209E-015 -1.986791762075501E-004  1.931386597453232E-005  0.000000000000000E+000  1.793653102232259E-004
  5.000000000000000E-003 -9.788177213199134E-015 -2.810914855972437E-004  2.802841160499848E-005  0.000000000000000E+000  2.530630739824570E-004
  6.000000000000000E-003 -9.785195657224799E-015 -3.702389920175080E-004  3.758334337028591E-005  0.000000000000000E+000  3.326556486374369E-004
  7.000000000000000E-003 -9.783352513531574E-015 -4.649451209446667E-004  4.783435347587733E-005  0.000000000000000E+000  4.171107674590061E-004
  8.000000000000000E-003 -9.781672000164221E-015 -5.642619758152218E-004  5.866434922415477E-005  0.000000000000000E+000  5.055976265812854E-004
  1.000000000000000E-002 -9.772889962567088E-015 -7.761497881991098E-004  8.199495858453327E-005  0.000000000000000E+000  6.941548296048036E-004
  1.200000000000000E-002 -9.773215223218834E-015 -9.976965851342262E-004  1.065471612701152E-004  0.000000000000000E+000  8.911494238543377E-004
  1.400000000000000E-002 -9.773215223218834E-015 -1.226380894957536E-003  1.320051034652697E-004  0.000000000000000E+000  1.094375791482493E-003
  1.600000000000000E-002 -9.772131021046349E-015 -1.460411864668758E-003  1.581439535947481E-004  0.000000000000000E+000  1.302267911064238E-003
  1.800000000000000E-002 -9.770179457135875E-015 -1.698500721809287E-003  1.848016187693435E-004  0.000000000000000E+000  1.513699103030173E-003
  2.000000000000000E-002 -9.768227893225401E-015 -1.939707263641966E-003  2.118596596237871E-004  0.000000000000000E+000  1.727847604008411E-003
  2.500000000000000E-002 -9.768661574094395E-015 -2.554229147338579E-003  2.809993478905335E-004  0.000000000000000E+000  2.273229799438276E-003
  3.000000000000001E-002 -9.769962616701378E-015 -3.175718481154989E-003  3.510592407785585E-004  0.000000000000000E+000  2.824659240366660E-003
  3.500000000000000E-002 -9.771697340177354E-015 -3.801481689043099E-003  4.216977356905627E-004  0.000000000000000E+000  3.379783953342765E-003
  4.000000000000000E-002 -9.771697340177354E-015 -4.429858610285014E-003  4.927039238352587E-004  0.000000000000000E+000  3.937154686439983E-003
  5.000000000000000E-002 -9.771697340177354E-015 -5.690768083943356E-003  6.353850783145634E-004  0.000000000000000E+000  5.055383005619021E-003
  6.000000000000000E-002 -9.775166787129308E-015 -6.952698913280670E-003  7.783351339351875E-004  0.000000000000000E+000  6.174363779335707E-003
  7.000000000000001E-002 -9.774299425391320E-015 -8.214035082902043E-003  9.213474034076419E-004  0.000000000000000E+000  7.292687679484627E-003
  8.000000000000000E-002 -9.771697340177354E-015 -9.473921132367750E-003  1.064312067381554E-003  0.000000000000000E+000  8.409609064976424E-003
  1.000000000000000E-001 -9.773432063653331E-015 -1.198534832903321E-002  1.349720099646293E-003  0.000000000000000E+000  1.063562822937715E-002
  1.200000000000000E-001 -9.783840404509192E-015 -1.448747494004832E-002  1.634478078535439E-003  0.000000000000000E+000  1.285299686150310E-002
  1.400000000000000E-001 -9.799452915792983E-015 -1.697995286812930E-002  1.918534260550120E-003  0.000000000000000E+000  1.506141860756939E-002
  1.600000000000000E-001 -9.818534874028728E-015 -1.946267457485156E-002  2.201867174004739E-003  0.000000000000000E+000  1.726080740083700E-002
  1.800000000000000E-001 -9.832412661836543E-015 -2.193563146650254E-002  2.484467648183498E-003  0.000000000000000E+000  1.945116381830921E-002
  2.000000000000000E-001 -9.856698790500218E-015 -2.439885762521013E-002  2.766331728811213E-003  0.000000000000000E+000  2.163252589638906E-002
  2.500000000000000E-001 -9.867107131356079E-015 -3.049704036044252E-002  3.466376516961316E-003  0.000000000000000E+000  2.703066384347133E-002
  3.000000000000000E-001 -9.880984919163893E-015 -3.653644581519003E-002  4.161816136073490E-003  0.000000000000000E+000  3.237462967910665E-002
  3.500000000000000E-001 -9.894862706971708E-015 -4.251822228220118E-002  4.852670059793947E-003  0.000000000000000E+000  3.766555222239734E-002
  4.000000000000000E-001 -9.901801600875615E-015 -4.844352136793001E-002  5.538963186172122E-003  0.000000000000000E+000  4.290455818174799E-002
  4.500000000000000E-001 -9.901801600875615E-015 -5.431347989647713E-002  6.220724119157790E-003  0.000000000000000E+000  4.809275577730943E-002
  4.999999999999999E-001 -9.929557176491244E-015 -6.012921033761678E-002  6.897984146010952E-003  0.000000000000000E+000  5.323122619159591E-002
  6.000000000000000E-001 -9.936496070395151E-015 -7.155192212620545E-002  8.234745897306483E-003  0.000000000000000E+000  6.331717622888904E-002
  7.000000000000000E-001 -9.964251646010780E-015 -8.277377664798397E-002  9.554041188441496E-003  0.000000000000000E+000  7.321973545953250E-002
  7.999999999999999E-001 -9.978129433818594E-015 -9.380216591486795E-002  1.085617110307094E-002  0.000000000000000E+000  8.294599481178704E-002
  8.999999999999999E-001 -1.000588500943422E-014 -1.046439991857488E-001  1.214144008382838E-002  0.000000000000000E+000  9.250255910191038E-002
  9.999999999999999E-001 -1.007527394847330E-014 -1.153057348339433E-001  1.341015260206988E-002  0.000000000000000E+000  1.018955822318633E-001
  1.100000000000000E+000 -1.000588500943422E-014 -1.257934139101412E-001  1.466261083606541E-002  0.000000000000000E+000  1.111308030740658E-001
  1.200000000000000E+000 -1.003364058504985E-014 -1.361126929400435E-001  1.589911302671564E-002  0.000000000000000E+000  1.202135799133178E-001
  1.400000000000000E+000 -1.010302952408892E-014 -1.561163171029669E-001  1.831041385454546E-002  0.000000000000000E+000  1.378059032484113E-001
  1.600000000000000E+000 -1.013078509970455E-014 -1.755207960017827E-001  2.066222848918730E-002  0.000000000000000E+000  1.548585675125853E-001
  1.800000000000000E+000 -1.021405182655144E-014 -1.943581454857762E-001  2.295666630501464E-002  0.000000000000000E+000  1.714014791807513E-001
  2.000000000000000E+000 -1.032507412901396E-014 -2.126571348978078E-001  2.519572595345730E-002  0.000000000000000E+000  1.874614089443402E-001
  2.200000000000000E+000 -1.021405182655144E-014 -2.304437511691786E-001  2.738129937105077E-002  0.000000000000000E+000  2.030624517981176E-001
  2.400000000000000E+000 -1.026956297778270E-014 -2.477415856846885E-001  2.951517733267860E-002  0.000000000000000E+000  2.182264083519996E-001
  2.600000000000000E+000 -1.040834085586084E-014 -2.645721566472885E-001  3.159905561873299E-002  0.000000000000000E+000  2.329731010285451E-001
  2.800000000000000E+000 -1.038058528024521E-014 -2.809551784330248E-001  3.363454130506519E-002  0.000000000000000E+000  2.473206371279492E-001
  3.000000000000000E+000 -1.049160758270773E-014 -2.969087875343356E-001  3.562315889933582E-002  0.000000000000000E+000  2.612856286349893E-001
  3.200000000000001E+000 -1.043609643147647E-014 -3.124497329757165E-001  3.756635617599253E-002  0.000000000000000E+000  2.748833767997135E-001
  3.400000000000001E+000 -1.043609643147647E-014 -3.275935376185224E-001  3.946550963943865E-002  0.000000000000000E+000  2.881280279790733E-001
  3.600000000000001E+000 -1.054711873393899E-014 -3.423546355493411E-001  4.132192959070483E-002  0.000000000000000E+000  3.010327059586257E-001
  3.800000000000001E+000 -1.071365218763276E-014 -3.567464897455896E-001  4.313686479925490E-002  0.000000000000000E+000  3.136096249463241E-001
  4.000000000000001E+000 -1.060262988517024E-014 -3.707816934019579E-001  4.491150679601346E-002  0.000000000000000E+000  3.258701866059339E-001
  4.500000000000001E+000 -1.071365218763276E-014 -4.038027540649617E-001  4.911197802198276E-002  0.000000000000000E+000  3.546907760429683E-001
  5.000000000000001E+000 -1.076916333886402E-014 -4.349076483404070E-001  5.309171746357021E-002  0.000000000000000E+000  3.818159308768260E-001
  5.500000000000001E+000 -1.076916333886402E-014 -4.642293108893160E-001  5.686467278148067E-002  0.000000000000000E+000  4.073646381078245E-001
  6.000000000000001E+000 -1.082467449009528E-014 -4.918859907474018E-001  6.044353450099575E-002  0.000000000000000E+000  4.314424562463952E-001
  6.500000000000001E+000 -1.104671909502031E-014 -5.179837705038679E-001  6.383990626464268E-002  0.000000000000000E+000  4.541438642392142E-001
  7.000000000000001E+000 -1.099120794378905E-014 -5.426185406711365E-001  6.706444500186801E-002  0.000000000000000E+000  4.755540956692574E-001
  7.500000000000001E+000 -1.110223024625157E-014 -5.658775615505716E-001  7.012697703270325E-002  0.000000000000000E+000  4.957505845178572E-001
  8.000000000000000E+000 -1.110223024625157E-014 -5.878407099418285E-001  7.303659489535838E-002  0.000000000000000E+000  5.148041150464590E-001
  8.500000000000000E+000 -1.110223024625157E-014 -6.085814828357664E-001  7.580173864726017E-002  0.000000000000000E+000  5.327797441884952E-001
  9.000000000000000E+000 -1.121325254871408E-014 -6.281678122360278E-001  7.843026459071585E-002  0.000000000000000E+000  5.497375476453007E-001
  9.500000000000000E+000 -1.121325254871408E-014 -6.466627321843436E-001  8.092950375909012E-002  0.000000000000000E+000  5.657332284252422E-001
  1.000000000000000E+001 -1.132427485117660E-014 -6.641249294219290E-001  8.330631202189641E-002  0.000000000000000E+000  5.808186174000213E-001
  1.100000000000000E+001 -1.154631945610163E-014 -6.953213037864932E-001  8.761742185405495E-002  0.000000000000000E+000  6.077038819324266E-001
  1.200000000000000E+001 -1.154631945610163E-014 -7.231582697149632E-001  9.152952748823993E-002  0.000000000000000E+000  6.316287422267117E-001
  1.300000000000000E+001 -1.154631945610163E-014 -7.479631613507263E-001  9.508132818579920E-002  0.000000000000000E+000  6.528818331649155E-001
  1.400000000000000E+001 -1.187938636348917E-014 -7.700279165110036E-001  9.830737725691080E-002  0.000000000000000E+000  6.717205392540809E-001
  1.500000000000000E+001 -1.165734175856414E-014 -7.896138116007287E-001  1.012386223189358E-001  0.000000000000000E+000  6.883751892817813E-001
  1.600000000000000E+001 -1.154631945610163E-014 -8.069553156570265E-001  1.039028511935595E-001  0.000000000000000E+000  7.030524644634554E-001
  1.700000000000000E+001 -1.176836406102666E-014 -8.222632888798419E-001  1.063250653660244E-001  0.000000000000000E+000  7.159382235138058E-001
  1.800000000000000E+001 -1.187938636348917E-014 -8.357276811939853E-001  1.085277967866514E-001  0.000000000000000E+000  7.271998844073221E-001
  1.900000000000000E+001 -1.187938636348917E-014 -8.475198399615412E-001  1.105313795396512E-001  0.000000000000000E+000  7.369884604218782E-001
  2.000000000000000E+001 -1.187938636348917E-014 -8.577945050467031E-001  1.123541849486042E-001  0.000000000000000E+000  7.454403200980869E-001
  2.200000000000000E+001 -1.221245327087672E-014 -8.732849803919508E-001  1.153967669565183E-001  0.000000000000000E+000  7.578882134354203E-001
  2.400000000000000E+001 -1.210143096841421E-014 -8.845661327718531E-001  1.179373782062677E-001  0.000000000000000E+000  7.666287545655733E-001
  2.600000000000000E+001 -1.221245327087672E-014 -8.923411190904279E-001  1.200597010718414E-001  0.000000000000000E+000  7.722814180185743E-001
  2.800000000000000E+001 -1.232347557333924E-014 -8.971928675557787E-001  1.218331382464879E-001  0.000000000000000E+000  7.753597293092784E-001
  3.000000000000000E+001 -1.298960938811433E-014 -8.996052549109909E-001  1.233153178046544E-001  0.000000000000000E+000  7.762899371063235E-001
  3.200000000000000E+001 -1.298960938811433E-014 -8.999803382009125E-001  1.245541324279100E-001  0.000000000000000E+000  7.754262057729895E-001
  3.400000000000000E+001 -1.276756478318930E-014 -8.986524493698204E-001  1.255894094043317E-001  0.000000000000000E+000  7.730630399654759E-001
  3.600000000000000E+001 -1.310063169057685E-014 -8.958997724629052E-001  1.264542844621286E-001  0.000000000000000E+000  7.694454880007635E-001
  3.800000000000000E+001 -1.376676550535194E-014 -8.919538851896012E-001  1.271763358222785E-001  0.000000000000000E+000  7.647775493673089E-001
  4.000000000000000E+001 -1.365574320288943E-014 -8.870076438859349E-001  1.277785227157686E-001  0.000000000000000E+000  7.592291211701526E-001
  4.500000000000000E+001 -1.487698852997710E-014 -8.703835721400476E-001  1.287718853225736E-001  0.000000000000000E+000  7.416116868174591E-001
  5.000000000000000E+001 -1.443289932012704E-014 -8.508492826771211E-001  1.294132653180670E-001  0.000000000000000E+000  7.214360173590397E-001
  5.500000000000000E+001 -1.421085471520200E-014 -8.293072971610609E-001  1.298096775479657E-001  0.000000000000000E+000  6.994976196130810E-001
  6.000000000000000E+001 -1.509903313490213E-014 -8.063634059391853E-001  1.300328265547261E-001  0.000000000000000E+000  6.763305793844442E-001
  6.500000000000000E+001 -1.476596622751458E-014 -7.824258259875433E-001  1.301309403289916E-001  0.000000000000000E+000  6.522948856585370E-001
  7.000000000000000E+001 -1.609823385706477E-014 -7.577711744902095E-001  1.301366361455393E-001  0.000000000000000E+000  6.276345383446541E-001
  7.500000000000000E+001 -1.620925615952729E-014 -7.325883359092827E-001  1.300721447267408E-001  0.000000000000000E+000  6.025161911825258E-001
  8.000000000000000E+001 -1.565414464721471E-014 -7.070076062550891E-001  1.299527764335023E-001  0.000000000000000E+000  5.770548298215711E-001
  8.500000000000000E+001 -1.609823385706477E-014 -6.811200425598097E-001  1.297892190143107E-001  0.000000000000000E+000  5.513308235454829E-001
  9.000000000000000E+001 -1.676436767183986E-014 -6.549903056565105E-001  1.295890600068680E-001  0.000000000000000E+000  5.254012456496258E-001
  9.500000000000000E+001 -1.582067810090848E-014 -6.286651873236210E-001  1.293577955178187E-001  0.000000000000000E+000  4.993073918057864E-001
  1.000000000000000E+002 -1.620925615952729E-014 -6.021792791020982E-001  1.290994992903874E-001  0.000000000000000E+000  4.730797798116946E-001
  1.100000000000000E+002 -1.731947918415244E-014 -5.487250091721436E-001  1.284936784664620E-001  0.000000000000000E+000  4.202313307056643E-001
  1.200000000000000E+002 -1.770805724277125E-014 -4.949112171964306E-001  1.278135158002805E-001  0.000000000000000E+000  3.670977013961323E-001
  1.300000000000000E+002 -1.637578961322106E-014 -4.408220108017994E-001  1.270694421122628E-001  0.000000000000000E+000  3.137525686895203E-001
  1.400000000000000E+002 -1.676436767183986E-014 -3.865182837910959E-001  1.262692286879038E-001  0.000000000000000E+000  2.602490551031753E-001
  1.500000000000000E+002 -1.593170040337100E-014 -3.320461544285284E-001  1.254189548138600E-001  0.000000000000000E+000  2.066271996146524E-001
  1.600000000000000E+002 -1.601496713021788E-014 -2.774417618200067E-001  1.245235528158320E-001  0.000000000000000E+000  1.529182090041587E-001
  1.700000000000000E+002 -1.630640067418199E-014 -2.227341491259938E-001  1.235871325726542E-001  0.000000000000000E+000  9.914701655332331E-002
  1.800000000000000E+002 -1.628558399247027E-014 -1.679471002474565E-001  1.226131866424644E-001  0.000000000000000E+000  4.533391360497584E-002
  1.900000000000000E+002 -1.594731291465479E-014 -1.131003754257043E-001  1.216047276383374E-001  0.000000000000000E+000 -8.504352212648962E-003
  2.000000000000000E+002 -1.649375080958748E-014 -5.821058221886124E-002  1.205643850011436E-001  0.000000000000000E+000 -6.235380278229881E-002
  2.100000000000000E+002 -1.737499033538370E-014 -3.291812752125933E-003  1.194944760214069E-001  0.000000000000000E+000 -1.162026632692983E-001
  2.200000000000000E+002 -1.715294573045867E-014  5.164387658423838E-002  1.183970596414688E-001  0.000000000000000E+000 -1.700409362257243E-001
  2.400000000000000E+002 -1.898481372109018E-014  1.615313566462545E-001  1.161022691107543E-001  0.000000000000000E+000 -2.776336257570278E-001
  2.600000000000000E+002 -1.981748098955904E-014  2.713545226527796E-001  1.137216088405058E-001  0.000000000000000E+000 -3.850761314933052E-001
  2.800000000000000E+002 -2.098321516541546E-014  3.810636722606910E-001  1.112651743410253E-001  0.000000000000000E+000 -4.923288466017373E-001
  3.000000000000000E+002 -2.242650509742816E-014  4.906226746669117E-001  1.087411164031754E-001  0.000000000000000E+000 -5.993637910701095E-001
  3.200000000000000E+002 -2.275957200481571E-014  6.000032356862615E-001  1.061563534236604E-001  0.000000000000000E+000 -7.061595891099447E-001
  3.400000000000000E+002 -2.386979502944087E-014  7.091825046366631E-001  1.035168838170283E-001  0.000000000000000E+000 -8.126993884537153E-001
  3.600000000000000E+002 -2.031708135064036E-014  8.181417829317152E-001  1.008279652405376E-001  0.000000000000000E+000 -9.189697481722732E-001
  3.800000000000000E+002 -2.065014825802791E-014  9.268656766571616E-001  9.809423899793801E-002  0.000000000000000E+000 -1.024959915655120E+000
  4.000000000000000E+002 -2.398081733190338E-014  1.035341478362543E+000  9.531982509975651E-002  0.000000000000000E+000 -1.130661303462323E+000
  4.200000000000000E+002 -2.553512956637860E-014  1.143558692973741E+000  9.250839809820582E-002  0.000000000000000E+000 -1.236067091071972E+000
  4.400000000000000E+002 -1.798561299892754E-014  1.251508664911761E+000  8.966324888591597E-002  0.000000000000000E+000 -1.341171913797695E+000
  4.600000000000000E+002 -2.042810365310288E-014  1.359184280152944E+000  8.678733572315257E-002  0.000000000000000E+000 -1.445971615876117E+000
  4.800000000000000E+002 -2.020605904817785E-014  1.466579725297355E+000  8.388332679272961E-002  0.000000000000000E+000 -1.550463052090105E+000
  5.000000000000000E+002 -2.287059430727822E-014  1.573690290738974E+000  8.095363598956005E-002  0.000000000000000E+000 -1.654643926728556E+000
  5.200000000000000E+002 -1.953992523340276E-014  1.680512208398714E+000  7.800045324550955E-002  0.000000000000000E+000 -1.758512661644243E+000
  5.400000000000000E+002 -1.554312234475219E-014  1.787042516852216E+000  7.502577039657729E-002  0.000000000000000E+000 -1.862068287248809E+000
  5.600000000000000E+002 -1.931788062847772E-014  1.893278948395915E+000  7.203140338165850E-002  0.000000000000000E+000 -1.965310351777593E+000
  5.800000000000000E+002 -1.776356839400250E-014  1.999219833849809E+000  6.901901139810770E-002  0.000000000000000E+000 -2.068238845247935E+000
  6.000000000000000E+002 -2.220446049250313E-014  2.104864021826788E+000  6.599011351420865E-002  0.000000000000000E+000 -2.170854135341018E+000
  6.500000000000000E+002 -2.620126338115369E-014  2.367136274389802E+000  5.832840462246757E-002  0.000000000000000E+000 -2.425464679012296E+000
  7.000000000000000E+002 -3.064215547965432E-014  2.627528186819571E+000  5.059996973952101E-002  0.000000000000000E+000 -2.678128156559123E+000
  7.500000000000000E+002 -2.575717417130363E-014  2.886056970255658E+000  4.281851949280623E-002  0.000000000000000E+000 -2.928875489748489E+000
  8.000000000000000E+002 -3.197442310920451E-014  3.142748674378264E+000  3.499506157265524E-002  0.000000000000000E+000 -3.177743735950951E+000
  8.500000000000000E+002 -3.330669073875470E-014  3.397632423831469E+000  2.713884734800248E-002  0.000000000000000E+000 -3.424771271179505E+000
  9.000000000000000E+002 -3.952393967665557E-014  3.650739241813657E+000  1.925771503267365E-002  0.000000000000000E+000 -3.669996956846370E+000
  9.500000000000000E+002 -3.463895836830488E-014  3.902101405575264E+000  1.135833057909847E-002  0.000000000000000E+000 -3.913459736154397E+000
  1.000000000000000E+003 -4.263256414560601E-014  4.151751947457146E+000  3.446381689718814E-003  0.000000000000000E+000 -4.155198329146908E+000
  1.050000000000000E+003 -4.263256414560601E-014  4.399724259503294E+000 -4.473263595165979E-003  0.000000000000000E+000 -4.395250995908171E+000
  1.100000000000000E+003 -5.506706202140776E-014  4.646051784743330E+000 -1.239642692045462E-002  0.000000000000000E+000 -4.633655357822930E+000
  1.150000000000000E+003 -5.240252676230739E-014  4.890767779525485E+000 -2.031951275063608E-002  0.000000000000000E+000 -4.870448266774901E+000
  1.200000000000000E+003 -5.684341886080801E-014  5.133905132883722E+000 -2.823942014866527E-002  0.000000000000000E+000 -5.105665712735114E+000
  1.250000000000000E+003 -6.217248937900877E-014  5.375496231162925E+000 -3.615346962004352E-002  0.000000000000000E+000 -5.339342761542944E+000
  1.300000000000000E+003 -6.661338147750939E-014  5.615572858337421E+000 -4.405934217097622E-002  0.000000000000000E+000 -5.571513516166512E+000
  1.350000000000000E+003 -7.727152251391090E-014  5.854166124379551E+000 -5.195502831074703E-002  0.000000000000000E+000 -5.802211096068882E+000
  1.400000000000000E+003 -7.638334409421077E-014  6.091306415616151E+000 -5.983878518717742E-002  0.000000000000000E+000 -6.031467630429050E+000
  1.450000000000000E+003 -6.394884621840902E-014  6.327023362280175E+000 -6.770910040492897E-002  0.000000000000000E+000 -6.259314261875311E+000
  1.500000000000000E+003 -6.483702463810914E-014  6.561345819472288E+000 -7.556466136037611E-002  0.000000000000000E+000 -6.485781158111977E+000
  1.550000000000000E+003 -7.016609515630989E-014  6.794301858542456E+000 -8.340432915095858E-002  0.000000000000000E+000 -6.710897529391567E+000
  1.600000000000000E+003 -7.815970093361102E-014  7.025918766528447E+000 -9.122711629441352E-002  0.000000000000000E+000 -6.934691650234112E+000
  1.650000000000000E+003 -8.526512829121202E-014  7.256223051782097E+000 -9.903216763451991E-002  0.000000000000000E+000 -7.157190884147663E+000
  1.700000000000000E+003 -8.348877145181177E-014  7.485240454303923E+000 -1.068187439228059E-001  0.000000000000000E+000 -7.378421710381201E+000
  1.800000000000000E+003 -6.661338147750939E-014  7.938296770929663E+000 -1.223147814162611E-001  0.000000000000000E+000 -7.815981989513468E+000
  1.900000000000000E+003 -7.638334409421077E-014  8.386539112185842E+000 -1.377273781661584E-001  0.000000000000000E+000 -8.248811734019760E+000
  2.000000000000000E+003 -9.947598300641403E-014  8.830147651788446E+000 -1.530544086155612E-001  0.000000000000000E+000 -8.677093243172983E+000
  2.100000000000000E+003 -9.592326932761353E-014  9.269291705621731E+000 -1.682944779212606E-001  0.000000000000000E+000 -9.100997227700566E+000
  2.200000000000000E+003 -1.012523398458143E-013  9.704129979811098E+000 -1.834466999711402E-001  0.000000000000000E+000 -9.520683279840059E+000
  2.300000000000000E+003 -1.154631945610163E-013  1.013481154546825E+001 -1.985106048190103E-001  0.000000000000000E+000 -9.936300940649355E+000
  2.400000000000000E+003 -9.592326932761353E-014  1.056147667089000E+001 -2.134860610773107E-001  0.000000000000000E+000 -1.034799060981279E+001
  2.500000000000000E+003 -1.083577672034153E-013  1.098425754338185E+001 -2.283732109500886E-001  0.000000000000000E+000 -1.075588433243187E+001
  2.600000000000000E+003 -9.769962616701378E-014  1.140327890971228E+001 -2.431724167545180E-001  0.000000000000000E+000 -1.116010649295785E+001
  2.700000000000000E+003 -8.881784197001252E-014  1.181865865072307E+001 -2.578842171705290E-001  0.000000000000000E+000 -1.156077443355263E+001
  2.800000000000000E+003 -1.012523398458143E-013  1.223050829990040E+001 -2.725092915015511E-001  0.000000000000000E+000 -1.195799900839895E+001
  2.900000000000000E+003 -9.059419880941277E-014  1.263893351307466E+001 -2.870484304671673E-001  0.000000000000000E+000 -1.235188508260758E+001
  3.000000000000000E+003 -7.815970093361102E-014  1.304403449496436E+001 -3.015025123063944E-001  0.000000000000000E+000 -1.274253198265805E+001
  3.100000000000000E+003 -9.237055564881302E-014  1.344590638733976E+001 -3.158724831995759E-001  0.000000000000000E+000 -1.313003390414027E+001
  3.200000000000000E+003 -9.059419880941277E-014  1.384463962290184E+001 -3.301593412078283E-001  0.000000000000000E+000 -1.351448028169410E+001
  3.300000000000000E+003 -6.927791673660977E-014  1.424032024843853E+001 -3.443641230840695E-001  0.000000000000000E+000 -1.389595612535453E+001
  3.400000000000000E+003 -7.993605777301127E-014  1.463303022038481E+001 -3.584878934342924E-001  0.000000000000000E+000 -1.427454232695059E+001
  3.500000000000000E+003 -9.237055564881302E-014  1.502284767554620E+001 -3.725317358074347E-001  0.000000000000000E+000 -1.465031593973885E+001
  3.600000000000000E+003 -1.012523398458143E-013  1.540984717943018E+001 -3.864967453719831E-001  0.000000000000000E+000 -1.502335043405829E+001
  3.700000000000000E+003 -9.237055564881302E-014  1.579409995435797E+001 -4.003840229012681E-001  0.000000000000000E+000 -1.539371593145680E+001
  3.800000000000000E+003 -8.881784197001252E-014  1.617567408929037E+001 -4.141946698406713E-001  0.000000000000000E+000 -1.576147941944979E+001
  3.900000000000000E+003 -9.237055564881302E-014  1.655463473309348E+001 -4.279297842711801E-001  0.000000000000000E+000 -1.612670494882239E+001
  4.000000000000000E+003 -8.881784197001252E-014  1.693104427278531E+001 -4.415904576170093E-001  0.000000000000000E+000 -1.648945381516839E+001
  4.100000000000000E+003 -7.105427357601002E-014  1.730496249814292E+001 -4.551777719719508E-001  0.000000000000000E+000 -1.684978472617104E+001
  4.200000000000000E+003 -7.815970093361102E-014  1.767644675390573E+001 -4.686927979409623E-001  0.000000000000000E+000 -1.720775395596484E+001
  4.300000000000000E+003 -6.039613253960852E-014  1.804555208068420E+001 -4.821365929113934E-001  0.000000000000000E+000 -1.756341548777287E+001
  4.400000000000000E+003 -8.881784197001252E-014  1.841233134556961E+001 -4.955101996827577E-001  0.000000000000000E+000 -1.791682114588694E+001
  4.500000000000000E+003 -4.618527782440651E-014  1.877683536334170E+001 -5.088146453959578E-001  0.000000000000000E+000 -1.826802071794579E+001
  4.600000000000000E+003 -4.973799150320701E-014  1.913911300908071E+001 -5.220509407126869E-001  0.000000000000000E+000 -1.861706206836807E+001
  4.700000000000000E+003 -6.394884621840902E-014  1.949921132291245E+001 -5.352200792038131E-001  0.000000000000000E+000 -1.896399124370870E+001
  4.800000000000000E+003 -9.237055564881302E-014  1.985717560754340E+001 -5.483230369123067E-001  0.000000000000000E+000 -1.930885257063118E+001
  4.900000000000000E+003 -9.237055564881302E-014  2.021304951918038E+001 -5.613607720617820E-001  0.000000000000000E+000 -1.965168874711869E+001
  5.000000000000000E+003 -8.171241461241152E-014  2.056687515237287E+001 -5.743342248863929E-001  0.000000000000000E+000 -1.999254092748656E+001
  5.100000000000000E+003 -8.171241461241152E-014  2.091869311926581E+001 -5.872443175616308E-001  0.000000000000000E+000 -2.033144880170426E+001
  5.200000000000000E+003 -1.207922650792170E-013  2.126854262370548E+001 -6.000919542188587E-001  0.000000000000000E+000 -2.066845066948674E+001
  5.300000000000000E+003 -1.136868377216160E-013  2.161646153060081E+001 -6.128780210290273E-001  0.000000000000000E+000 -2.100358350957190E+001
  5.400000000000000E+003 -7.815970093361102E-014  2.196248643090571E+001 -6.256033863433629E-001  0.000000000000000E+000 -2.133688304456242E+001
  5.500000000000000E+003 -7.460698725481052E-014  2.230665270255620E+001 -6.382689008806630E-001  0.000000000000000E+000 -2.166838380167561E+001
  5.600000000000000E+003 -1.172395514004165E-013  2.264899456766591E+001 -6.508753979524734E-001  0.000000000000000E+000 -2.199811916971355E+001
  5.700000000000000E+003 -1.314504061156185E-013  2.298954514625757E+001 -6.634236937187378E-001  0.000000000000000E+000 -2.232612145253896E+001
  5.800000000000000E+003 -1.456612608308205E-013  2.332833650678388E+001 -6.759145874676914E-001  0.000000000000000E+000 -2.265242191931634E+001
  5.900000000000000E+003 -1.278976924368180E-013  2.366539971367029E+001 -6.883488619147081E-001  0.000000000000000E+000 -2.297705085175571E+001
  6.000000000000000E+003 -1.172395514004165E-013  2.400076487209157E+001 -7.007272835156467E-001  0.000000000000000E+000 -2.330003758857604E+001
  6.100000000000000E+003 -1.065814103640150E-013  2.433446117017769E+001 -7.130506027909259E-001  0.000000000000000E+000 -2.362141056738687E+001
  6.200000000000000E+003 -9.592326932761353E-014  2.466651691882769E+001 -7.253195546571498E-001  0.000000000000000E+000 -2.394119736417063E+001
  6.300000000000000E+003 -1.065814103640150E-013  2.499695958929583E+001 -7.375348587636307E-001  0.000000000000000E+000 -2.425942473053230E+001
  6.400000000000000E+003 -1.456612608308205E-013  2.532581584870150E+001 -7.496972198315478E-001  0.000000000000000E+000 -2.457611862887010E+001
  6.500000000000000E+003 -1.350031197944190E-013  2.565311159360224E+001 -7.618073279938664E-001  0.000000000000000E+000 -2.489130426560851E+001
  6.600000000000000E+003 -1.278976924368180E-013  2.597887198175772E+001 -7.738658591344497E-001  0.000000000000000E+000 -2.520500612262340E+001
  6.700000000000000E+003 -1.350031197944190E-013  2.630312146220380E+001 -7.858734752250660E-001  0.000000000000000E+000 -2.551724798697887E+001
  6.800000000000000E+003 -1.278976924368180E-013  2.662588380374563E+001 -7.978308246592052E-001  0.000000000000000E+000 -2.582805297908655E+001
  6.900000000000000E+003 -1.350031197944190E-013  2.694718212197096E+001 -8.097385425818011E-001  0.000000000000000E+000 -2.613744357938929E+001
  7.000000000000000E+003 -1.563194018672220E-013  2.726703890487730E+001 -8.215972512141896E-001  0.000000000000000E+000 -2.644544165366327E+001
  7.100000000000000E+003 -1.705302565824240E-013  2.758547603719941E+001 -8.334075601736686E-001  0.000000000000000E+000 -2.675206847702591E+001
  7.200000000000000E+003 -1.314504061156185E-013  2.790251482351748E+001 -8.451700667872160E-001  0.000000000000000E+000 -2.705734475673039E+001
  7.300000000000000E+003 -1.385558334732195E-013  2.821817601022050E+001 -8.568853563990129E-001  0.000000000000000E+000 -2.736129065382163E+001
  7.400000000000000E+003 -1.705302565824240E-013  2.853247980639402E+001 -8.685540026715003E-001  0.000000000000000E+000 -2.766392580372269E+001
  7.500000000000000E+003 -1.527666881884215E-013  2.884544590369630E+001 -8.801765678797340E-001  0.000000000000000E+000 -2.796526933581672E+001
  7.600000000000000E+003 -1.456612608308205E-013  2.915709349528277E+001 -8.917536031989651E-001  0.000000000000000E+000 -2.826533989208395E+001
  7.700000000000000E+003 -1.136868377216160E-013  2.946744129383455E+001 -9.032856489852851E-001  0.000000000000000E+000 -2.856415564484938E+001
  7.800000000000000E+003 -8.526512829121202E-014  2.977650754874260E+001 -9.147732350493518E-001  0.000000000000000E+000 -2.886173431369333E+001
  7.900000000000000E+003 -1.030286966852145E-013  3.008431006249575E+001 -9.262168809231699E-001  0.000000000000000E+000 -2.915809318157268E+001
  8.000000000000000E+003 -9.592326932761353E-014  3.039086620631787E+001 -9.376170961199383E-001  0.000000000000000E+000 -2.945324911019803E+001
  8.100000000000000E+003 -9.592326932761353E-014  3.069619293509609E+001 -9.489743803870653E-001  0.000000000000000E+000 -2.974721855470913E+001
  8.200000000000000E+003 -1.350031197944190E-013  3.100030680163926E+001 -9.602892239523640E-001  0.000000000000000E+000 -3.004001757768703E+001
  8.300000000000000E+003 -1.278976924368180E-013  3.130322397030371E+001 -9.715621077635861E-001  0.000000000000000E+000 -3.033166186254025E+001
  8.400000000000000E+003 -1.278976924368180E-013  3.160496023002001E+001 -9.827935037213374E-001  0.000000000000000E+000 -3.062216672629880E+001
  8.500000000000000E+003 -1.172395514004165E-013  3.190553100675379E+001 -9.939838749055561E-001  0.000000000000000E+000 -3.091154713184835E+001
  8.600000000000000E+003 -1.243449787580175E-013  3.220495137542979E+001 -1.005133675795634E+000  0.000000000000000E+000 -3.119981769963428E+001
  8.700000000000000E+003 -7.460698725481052E-014  3.250323607134826E+001 -1.016243352484342E+000  0.000000000000000E+000 -3.148699271886399E+001
  8.800000000000000E+003 -1.101341240428155E-013  3.280039950111946E+001 -1.027313342885693E+000  0.000000000000000E+000 -3.177308615823387E+001
  8.900000000000000E+003 -8.526512829121202E-014  3.309645575314169E+001 -1.038344076936899E+000  0.000000000000000E+000 -3.205811167620487E+001
  9.000000000000000E+003 -8.526512829121202E-014  3.339141860764579E+001 -1.049335976794540E+000  0.000000000000000E+000 -3.234208263085134E+001
  9.100000000000000E+003 -3.552713678800501E-014  3.368530154632828E+001 -1.060289457025139E+000  0.000000000000000E+000 -3.262501208930317E+001
  9.200000000000000E+003 -1.207922650792170E-013  3.397811776159372E+001 -1.071204924790249E+000  0.000000000000000E+000 -3.290691283680358E+001
  9.300000000000000E+003 -8.526512829121202E-014  3.426988016542597E+001 -1.082082780026221E+000  0.000000000000000E+000 -3.318779738539984E+001
  9.400000000000000E+003 -7.815970093361102E-014  3.456060139790578E+001 -1.092923415618822E+000  0.000000000000000E+000 -3.346767798228704E+001
  9.500000000000000E+003 -4.263256414560601E-014  3.485029383539314E+001 -1.103727217572810E+000  0.000000000000000E+000 -3.374656661782037E+001
  9.600000000000000E+003 -7.815970093361102E-014  3.513896959838949E+001 -1.114494565176636E+000  0.000000000000000E+000 -3.402447503321293E+001
  9.700000000000000E+003 -3.552713678800501E-014  3.542664055909616E+001 -1.125225831162419E+000  0.000000000000000E+000 -3.430141472793378E+001
  9.800000000000000E+003 -2.131628207280301E-014  3.571331834868227E+001 -1.135921381861326E+000  0.000000000000000E+000 -3.457739696682097E+001
  9.900000000000000E+003 -2.131628207280301E-014  3.599901436427690E+001 -1.146581577354490E+000  0.000000000000000E+000 -3.485243278692243E+001
  1.000000000000000E+004 -2.842170943040401E-014  3.628373977569761E+001 -1.157206771619614E+000  0.000000000000000E+000 -3.512653300407803E+001
