! time                    loop_density            loop_size               
  0.000000000000000E+000  0.000000000000000E+000  0.000000000000000E+000
  1.000000000000000E-001  6.774589996980885E-026  0.000000000000000E+000
  2.000000000000000E-001  3.883588928289570E-024  2.005061255796782E+000
  3.000000000000000E-001  6.272867237036751E-023  2.005307358967073E+000
  4.000000000000000E-001  3.301601308494261E-022  2.005456917473169E+000
  4.999999999999999E-001  1.158115804395329E-021  2.005586686373833E+000
  6.000000000000000E-001  4.094614542555565E-021  2.005794758612417E+000
  7.000000000000000E-001  1.075236859838620E-020  2.005947625273660E+000
  7.999999999999999E-001  2.397983479717308E-020  2.006078798695917E+000
  8.999999999999999E-001  4.800267846232226E-020  2.006197891159732E+000
  9.999999999999999E-001  8.883575558530195E-020  2.006308986861443E+000
  1.100000000000000E+000  1.547643385298525E-019  2.006414223111556E+000
  1.200000000000000E+000  2.568993385762816E-019  2.006514874746960E+000
  1.400000000000000E+000  7.647147678390804E-019  2.006825744757815E+000
  1.600000000000000E+000  1.833326900392232E-018  2.007065936153829E+000
  1.800000000000000E+000  3.854828996483251E-018  2.007273248535073E+000
  2.000000000000000E+000  7.399234165547154E-018  2.007460897347984E+000
  2.200000000000000E+000  1.326494351191131E-017  2.007635086860807E+000
  2.400000000000000E+000  2.253694704482186E-017  2.007799271537924E+000
  2.600000000000000E+000  3.665303909466494E-017  2.007955601478300E+000
  2.800000000000000E+000  5.747826794113674E-017  2.008105523803417E+000
  3.000000000000000E+000  8.738777690050180E-017  2.008250070275101E+000
  3.200000000000001E+000  1.293581319634513E-016  2.008390009576738E+000
  3.400000000000001E+000  1.870671698633961E-016  2.008525934459164E+000
  3.600000000000001E+000  2.650023407586131E-016  2.008658314774891E+000
  3.800000000000001E+000  3.685774620355505E-016  2.008787531405028E+000
  4.000000000000001E+000  5.042577445252858E-016  2.008913898879072E+000
  4.500000000000001E+000  1.204348379214063E-015  2.009402174481847E+000
  5.000000000000001E+000  2.498265737676043E-015  2.009803299524932E+000
  5.500000000000001E+000  4.710519284052347E-015  2.010156859481847E+000
  6.000000000000001E+000  8.276343795970753E-015  2.010479971833410E+000
  6.500000000000001E+000  1.376165480040532E-014  2.010781623180293E+000
  7.000000000000001E+000  2.188346205889867E-014  2.011067150309697E+000
  7.500000000000001E+000  3.353040520732026E-014  2.011340003188997E+000
  8.000000000000000E+000  4.978309329282611E-014  2.011602553917174E+000
  8.500000000000000E+000  7.193395513992450E-014  2.011856511363341E+000
  9.000000000000000E+000  1.015063382318887E-013  2.012103152231944E+000
  9.500000000000000E+000  1.402726282278499E-013  2.012343458532614E+000
  1.000000000000000E+001  1.902711976603315E-013  2.012578203778391E+000
  1.100000000000000E+001  3.569475414885454E-013  2.013190700800938E+000
  1.200000000000000E+001  6.170429877823030E-013  2.013736273450561E+000
  1.300000000000000E+001  1.002798461172656E-012  2.014238012355435E+000
  1.400000000000000E+001  1.552102448506477E-012  2.014708440567113E+000
  1.500000000000000E+001  2.308543368810996E-012  2.015155121370196E+000
  1.600000000000000E+001  3.321380111660715E-012  2.015582984081767E+000
  1.700000000000000E+001  4.645444214064692E-012  2.015995428437608E+000
  1.800000000000000E+001  6.340987084168885E-012  2.016394903888626E+000
  1.900000000000000E+001  8.473484891156159E-012  2.016783237567052E+000
  2.000000000000000E+001  1.111341249714135E-011  2.017161831510391E+000
  2.200000000000000E+001  1.908882906649756E-011  2.018099420960870E+000
  2.400000000000000E+001  3.047274218927386E-011  2.018940585329967E+000
  2.600000000000000E+001  4.603235899295148E-011  2.019716831746827E+000
  2.800000000000000E+001  6.658112762807643E-011  2.020445645354417E+000
  3.000000000000000E+001  9.297164983126677E-011  2.021137750647835E+000
  3.200000000000000E+001  1.260894756399476E-010  2.021800217490093E+000
  3.400000000000000E+001  1.668476765920668E-010  2.022437967757134E+000
  3.600000000000000E+001  2.161820815546529E-010  2.023054577724311E+000
  3.800000000000000E+001  2.750470657630877E-010  2.023652737342334E+000
  4.000000000000000E+001  3.444117987923437E-010  2.024234528626951E+000
  4.500000000000000E+001  5.996743685149880E-010  2.026072981912639E+000
  5.000000000000000E+001  9.523795612029920E-010  2.027655487099004E+000
  5.500000000000000E+001  1.417966478573537E-009  2.029078695972623E+000
  6.000000000000000E+001  2.011596196580940E-009  2.030390404538919E+000
  6.500000000000000E+001  2.748048856801766E-009  2.031617850877565E+000
  7.000000000000000E+001  3.641642561658158E-009  2.032778154638932E+000
  7.500000000000000E+001  4.706172907108305E-009  2.033882878871735E+000
  8.000000000000000E+001  5.954871129709694E-009  2.034940276669700E+000
  8.500000000000000E+001  7.400378288346434E-009  2.035956500857937E+000
  9.000000000000000E+001  9.054732719693842E-009  2.036936302079293E+000
  9.500000000000000E+001  1.092936811626284E-008  2.037883454700537E+000
  1.000000000000000E+002  1.303511985930743E-008  2.038801028879567E+000
  1.100000000000000E+002  1.825466337106359E-008  2.040824437267057E+000
  1.200000000000000E+002  2.455225527686992E-008  2.042670567611363E+000
  1.300000000000000E+002  3.199009290973564E-008  2.044381666763267E+000
  1.400000000000000E+002  4.062338444943453E-008  2.045984714572899E+000
  1.500000000000000E+002  5.050116004020969E-008  2.047498129950517E+000
  1.600000000000000E+002  6.166704567147524E-008  2.048935145446443E+000
  1.700000000000000E+002  7.415998549930473E-008  2.050305656870475E+000
  1.800000000000000E+002  8.801490565401544E-008  2.051617307825370E+000
  1.900000000000000E+002  1.032633170696174E-007  2.052876161325826E+000
  2.000000000000000E+002  1.199338575990232E-007  2.054087134889149E+000
  2.100000000000000E+002  1.380527753330480E-007  2.055254293247009E+000
  2.200000000000000E+002  1.576443560316165E-007  2.056381051679846E+000
  2.400000000000000E+002  2.029417660706075E-007  2.058752405290787E+000
  2.600000000000000E+002  2.545175083260989E-007  2.060924447891536E+000
  2.800000000000000E+002  3.125274563291550E-007  2.062933743669329E+000
  3.000000000000000E+002  3.771240073085454E-007  2.064805978655617E+000
  3.200000000000000E+002  4.484589236436744E-007  2.066560150533449E+000
  3.400000000000000E+002  5.266848772892417E-007  2.068210908766999E+000
  3.600000000000000E+002  6.119560838962407E-007  2.069769942741545E+000
  3.800000000000000E+002  7.044282971962004E-007  2.071246845612385E+000
  4.000000000000000E+002  8.042583641092252E-007  2.072649673323485E+000
  4.200000000000000E+002  9.116034929923421E-007  2.073985318441703E+000
  4.400000000000000E+002  1.026620351314657E-006  2.075259767389239E+000
  4.600000000000000E+002  1.149464080593349E-006  2.076478282063555E+000
  4.800000000000000E+002  1.280287293685911E-006  2.077645531210925E+000
  5.000000000000000E+002  1.419239101382529E-006  2.078765687712520E+000
  5.200000000000000E+002  1.566464200873839E-006  2.079842502325603E+000
  5.400000000000000E+002  1.722102047430539E-006  2.080879360894103E+000
  5.600000000000000E+002  1.886286121967040E-006  2.081879329770380E+000
  5.800000000000000E+002  2.059143300594968E-006  2.082845192695678E+000
  6.000000000000000E+002  2.240793327398236E-006  2.083779481387489E+000
  6.500000000000000E+002  2.752267994313234E-006  2.086211042254574E+000
  7.000000000000000E+002  3.322371759408811E-006  2.088438168167514E+000
  7.500000000000000E+002  3.952012392393098E-006  2.090500697434432E+000
  8.000000000000000E+002  4.641774091062998E-006  2.092427959787941E+000
  8.500000000000000E+002  5.391945239480554E-006  2.094242065377713E+000
  9.000000000000000E+002  6.202546447765645E-006  2.095960000538130E+000
  9.500000000000000E+002  7.073359699765685E-006  2.097595026713036E+000
  1.000000000000000E+003  8.003957437107262E-006  2.099157645779722E+000
  1.050000000000000E+003  8.993730599585721E-006  2.100656283312125E+000
  1.100000000000000E+003  1.004191498723055E-005  2.102097781983386E+000
  1.150000000000000E+003  1.114761558171892E-005  2.103487763682721E+000
  1.200000000000000E+003  1.230982865934605E-005  2.104830898880220E+000
  1.250000000000000E+003  1.352746166163633E-005  2.106131109314161E+000
  1.300000000000000E+003  1.479935087857147E-005  2.107391722052860E+000
  1.350000000000000E+003  1.612427705560777E-005  2.108615587664177E+000
  1.400000000000000E+003  1.750097906848177E-005  2.109805171613679E+000
  1.450000000000000E+003  1.892816582623985E-005  2.110962625510100E+000
  1.500000000000000E+003  2.040452656812146E-005  2.112089843054412E+000
  1.550000000000000E+003  2.192873971763733E-005  2.113188504290278E+000
  1.600000000000000E+003  2.349948045011942E-005  2.114260110844232E+000
  1.650000000000000E+003  2.511542712010184E-005  2.115306014179940E+000
  1.700000000000000E+003  2.677526668346904E-005  2.116327438401824E+000
  1.800000000000000E+003  3.026216039403562E-005  2.118397332555406E+000
  1.900000000000000E+003  3.390616981599220E-005  2.120362600642714E+000
  2.000000000000000E+003  3.769747199875450E-005  2.122233738961325E+000
  2.100000000000000E+003  4.162671817691025E-005  2.124019506803972E+000
  2.200000000000000E+003  4.568505282334227E-005  2.125727327850153E+000
  2.300000000000000E+003  4.986411401947790E-005  2.127363576094783E+000
  2.400000000000000E+003  5.415602512284207E-005  2.128933785673266E+000
  2.500000000000000E+003  5.855338050591717E-005  2.130442808001908E+000
  2.600000000000000E+003  6.304922733992977E-005  2.131894931630435E+000
  2.700000000000000E+003  6.763704491198569E-005  2.133293975190032E+000
  2.800000000000000E+003  7.231072257786080E-005  2.134643360580367E+000
  2.900000000000000E+003  7.706453715362688E-005  2.135946171401568E+000
  3.000000000000000E+003  8.189313032191481E-005  2.137205200199939E+000
  3.100000000000000E+003  8.679148645748386E-005  2.138422987112561E+000
  3.200000000000000E+003  9.175491114881448E-005  2.139601851811475E+000
  3.300000000000000E+003  9.677901059733924E-005  2.140743920164411E+000
  3.400000000000000E+003  1.018596720056962E-004  2.141851146682286E+000
  3.500000000000000E+003  1.069930450149448E-004  2.142925333571617E+000
  3.600000000000000E+003  1.121755242133915E-004  2.143968147024533E+000
  3.700000000000000E+003  1.174037327130221E-004  2.144981131240844E+000
  3.800000000000000E+003  1.226745067708644E-004  2.145965720572533E+000
  3.900000000000000E+003  1.279848814198946E-004  2.146923250101776E+000
  4.000000000000000E+003  1.333320770658182E-004  2.147854964902588E+000
  4.100000000000000E+003  1.387134870010598E-004  2.148762028188857E+000
  4.200000000000000E+003  1.441266657846894E-004  2.149645528514461E+000
  4.300000000000000E+003  1.495693184361609E-004  2.150506486161761E+000
  4.400000000000000E+003  1.550392903911174E-004  2.151345858831514E+000
  4.500000000000000E+003  1.605345581687766E-004  2.152164546728395E+000
  4.600000000000000E+003  1.660532207022472E-004  2.152963397121247E+000
  4.700000000000000E+003  1.715934912853555E-004  2.153743208444771E+000
  4.800000000000000E+003  1.771536900920023E-004  2.154504733999292E+000
  4.900000000000000E+003  1.827322372266346E-004  2.155248685296874E+000
  5.000000000000000E+003  1.883276462670031E-004  2.155975735095175E+000
  5.100000000000000E+003  1.939385182629339E-004  2.156686520154625E+000
  5.200000000000000E+003  1.995635361573363E-004  2.157381643749718E+000
  5.300000000000000E+003  2.052014595980573E-004  2.158061677961107E+000
  5.400000000000000E+003  2.108511201114692E-004  2.158727165771767E+000
  5.500000000000000E+003  2.165114166108332E-004  2.159378622987551E+000
  5.600000000000000E+003  2.221813112144974E-004  2.160016539999956E+000
  5.700000000000000E+003  2.278598253508835E-004  2.160641383406801E+000
  5.800000000000000E+003  2.335460361289761E-004  2.161253597504629E+000
  5.900000000000000E+003  2.392390729546659E-004  2.161853605665108E+000
  6.000000000000000E+003  2.449381143748198E-004  2.162441811606265E+000
  6.100000000000000E+003  2.506423851323492E-004  2.163018600568252E+000
  6.200000000000000E+003  2.563511534168514E-004  2.163584340402229E+000
  6.300000000000000E+003  2.620637282965926E-004  2.164139382580086E+000
  6.400000000000000E+003  2.677794573187041E-004  2.164684063131913E+000
  6.500000000000000E+003  2.734977242654847E-004  2.165218703517383E+000
  6.600000000000000E+003  2.792179470556295E-004  2.165743611436648E+000
  6.700000000000000E+003  2.849395757800753E-004  2.166259081585753E+000
  6.800000000000000E+003  2.906620908629380E-004  2.166765396361107E+000
  6.900000000000000E+003  2.963850013387500E-004  2.167262826517105E+000
  7.000000000000000E+003  3.021078432378727E-004  2.167751631780620E+000
  7.100000000000000E+003  3.078301780725784E-004  2.168232061425734E+000
  7.200000000000000E+003  3.135515914168578E-004  2.168704354811777E+000
  7.300000000000000E+003  3.192716915735375E-004  2.169168741887441E+000
  7.400000000000000E+003  3.249901083227641E-004  2.169625443663534E+000
  7.500000000000000E+003  3.307064917463573E-004  2.170074672656689E+000
  7.600000000000000E+003  3.364205111229410E-004  2.170516633306130E+000
  7.700000000000000E+003  3.421318538891304E-004  2.170951522365457E+000
  7.800000000000000E+003  3.478402246624058E-004  2.171379529271213E+000
  7.900000000000000E+003  3.535453443216125E-004  2.171800836489876E+000
  8.000000000000000E+003  3.592469491413255E-004  2.172215619844755E+000
  8.100000000000000E+003  3.649447899765832E-004  2.172624048824194E+000
  8.200000000000000E+003  3.706386314947471E-004  2.173026286872320E+000
  8.300000000000000E+003  3.763282514514694E-004  2.173422491663537E+000
  8.400000000000000E+003  3.820134400079673E-004  2.173812815361811E+000
  8.500000000000000E+003  3.876939990869954E-004  2.174197404865763E+000
  8.600000000000000E+003  3.933697417650907E-004  2.174576402040483E+000
  8.700000000000000E+003  3.990404916988298E-004  2.174949943936917E+000
  8.800000000000000E+003  4.047060825829967E-004  2.175318162999598E+000
  8.900000000000000E+003  4.103663576386958E-004  2.175681187263488E+000
  9.000000000000000E+003  4.160211691295884E-004  2.176039140540567E+000
  9.100000000000000E+003  4.216703779045408E-004  2.176392142596819E+000
  9.200000000000000E+003  4.273138529650976E-004  2.176740309320208E+000
  9.300000000000000E+003  4.329514710562906E-004  2.177083752880153E+000
  9.400000000000000E+003  4.385831162793991E-004  2.177422581879047E+000
  9.500000000000000E+003  4.442086797253606E-004  2.177756901496260E+000
  9.600000000000000E+003  4.498280591276228E-004  2.178086813625085E+000
  9.700000000000000E+003  4.554411585333013E-004  2.178412417003019E+000
  9.800000000000000E+003  4.610478879915807E-004  2.178733807335771E+000
  9.900000000000000E+003  4.666481632583676E-004  2.179051077415358E+000
  1.000000000000000E+004  4.722419055162628E-004  2.179364317232602E+000
