! time                    int_density             frank_density           perfect_density         vac_density             faulted_density         void_density            
  0.000000000000000E+000  0.000000000000000E+000  0.000000000000000E+000  0.000000000000000E+000  2.140585232712487E-007  0.000000000000000E+000  0.000000000000000E+000
  9.999999999999998E-002  4.190325702400300E-006  6.795467493040711E-004  5.880214704683130E-006  3.326521895830697E-002  3.747791180440558E-004  1.872180895252654E-011
  1.999999999999999E-001  2.995267506446679E-006  1.337327546191844E-003  3.862645652069902E-006  5.319796083014187E-002  6.955422863122953E-004  3.048583233241722E-011
  2.999999999999999E-001  2.419622056097600E-006  1.971131319276181E-003  3.003140719382494E-006  6.892035012600069E-002  9.929571357121226E-004  3.993480818827079E-011
  3.999999999999999E-001  2.078652237151936E-006  2.575438091828325E-003  2.520978639418816E-006  8.185831929335789E-002  1.274525931672943E-003  4.776958618075936E-011
  4.999999999999999E-001  1.849196053144798E-006  3.152932065165395E-003  2.206181281133569E-006  9.306465474135611E-002  1.546913362196485E-003  5.457209457316171E-011
  6.000000000000000E-001  1.684830811858069E-006  3.703038512944879E-003  1.984441855801327E-006  1.028577754892127E-001  1.812570057823055E-003  6.051329247399213E-011
  7.000000000000001E-001  1.562001986052393E-006  4.225719154328995E-003  1.820073856830556E-006  1.114433325131739E-001  2.073097742657667E-003  6.571037755426222E-011
  8.000000000000002E-001  1.467363816308582E-006  4.721407118991244E-003  1.693686769579968E-006  1.189691498616270E-001  2.329572377236300E-003  7.025250450908098E-011
  9.000000000000002E-001  1.392736529453429E-006  5.190943890686498E-003  1.593775101871159E-006  1.255512118069513E-001  2.582724598664034E-003  7.421270871537915E-011
  1.000000000000000E+000  1.334101443443591E-006  5.630058349480757E-003  1.514499686392007E-006  1.311157287106299E-001  2.832389559913806E-003  7.755108601413807E-011
  1.100000000000000E+000  1.286048928147257E-006  6.046582725557692E-003  1.448985227593560E-006  1.359615306252882E-001  3.079581958558378E-003  8.045423479771016E-011
  1.200000000000000E+000  1.246196743757748E-006  6.442082099513057E-003  1.394063119364456E-006  1.401582567785972E-001  3.324478838950531E-003  8.296660779849257E-011
  1.300000000000000E+000  1.212802752261059E-006  6.818193150863302E-003  1.347443054733302E-006  1.437704735938333E-001  3.567198295717256E-003  8.512937009787803E-011
  1.400000000000001E+000  1.184563956336925E-006  7.176567045230881E-003  1.307429840019814E-006  1.468581613754568E-001  3.807814672513521E-003  8.698052045896999E-011
  1.500000000000001E+000  1.160486971315098E-006  7.518823128801193E-003  1.272741871599477E-006  1.494769472287109E-001  4.046370649564514E-003  8.855497403314380E-011
  1.600000000000001E+000  1.139801942719660E-006  7.846513985030609E-003  1.242392764331278E-006  1.516782295542992E-001  4.282886722281823E-003  8.988464793320566E-011
  1.700000000000001E+000  1.121903721816616E-006  8.161101171466543E-003  1.215611758682871E-006  1.535092729854230E-001  4.517368547253271E-003  9.099856486923707E-011
  1.800000000000001E+000  1.106310709977931E-006  8.463940208491521E-003  1.191788754952209E-006  1.550133132898415E-001  4.749812569846961E-003  9.192297865373780E-011
  1.900000000000001E+000  1.092635477034935E-006  8.756273073093726E-003  1.170435456095030E-006  1.562296888242370E-001  4.980210279316576E-003  9.268151960019383E-011
  2.000000000000001E+000  1.080563410532711E-006  9.039226438731715E-003  1.151157324474213E-006  1.571940022968835E-001  5.208551374307104E-003  9.329535527130584E-011
  2.100000000000001E+000  1.069836951927269E-006  9.313814073842255E-003  1.133632966963566E-006  1.579383099275716E-001  5.434826067631925E-003  9.378336128095353E-011
  2.200000000000001E+000  1.060243785873060E-006  9.580942068114218E-003  1.117598728336736E-006  1.584913320913159E-001  5.659026714415911E-003  9.416229706848364E-011
  2.300000000000001E+000  1.051607868461397E-006  9.841415830779340E-003  1.102837004087101E-006  1.588786786216230E-001  5.881148911243058E-003  9.444698223293067E-011
  2.400000000000001E+000  1.043782521921118E-006  1.009594806048167E-002  1.089167253984801E-006  1.591230821612205E-001  6.101192184542336E-003  9.465046984091301E-011
  2.500000000000001E+000  1.036645052559232E-006  1.034516710398842E-002  1.076439006737522E-006  1.592446337040324E-001  6.319160362840070E-003  9.478421394404272E-011
  2.600000000000001E+000  1.030092505235511E-006  1.058962529634806E-002  1.064526353353347E-006  1.592610154384977E-001  6.535061708592547E-003  9.485822928225741E-011
  2.700000000000002E+000  1.024038276055772E-006  1.082980701052166E-002  1.053323568247508E-006  1.591877269966140E-001  6.748908870153655E-003  9.488124177965412E-011
  2.800000000000002E+000  1.018409380936567E-006  1.106613624567641E-002  1.042741595221934E-006  1.590383021425228E-001  6.960718702261756E-003  9.486082895640324E-011
  3.000000000000002E+000  1.008368583178654E-006  1.152597392790070E-002  1.023344584561959E-006  1.585199820620230E-001  7.376324475082727E-003  9.469459187027334E-011
  3.200000000000002E+000  9.993067023500206E-007  1.197502474876878E-002  1.005569020795321E-006  1.578430733160347E-001  7.784168076445850E-003  9.443545082380510E-011
  3.400000000000002E+000  9.909915170330787E-007  1.241487666540122E-002  9.891141100904696E-007  1.570538554358876E-001  8.184532965257054E-003  9.410873193031554E-011
  3.600000000000002E+000  9.832523939963600E-007  1.284677290323956E-002  9.737538673696705E-007  1.561870962089400E-001  8.577722703512061E-003  9.373348008835061E-011
  3.800000000000002E+000  9.759639088990317E-007  1.327169174276676E-002  9.593167743110332E-007  1.552686197814561E-001  8.964051674356023E-003  9.332387588850392E-011
  4.000000000000003E+000  9.690337824095528E-007  1.369040872813979E-002  9.456711029097631E-007  1.543173970808276E-001  9.343837696072081E-003  9.289038862500961E-011
  4.200000000000003E+000  9.623939797463150E-007  1.410354468371315E-002  9.327143361190264E-007  1.533472141328762E-001  9.717396243853144E-003  9.244069218258089E-011
  4.400000000000003E+000  9.559941501187085E-007  1.451160244905773E-002  9.203655155539538E-007  1.523679801269781E-001  1.008503605868287E-002  9.198037851229670E-011
  4.600000000000003E+000  9.497968058628301E-007  1.491499477416212E-002  9.085596951393117E-007  1.513867368349991E-001  1.044705594185231E-002  9.151350425121078E-011
  4.800000000000003E+000  9.437737956561487E-007  1.531406537594960E-002  8.972439153369426E-007  1.504084264553185E-001  1.080374254202390E-002  9.104300343721162E-011
  5.000000000000004E+000  9.379037375416417E-007  1.570910476300901E-002  8.863742765344378E-007  1.494364681259834E-001  1.115536895221094E-002  9.057099510763682E-011
  5.200000000000004E+000  9.321701601761923E-007  1.610036209635383E-002  8.759138066641899E-007  1.484731856716374E-001  1.150219394946720E-002  9.009900992290828E-011
  5.400000000000004E+000  9.265601632987819E-007  1.648805407139931E-002  8.658309020767545E-007  1.475201215562998E-001  1.184446172957442E-002  8.962815543456043E-011
  5.600000000000004E+000  9.210634561826533E-007  1.687237157667554E-002  8.560981816824843E-007  1.465782650577040E-001  1.218240201058537E-002  8.915923554117368E-011
  5.800000000000004E+000  9.156716693125606E-007  1.725348470202245E-002  8.466916388147602E-007  1.456482166284475E-001  1.251623040080524E-002  8.869283618453843E-011
  6.000000000000004E+000  9.103778622432172E-007  1.763154652611932E-002  8.375900076293584E-007  1.447303053467864E-001  1.284614894723057E-002  8.822938645863697E-011
  6.200000000000005E+000  9.051761714789847E-007  1.800669600318156E-002  8.287742843507488E-007  1.438246722520837E-001  1.317234679872008E-002  8.776920199845390E-011
  6.400000000000005E+000  9.000615577952950E-007  1.837906018506979E-002  8.202273606620312E-007  1.429313291096193E-001  1.349500093382198E-002  8.731251571463298E-011
  6.600000000000005E+000  8.950296239225479E-007  1.874875595228893E-002  8.119337387532904E-007  1.420501996320616E-001  1.381427691615333E-002  8.685949956243026E-011
  6.800000000000005E+000  8.900764819116791E-007  1.911589138070186E-002  8.038793062872227E-007  1.411811482707340E-001  1.413032965066949E-002  8.641027999881157E-011
  7.000000000000005E+000  8.851986555707825E-007  1.948056683641182E-002  7.960511557690832E-007  1.403240002577616E-001  1.444330412235642E-002  8.596494901701531E-011
  7.500000000000005E+000  8.733515554406559E-007  2.037792791889884E-002  7.774653994478562E-007  1.382450900725929E-001  1.520834742272849E-002  8.487416776877790E-011
  8.000000000000005E+000  8.619144275891661E-007  2.126222493198958E-002  7.600499222011801E-007  1.362314119340190E-001  1.595769477245985E-002  8.380669401389681E-011
  8.500000000000005E+000  8.508492575764416E-007  2.213452731648661E-002  7.436712235116681E-007  1.342814443916598E-001  1.669280829785830E-002  8.276366227238309E-011
  9.000000000000005E+000  8.401265419569155E-007  2.299575722013315E-002  7.282188303587793E-007  1.323926399587464E-001  1.741495743855144E-002  8.174522659843608E-011
  9.500000000000005E+000  8.297220464177852E-007  2.384672097341389E-002  7.135996781235161E-007  1.305621462762550E-001  1.812525036817892E-002  8.075110035718071E-011
  1.000000000000001E+001  8.196151567750795E-007  2.468813080829021E-002  6.997343605653268E-007  1.287871036381444E-001  1.882465914721635E-002  7.978078683908161E-011
  1.050000000000001E+001  8.097879485411121E-007  2.552062063378355E-002  6.865544668344075E-007  1.270647635360118E-001  1.951404033274597E-002  7.883368537980308E-011
  1.100000000000001E+001  8.002246039099935E-007  2.634475806245462E-002  6.740005931942592E-007  1.253925311276864E-001  2.019415200770478E-002  7.790914427319960E-011
  1.150000000000001E+001  7.909110125270729E-007  2.716105391875154E-002  6.620208077165778E-007  1.237679755165293E-001  2.086566791258616E-002  7.700648951198651E-011
  1.200000000000001E+001  7.818344796936159E-007  2.796996994802334E-002  6.505694377275751E-007  1.221888266084416E-001  2.152918921597796E-002  7.612504166518891E-011
  1.250000000000001E+001  7.729835035060521E-007  2.877192517549955E-002  6.396060969387045E-007  1.206529666037534E-001  2.218525435714485E-002  7.526412637390996E-011
  1.300000000000001E+001  7.643475996102654E-007  2.956730121683316E-002  6.290948956067429E-007  1.191584196140902E-001  2.283434731166921E-002  7.442308108445345E-011
  1.350000000000001E+001  7.559171605983226E-007  3.035644675508665E-002  6.190037931640153E-007  1.177033409339099E-001  2.347690456398236E-002  7.360125938912700E-011
  1.400000000000001E+001  7.476833415004897E-007  3.113968134409461E-002  6.093040633046487E-007  1.162860066402578E-001  2.411332101595099E-002  7.279803376475770E-011
  1.450000000000001E+001  7.396379654020254E-007  3.191729866087878E-002  5.999698488082944E-007  1.149048038093866E-001  2.474395501659784E-002  7.201279720458845E-011
  1.500000000000001E+001  7.317734448447743E-007  3.268956930318120E-002  5.909777886255532E-007  1.135582214592858E-001  2.536913266270954E-002  7.124496407433973E-011
  1.550000000000001E+001  7.240827157735824E-007  3.345674320846707E-002  5.823067036161055E-007  1.122448422401840E-001  2.598915149186473E-002  7.049397042201113E-011
  1.600000000000001E+001  7.165591815629732E-007  3.421905175576986E-002  5.739373302348694E-007  1.109633348521204E-001  2.660428366688064E-002  6.975927390447883E-011
  1.650000000000001E+001  7.091966652227048E-007  3.497670960016538E-002  5.658520936728903E-007  1.097124471478227E-001  2.721477873265279E-002  6.904035344818755E-011
  1.700000000000001E+001  7.019893682983908E-007  3.572991628058180E-002  5.580349136619952E-007  1.084909998698635E-001  2.782086601190737E-002  6.833670872885039E-011
  1.750000000000001E+001  6.949318352974856E-007  3.647885763445993E-002  5.504710374748488E-007  1.072978809682732E-001  2.842275669475101E-002  6.764785953182690E-011
  1.800000000000001E+001  6.880189227103122E-007  3.722370704703064E-002  5.431468956882368E-007  1.061320404454302E-001  2.902064566750201E-002  6.697334503793741E-011
  1.900000000000001E+001  6.746330791099633E-007  3.869784125535305E-002  5.292000278489986E-007  1.038864011208826E-001  3.020175900601658E-002  6.566968889777350E-011
  2.000000000000001E+001  6.617703531430468E-007  4.015772449606152E-002  5.160701276487446E-007  1.017348055099150E-001  3.136934934354914E-002  6.441626119391193E-011
  2.100000000000001E+001  6.493953767321807E-007  4.160438767367922E-002  5.036791700872431E-007  9.967336341135317E-002  3.252442815427802E-002  6.321154870555264E-011
  2.200000000000001E+001  6.374789880621544E-007  4.303871973278193E-002  4.919611084654507E-007  9.769665102449034E-002  3.366789016401121E-002  6.205296810340396E-011
  2.300000000000001E+001  6.259950181310767E-007  4.446150837731618E-002  4.808584400972847E-007  9.579941935835155E-002  3.480052637612471E-002  6.093795456981453E-011
  2.400000000000001E+001  6.149195495646657E-007  4.587345835372515E-002  4.703205934526894E-007  9.397683030980586E-002  3.592303743763971E-002  5.986411249607444E-011
  2.500000000000001E+001  6.042305981952579E-007  4.727520349516892E-002  4.603028161373120E-007  9.222445098666179E-002  3.703604584842159E-002  5.882922068570946E-011
  2.600000000000001E+001  5.939078883913099E-007  4.866731613075891E-002  4.507653019561348E-007  9.053821448226146E-002  3.814010656343092E-002  5.783121817973608E-011
  2.700000000000001E+001  5.839326673601151E-007  5.005031485629749E-002  4.416724810490295E-007  8.891438068789742E-002  3.923571603462725E-002  5.686818945183106E-011
  2.800000000000001E+001  5.742875463067763E-007  5.142467107872595E-002  4.329924350222599E-007  8.734950166223000E-002  4.032331988392403E-002  5.593835119102768E-011
  2.900000000000001E+001  5.649563632472486E-007  5.279081458129082E-002  4.246964110333081E-007  8.584039151438397E-002  4.140331941624984E-002  5.504004062875933E-011
  3.000000000000001E+001  5.559240638488914E-007  5.414913828752015E-002  4.167584152116505E-007  8.438410018177409E-002  4.247607716144895E-002  5.417170517209133E-011
  3.100000000000001E+001  5.471765974102968E-007  5.550000236168064E-002  4.091548702301062E-007  8.297789051027882E-002  4.354192160540052E-002  5.333189314744668E-011
  3.200000000000001E+001  5.387008256260392E-007  5.684373775517979E-002  4.018643251347290E-007  8.161921813866474E-002  4.460115124363555E-002  5.251924550332902E-011
  3.300000000000001E+001  5.304844422056439E-007  5.818064928724460E-002  3.948672080423102E-007  8.030571377473861E-002  4.565403806734686E-002  5.173248835013461E-011
  3.400000000000001E+001  5.225159017557529E-007  5.951101833187231E-002  3.881456142337685E-007  7.903516752071019E-002  4.670083057225719E-002  5.097042623549806E-011
  3.600000000000001E+001  5.073089676425298E-007  6.214674046518803E-002  3.754943831718603E-007  7.662165863419572E-002  4.877189337281058E-002  4.951956974495939E-011
  3.800000000000001E+001  4.929669970068766E-007  6.475965021569481E-002  3.637594685468821E-007  7.435372138267540E-002  5.082175925221741E-002  4.815318752896691E-011
  4.000000000000001E+001  4.794190802135316E-007  6.735133943222944E-002  3.528421903062444E-007  7.222051312561782E-002  5.285163337107386E-002  4.686530416573951E-011
  4.200000000000001E+001  4.666029627392698E-007  6.992316476200530E-002  3.426585423186840E-007  7.021064620177207E-002  5.486258264856911E-002  4.564951652443315E-011
  4.400000000000001E+001  4.544627380226144E-007  7.247631295601549E-002  3.331358972559579E-007  6.831388304440002E-002  5.685554595861907E-002  4.450004875881875E-011
  4.600000000000001E+001  4.429479962620904E-007  7.501183160750624E-002  3.242110611645736E-007  6.652108219427037E-002  5.883135095387403E-002  4.341172105867477E-011
  4.800000000000001E+001  4.320131535153866E-007  7.753065133199388E-002  3.158287559211009E-007  6.482405821828183E-002  6.079073035066203E-002  4.237987370179949E-011
  5.000000000000001E+001  4.216168803271501E-007  8.003360334019841E-002  3.079403941765106E-007  6.321545845590339E-002  6.273433612134062E-002  4.140030215321578E-011
  5.200000000000001E+001  4.117216121263415E-007  8.252143373970283E-002  3.005030800139210E-007  6.168865866964513E-002  6.466275148559152E-002  4.046920245084447E-011
  5.400000000000001E+001  4.022931279010851E-007  8.499481532934626E-002  2.934787871245445E-007  6.023767438853320E-002  6.657650094398206E-002  3.958312464828579E-011
  5.600000000000001E+001  3.933001859106693E-007  8.745435741429750E-002  2.868336779995556E-007  5.885708516378033E-002  6.847605865651404E-002  3.873893277246688E-011
  5.800000000000001E+001  3.847142072369032E-007  8.990061403295858E-002  2.805375361311396E-007  5.754196952373699E-002  7.036185544753056E-002  3.793377017404345E-011
  6.000000000000001E+001  3.765089996796012E-007  9.233409089532596E-002  2.745632895180109E-007  5.628784885601050E-002  7.223428467769263E-002  3.716502940222574E-011
  6.200000000000001E+001  3.686605158699139E-007  9.475525126690611E-002  2.688866084964586E-007  5.509063878415827E-002  7.409370718259584E-002  3.643032590868138E-011
  6.400000000000000E+001  3.611466405663389E-007  9.716452098357269E-002  2.634855644978224E-007  5.394660687139374E-002  7.594045544140263E-002  3.572747501284963E-011
  6.600000000000000E+001  3.539470029688846E-007  9.956229274568655E-002  2.583403390716087E-007  5.285233569296700E-002  7.777483710863509E-002  3.505447165957429E-011
  6.800000000000000E+001  3.470428105848645E-007  1.019489298111352E-001  2.534329746274796E-007  5.180469048553452E-002  7.959713801757827E-002  3.440947257805003E-011
  7.000000000000000E+001  3.404167017428951E-007  1.043247691845132E-001  2.487471599956074E-007  5.080079071565119E-002  8.140762474375328E-002  3.379078051397692E-011
  7.500000000000000E+001  3.250123995472129E-007  1.101994623604332E-001  2.379502469254340E-007  4.847338508297978E-002  8.586526662536442E-002  3.235322859437894E-011
  8.000000000000000E+001  3.110168372637037E-007  1.160143509233031E-001  2.282394887452900E-007  4.636439449418885E-002  9.025652453543770E-002  3.104792005797966E-011
  8.500000000000000E+001  2.982492987525994E-007  1.217730253104009E-001  2.194570409286575E-007  4.444567728377155E-002  9.458379944690817E-002  2.985793202709036E-011
  9.000000000000000E+001  2.865578833799218E-007  1.274785499308429E-001  2.114742970377286E-007  4.269281317251183E-002  9.884940648305555E-002  2.876861120659022E-011
  9.500000000000000E+001  2.758141519217446E-007  1.331336020416529E-001  2.041853269961990E-007  4.108532179506205E-002  1.030555149515860E-001  2.776767151622444E-011
  1.000000000000000E+002  2.659088877072570E-007  1.387405503049111E-001  1.975021047339908E-007  3.960592017700439E-002  1.072041458788216E-001  2.684473269256410E-011
  1.050000000000000E+002  2.567487098403847E-007  1.443015110769958E-001  1.913508882888359E-007  3.823992929626244E-002  1.112971838586453E-001  2.599096459169973E-011
  1.100000000000000E+002  2.482533602599490E-007  1.498183910322016E-001  1.856694413082956E-007  3.697480683129954E-002  1.153363915112640E-001  2.519881011040036E-011
  1.150000000000000E+002  2.403535187345371E-007  1.552929203156942E-001  1.804048773056758E-007  3.579977612615807E-002  1.193234231508550E-001  2.446176572412891E-011
  1.200000000000000E+002  2.329890324961566E-007  1.607266788030516E-001  1.755119701528704E-007  3.470552917129523E-002  1.232598367814861E-001  2.377420575002051E-011
  1.250000000000000E+002  2.261074732550315E-007  1.661211172002164E-001  1.709518175030357E-007  3.368398705348714E-002  1.271471043533138E-001  2.313124041838419E-011
  1.300000000000000E+002  2.196629542433429E-007  1.714775742056884E-001  1.666907741686878E-007  3.272810540441407E-002  1.309866204616924E-001  2.252860040393225E-011
  1.350000000000000E+002  2.136151550394328E-007  1.767972906211536E-001  1.626995940100995E-007  3.183171535925156E-002  1.347797097273020E-001  2.196254225934885E-011
  1.400000000000000E+002  2.079285134037872E-007  1.820814210666518E-001  1.589527343462509E-007  3.098939274245550E-002  1.385276330839597E-001  2.142977049229016E-011
  1.450000000000000E+002  2.025715521240695E-007  1.873310437939198E-001  1.554277881239179E-007  3.019634984581688E-002  1.422315931694261E-001  2.092737298876709E-011
  1.500000000000000E+002  1.975163155979264E-007  1.925471689743521E-001  1.521050173174041E-007  2.944834540588011E-002  1.458927389805809E-001  2.045276720874108E-011
  1.550000000000000E+002  1.927378960821875E-007  1.977307457520393E-001  1.489669671382153E-007  2.874160933168289E-002  1.495121699237847E-001  2.000365512901523E-011
  1.600000000000000E+002  1.882140335777257E-007  2.028826682883733E-001  1.459981452048978E-007  2.807277945663120E-002  1.530909393656171E-001  1.957798532963128E-011
  1.650000000000000E+002  1.839247764774721E-007  2.080037809765354E-001  1.431847532755159E-007  2.743884814597206E-002  1.566300577683915E-001  1.917392094543992E-011
  1.700000000000000E+002  1.798521925874813E-007  2.130948829675036E-001  1.405144617746959E-007  2.683711702450116E-002  1.601304954782405E-001  1.878981245784176E-011
  1.750000000000000E+002  1.759801220928951E-007  2.181567321210174E-001  1.379762193659519E-007  2.626515842783705E-002  1.635931852204147E-001  1.842417450019383E-011
  1.800000000000000E+002  1.722939655993969E-007  2.231900484730595E-001  1.355600913816419E-007  2.572078244706127E-002  1.670190243460284E-001  1.807566600687526E-011
  1.900000000000000E+002  1.654479179756088E-007  2.331467103041457E-001  1.310769379271976E-007  2.470998341721145E-002  1.737326782900660E-001  1.742677875942987E-011
  2.000000000000000E+002  1.591973250733361E-007  2.429986541736802E-001  1.269817907897393E-007  2.378731644358593E-002  1.803128888989758E-001  1.683299615941015E-011
  2.100000000000000E+002  1.534669819774693E-007  2.527504175187893E-001  1.232244322894405E-007  2.294162649459364E-002  1.867647480953370E-001  1.628734642324592E-011
  2.200000000000000E+002  1.481937177904767E-007  2.624061628693637E-001  1.197629843129026E-007  2.216349445021439E-002  1.930933350214168E-001  1.578398514038958E-011
  2.300000000000000E+002  1.433241511223102E-007  2.719697317913959E-001  1.165622585752707E-007  2.144497890975797E-002  1.993035534397617E-001  1.531799607048877E-011
  2.400000000000000E+002  1.388128858351042E-007  2.814446840596999E-001  1.135924764747812E-007  2.077933833055888E-002  2.054000808707858E-001  1.488520675820256E-011
  2.500000000000000E+002  1.346210827207111E-007  2.908343296435318E-001  1.108282687947940E-007  2.016081326313683E-002  2.113873565440490E-001  1.448205065093154E-011
  2.600000000000000E+002  1.307153232603100E-007  3.001417555070823E-001  1.082478881754254E-007  1.958445418258521E-002  2.172695844251479E-001  1.410546004945332E-011
  2.700000000000000E+002  1.270666996891698E-007  3.093698483707731E-001  1.058325840218382E-007  1.904598417844762E-002  2.230507424369856E-001  1.375278137839782E-011
  2.800000000000000E+002  1.236500811997774E-007  3.185213142381761E-001  1.035661023339210E-007  1.854168857138407E-002  2.287345941461958E-001  1.342170729968275E-011
  2.900000000000000E+002  1.204435181282602E-007  3.275986952891382E-001  1.014342823955517E-007  1.806832551626754E-002  2.343247012164440E-001  1.311022181172464E-011
  3.000000000000000E+002  1.174277549908003E-007  3.366043846004838E-001  9.942472918511025E-008  1.762305309674525E-002  2.398244358177994E-001  1.281655549868290E-011
  3.100000000000000E+002  1.145858299885729E-007  3.455406390556844E-001  9.752654545509490E-008  1.720336947922937E-002  2.452369926006918E-001  1.253914879564534E-011
  3.200000000000000E+002  1.119027436687168E-007  3.544095907308507E-001  9.573011119005818E-008  1.680706348387272E-002  2.505654000526333E-001  1.227662163921266E-011
  3.300000000000000E+002  1.093651832559991E-007  3.632132569884102E-001  9.402690095567824E-008  1.643217352191742E-002  2.558125311648095E-001  1.202774824348330E-011
  3.400000000000000E+002  1.069612920785457E-007  3.719535494667531E-001  9.240933175868332E-008  1.607695329615802E-002  2.609811133934221E-001  1.179143601864845E-011
  3.500000000000000E+002  1.046804757369465E-007  3.806322821205296E-001  9.087063563357268E-008  1.573984300211131E-002  2.660737379312865E-001  1.156670785935134E-011
  3.600000000000000E+002  1.025132383812366E-007  3.892511784397566E-001  8.940475239096747E-008  1.541944502917041E-002  2.710928683209816E-001  1.135268719057209E-011
  3.700000000000000E+002  1.004510437907916E-007  3.978118779547353E-001  8.800623890023808E-008  1.511450336338449E-002  2.760408484483671E-001  1.114858528273109E-011
  3.800000000000000E+002  9.848619699106025E-008  4.063159421167398E-001  8.667019200583672E-008  1.482388605107751E-002  2.809199099580585E-001  1.095369044408066E-011
  3.900000000000000E+002  9.661174295730514E-008  4.147648596306012E-001  8.539218274389301E-008  1.454657020602188E-002  2.857321791326294E-001  1.076735877394138E-011
  4.000000000000000E+002  9.482137960070863E-008  4.231600513039759E-001  8.416819997108793E-008  1.428162914028789E-002  2.904796832759696E-001  1.058900621985241E-011
  4.200000000000000E+002  9.148214711211029E-008  4.397444287678507E-001  8.187918287189868E-008  1.378724273277328E-002  2.997341346636987E-001  1.025507313482453E-011
  4.400000000000000E+002  8.841439901085584E-008  4.561326784729093E-001  7.976461311346115E-008  1.333283898320577E-002  3.087588846628335E-001  9.947156828967882E-012
  4.600000000000000E+002  8.558534680670889E-008  4.723338053986573E-001  7.780369150551603E-008  1.291359199021352E-002  3.175653849869319E-001  9.662127615356194E-012
  4.800000000000000E+002  8.296728644565888E-008  4.883561213728506E-001  7.597885177064091E-008  1.252542386100979E-002  3.261646620506756E-001  9.397371425592602E-012
  5.000000000000000E+002  8.053666969131148E-008  5.042073138240517E-001  7.427516119336543E-008  1.216487116204293E-002  3.345670822308566E-001  9.150673316636082E-012
  5.200000000000000E+002  7.827335727010369E-008  5.198945089719486E-001  7.267984441914820E-008  1.182897280441728E-002  3.427823171191802E-001  8.920138823262582E-012
  5.400000000000000E+002  7.616002416695515E-008  5.354243279836239E-001  7.118190550301194E-008  1.151518180646836E-002  3.508193673434986E-001  8.704136210455457E-012
  5.600000000000000E+002  7.418168406514957E-008  5.508029363336111E-001  6.977182633199258E-008  1.122129505195349E-002  3.586866048538834E-001  8.501251583900721E-012
  5.800000000000000E+002  7.232530662558306E-008  5.660360871511309E-001  6.844132431675239E-008  1.094539688471234E-002  3.663918200238499E-001  8.310253171764674E-012
  6.000000000000000E+002  7.057950737708657E-008  5.811291593735088E-001  6.718315630502714E-008  1.068581346261549E-002  3.739422683417310E-001  8.130062527668407E-012
  6.200000000000000E+002  6.893429474700882E-008  5.960871914360951E-001  6.599095878728935E-008  1.044107555277824E-002  3.813447146148820E-001  7.959731091889296E-012
  6.400000000000000E+002  6.738086236491639E-008  6.109149111225854E-001  6.485911680498996E-008  1.020988800271406E-002  3.886054739214110E-001  7.798420963242255E-012
  6.600000000000000E+002  6.591141748421941E-008  6.256167621022966E-001  6.378265572250142E-008  9.991104530919538E-003  3.957304491282089E-001  7.645389015542064E-012
  6.800000000000000E+002  6.451903841153251E-008  6.401969275980338E-001  6.275715133852683E-008  9.783706785972398E-003  4.027251650604622E-001  7.499973693961235E-012
  7.000000000000000E+002  6.319755538366104E-008  6.546593515591345E-001  6.177865480591816E-008  9.586786853698155E-003  4.095947995260925E-001  7.361583975044734E-012
  7.200000000000000E+002  6.194145051455894E-008  6.690077576571353E-001  6.084362958440668E-008  9.399532567220450E-003  4.163442114445485E-001  7.229690085582568E-012
  7.400000000000000E+002  6.074577334276237E-008  6.832456663742101E-001  5.994889822968994E-008  9.221215109022629E-003  4.229779663394949E-001  7.103815660305633E-012
  7.600000000000000E+002  5.960606921205754E-008  6.973764104152620E-001  5.909159726910254E-008  9.051178497845916E-003  4.295003594472473E-001  6.983531083520233E-012
  7.800000000000000E+002  5.851831826481729E-008  7.114031486418181E-001  5.826913876128653E-008  8.888830633878120E-003  4.359154366768028E-001  6.868447810315243E-012
  8.000000000000000E+002  5.747888325576581E-008  7.253288786984508E-001  5.747917740888389E-008  8.733635638800006E-003  4.422270136378821E-001  6.758213502455948E-012
  8.200000000000000E+002  5.648446473162206E-008  7.391564484793968E-001  5.671958230711582E-008  8.585107276977049E-003  4.484386929332246E-001  6.652507845153456E-012
  8.400000000000000E+002  5.553206238990446E-008  7.528885665635335E-001  5.598841258050989E-008  8.442803283494083E-003  4.545538798917310E-001  6.551038935518142E-012
  8.600000000000000E+002  5.461894164381528E-008  7.665278117293415E-001  5.528389629501358E-008  8.306320456148548E-003  4.605757969007237E-001  6.453540153131224E-012
  8.800000000000000E+002  5.374260459146989E-008  7.800766416473780E-001  5.460441214088544E-008  8.175290393706101E-003  4.665074964787079E-001  6.359767438904448E-012
  9.000000000000000E+002  5.290076472587980E-008  7.935374008357200E-001  5.394847346887880E-008  8.049375783020963E-003  4.723518732148375E-001  6.269496921082934E-012
  9.200000000000000E+002  5.209132483403312E-008  8.069123279534910E-001  5.331471433277433E-008  7.928267154065987E-003  4.781116746875810E-001  6.182522837526105E-012
  9.400000000000000E+002  5.131235762454834E-008  8.202035624986523E-001  5.270187724871200E-008  7.811680035300036E-003  4.837895114629340E-001  6.098655711772827E-012
  9.600000000000000E+002  5.056208869791524E-008  8.334131509685387E-001  5.210880242868922E-008  7.699352452743567E-003  4.893878662616531E-001  6.017720747246165E-012
  9.800000000000000E+002  4.983888153456646E-008  8.465430525349269E-001  5.153441828411293E-008  7.591042725120238E-003  4.949091023753825E-001  5.939556409581837E-012
  1.000000000000000E+003  4.914122422653694E-008  8.595951442796150E-001  5.097773302705881E-008  7.486527514836066E-003  5.003554714030176E-001  5.864013171710972E-012
  1.050000000000000E+003  4.750791848382245E-008  8.917612119454044E-001  4.966759331566326E-008  7.241685346516960E-003  5.135400559370432E-001  5.686491319589829E-012
  1.100000000000000E+003  4.600489747291916E-008  9.234879792393196E-001  4.844823718771358E-008  7.016226483689621E-003  5.263166740222871E-001  5.522487473066332E-012
  1.150000000000000E+003  4.461650235809123E-008  9.547981105387529E-001  4.730934601735335E-008  6.807826705352024E-003  5.387094467522203E-001  5.370397232898064E-012
  1.200000000000000E+003  4.332951338322139E-008  9.857123018772400E-001  4.624216868665121E-008  6.614526330093830E-003  5.507409822347412E-001  5.228883133708938E-012
  1.250000000000000E+003  4.213269843564233E-008  1.016249499336374E+000  4.523923444039061E-008  6.434660479681003E-003  5.624320934903735E-001  5.096809063022532E-012
  1.300000000000000E+003  4.101645275343025E-008  1.046427099347224E+000  4.429412401204243E-008  6.266805069027318E-003  5.738018625259766E-001  4.973201198523821E-012
  1.350000000000000E+003  3.997251306349063E-008  1.076261123201187E+000  4.340128773775545E-008  6.109734398154496E-003  5.848677810249087E-001  4.857219123834606E-012
  1.400000000000000E+003  3.899372965829032E-008  1.105766367742392E+000  4.255590023212584E-008  5.962387446438743E-003  5.956459028716024E-001  4.748133248986251E-012
  1.450000000000000E+003  3.807388341089055E-008  1.134956535570905E+000  4.175374344768697E-008  5.823840842935840E-003  6.061509893340600E-001  4.645306793106292E-012
  1.500000000000000E+003  3.720753780238020E-008  1.163844347900209E+000  4.099111187979081E-008  5.693287016541202E-003  6.163966412213033E-001  4.548181233346501E-012
  1.550000000000000E+003  3.638991841242868E-008  1.192441642760192E+000  4.026473517058806E-008  5.570016401794532E-003  6.263954169793186E-001  4.456264445642663E-012
  1.600000000000000E+003  3.561681410895536E-008  1.220759460790958E+000  3.957171448503899E-008  5.453402846540971E-003  6.361589373792502E-001  4.369120964265707E-012
  1.650000000000000E+003  3.488449550777523E-008  1.248808120489446E+000  3.890946986864444E-008  5.342891567073917E-003  6.456979780301324E-001  4.286363926113482E-012
  1.700000000000000E+003  3.418964727427194E-008  1.276597284454056E+000  3.827569642446733E-008  5.237989144971735E-003  6.550225510811915E-001  4.207648366056791E-012
  1.750000000000000E+003  3.352931159454065E-008  1.304136017913645E+000  3.766832762111090E-008  5.138255171563917E-003  6.641419774303905E-001  4.132665603941677E-012
  1.800000000000000E+003  3.290084071736312E-008  1.331432840616224E+000  3.708550440386336E-008  5.043295230684837E-003  6.730649506389083E-001  4.061138519730850E-012
  1.850000000000000E+003  3.230185690759213E-008  1.358495772980123E+000  3.652554905743713E-008  4.952754975140459E-003  6.817995936146627E-001  3.992817555811375E-012
  1.900000000000000E+003  3.173021849008208E-008  1.385332377268895E+000  3.598694298189898E-008  4.866315102206973E-003  6.903535089935146E-001  3.927477318208516E-012
  1.950000000000000E+003  3.118399092611448E-008  1.411949794434565E+000  3.546830770906925E-008  4.783687072198864E-003  6.987338240231094E-001  3.864913673816833E-012
  2.000000000000000E+003  3.066142206966728E-008  1.438354777177331E+000  3.496838861632475E-008  4.704609444399210E-003  7.069472306445075E-001  3.804941260590229E-012
  2.050000000000000E+003  3.016092091244936E-008  1.464553719689540E+000  3.448604089687231E-008  4.628844728444667E-003  7.150000213710062E-001  3.747391343243121E-012
  2.100000000000000E+003  2.968103925451617E-008  1.490552684484771E+000  3.402021742651484E-008  4.556176668097075E-003  7.228981214809914E-001  3.692109959385887E-012
  2.150000000000000E+003  2.922045583911587E-008  1.516357426656683E+000  3.356995823148492E-008  4.486407889336290E-003  7.306471179707413E-001  3.638956310881695E-012
  2.200000000000000E+003  2.877796257196329E-008  1.541973415864963E+000  3.313438131369089E-008  4.419357856724563E-003  7.382522856525586E-001  3.587801363123720E-012
  2.250000000000000E+003  2.835245251079338E-008  1.567405856305791E+000  3.271267463146276E-008  4.354861091668958E-003  7.457186107317775E-001  3.538526621313024E-012
  2.300000000000000E+003  2.794290936418036E-008  1.592659704890322E+000  3.230408906771988E-008  4.292765614040303E-003  7.530508121519544E-001  3.491023057990803E-012
  2.350000000000000E+003  2.754839828182173E-008  1.617739687825868E+000  3.190793224504190E-008  4.232931574978962E-003  7.602533609597473E-001  3.445190170294693E-012
  2.400000000000000E+003  2.716805775379822E-008  1.642650315769787E+000  3.152356306967994E-008  4.175230053925153E-003  7.673304979085043E-001  3.400935148860342E-012
  2.450000000000000E+003  2.680109246530532E-008  1.667395897705084E+000  3.115038690508935E-008  4.119541997187248E-003  7.742862494919244E-001  3.358172143128021E-012
  2.500000000000000E+003  2.644676697724764E-008  1.691980553668488E+000  3.078785129087773E-008  4.065757278887371E-003  7.811244425751476E-001  3.316821610159283E-012
  2.550000000000000E+003  2.610440012286719E-008  1.716408226446227E+000  3.043544213575769E-008  4.013773868042993E-003  7.878487177701643E-001  3.276809736013266E-012
  2.600000000000000E+003  2.577336002701741E-008  1.740682692339196E+000  3.009268032366412E-008  3.963497087970196E-003  7.944625416846479E-001  3.238067920352271E-012
  2.650000000000000E+003  2.545305966840936E-008  1.764807571087465E+000  2.975911868102736E-008  3.914838956219807E-003  8.009692181580071E-001  3.200532316299962E-012
  2.700000000000000E+003  2.514295291664162E-008  1.788786335033966E+000  2.943433926060254E-008  3.867717594953833E-003  8.073718985851199E-001  3.164143418711634E-012
  2.750000000000000E+003  2.484253098547546E-008  1.812622317598292E+000  2.911795090349005E-008  3.822056703095502E-003  8.136735914167046E-001  3.128845694972192E-012
  2.800000000000000E+003  2.455131925195341E-008  1.836318721123790E+000  2.880958704624915E-008  3.777785082788774E-003  8.198771709151965E-001  3.094587253245587E-012
  2.850000000000000E+003  2.426887439784166E-008  1.859878624154372E+000  2.850890374446794E-008  3.734836213720558E-003  8.259853852362532E-001  3.061319543784035E-012
  2.900000000000000E+003  2.399478183571741E-008  1.883304988191515E+000  2.821557788794681E-008  3.693147869722456E-003  8.320008638983091E-001  3.028997089487406E-012
  2.950000000000000E+003  2.372865338699192E-008  1.906600663976654E+000  2.792930558588502E-008  3.652661772804044E-003  8.379261246959198E-001  2.997577242399597E-012
  3.000000000000000E+003  2.347012518340374E-008  1.929768397339602E+000  2.764980070322594E-008  3.613323280397446E-003  8.437635801066945E-001  2.967019963253136E-012
  3.050000000000000E+003  2.321885576714769E-008  1.952810834649507E+000  2.737679353168670E-008  3.575081102130296E-003  8.495155432364446E-001  2.937287621537108E-012
  3.100000000000000E+003  2.297452436792257E-008  1.975730527901286E+000  2.711002958103665E-008  3.537887042905790E-003  8.551842333426015E-001  2.908344813876719E-012
  3.200000000000000E+003  2.250691585807028E-008  2.021095143181407E+000  2.659730291774263E-008  3.466677679195313E-003  8.662064878390267E-001  2.852853397358689E-012
  3.300000000000000E+003  2.206346515379102E-008  2.066003090034054E+000  2.610654695686735E-008  3.399121972451563E-003  8.769270981293804E-001  2.800127525029906E-012
  3.400000000000000E+003  2.164223928166335E-008  2.110471360338831E+000  2.563620631901794E-008  3.334928331770346E-003  8.873596961065798E-001  2.749948812746031E-012
  3.500000000000000E+003  2.124150953022540E-008  2.154515888494887E+000  2.518487839852870E-008  3.273836320744155E-003  8.975172444735788E-001  2.702123710260195E-012
  3.600000000000000E+003  2.085972569556842E-008  2.198151632262135E+000  2.475129489492415E-008  3.215612416935568E-003  9.074119259666875E-001  2.656478707656018E-012
  3.700000000000000E+003  2.049549361583629E-008  2.241392653156900E+000  2.433430568265704E-008  3.160046560356844E-003  9.170551575261859E-001  2.612857542764007E-012
  3.800000000000000E+003  2.014755589006198E-008  2.284252190310167E+000  2.393286490432348E-008  3.106949240117063E-003  9.264576344914834E-001  2.571119019965057E-012
  3.900000000000000E+003  1.981477535324680E-008  2.326742727147525E+000  2.354601898997449E-008  3.056149009816698E-003  9.356293815436536E-001  2.531135190000906E-012
  4.000000000000000E+003  1.949612088496091E-008  2.368876051385645E+000  2.317289631268283E-008  3.007490357510370E-003  9.445798033057546E-001  2.492789800115021E-012
  4.100000000000000E+003  1.919065518507125E-008  2.410663309042890E+000  2.281269822914801E-008  2.960831872096391E-003  9.533177322042314E-001  2.455976962476016E-012
  4.200000000000000E+003  1.889752420905203E-008  2.452115053144959E+000  2.246469129393149E-008  2.916044658931450E-003  9.618514728228902E-001  2.420600003677555E-012
  4.300000000000000E+003  1.861594800697656E-008  2.493241287738962E+000  2.212820047082947E-008  2.873010965911650E-003  9.701888426164729E-001  2.386570466322769E-012
  4.400000000000000E+003  1.834521275352850E-008  2.534051507754905E+000  2.180260319418250E-008  2.831622988004029E-003  9.783372091126027E-001  2.353807239294113E-012
  4.500000000000000E+003  1.808466379202683E-008  2.574554735184715E+000  2.148732415714167E-008  2.791781823660998E-003  9.863035238360719E-001  2.322235797502395E-012
  4.600000000000000E+003  1.783369954473208E-008  2.614759551988168E+000  2.118183072385632E-008  2.753396560979270E-003  9.940943532243242E-001  2.291787535194558E-012
  4.700000000000000E+003  1.759176616573477E-008  2.654674130082589E+000  2.088562887897408E-008  2.716383475082202E-003  1.001715906805362E+000  2.262399179533041E-012
  4.800000000000000E+003  1.735835283249479E-008  2.694306258728059E+000  2.059825964139948E-008  2.680665321171219E-003  1.009174062896734E+000  2.234012273297497E-012
  4.900000000000000E+003  1.713298758840664E-008  2.733663369581071E+000  2.031929588047528E-008  2.646170710134949E-003  1.016474392065310E+000  2.206572717310624E-012
  5.000000000000000E+003  1.691523366225923E-008  2.772752559656273E+000  2.004833948206547E-008  2.612833555624272E-003  1.023622178566422E+000  2.180030364633311E-012
  5.100000000000000E+003  1.670468620166296E-008  2.811580612407193E+000  1.978501881977935E-008  2.580592583177591E-003  1.030622439960019E+000  2.154338659770570E-012
  5.200000000000000E+003  1.650096936685387E-008  2.850154017112026E+000  1.952898649306493E-008  2.549390893376599E-003  1.037479945081481E+000  2.129454317125793E-012
  5.300000000000000E+003  1.630373373908982E-008  2.888478986729101E+000  1.927991729934433E-008  2.519175572180059E-003  1.044199230526375E+000  2.105337033773877E-012
  5.400000000000000E+003  1.611265400440270E-008  2.926561474367971E+000  1.903750641194584E-008  2.489897342562001E-003  1.050784615791700E+000  2.081949232322592E-012
  5.500000000000000E+003  1.592742687898352E-008  2.964407188505801E+000  1.880146773945968E-008  2.461510252405151E-003  1.057240217201178E+000  2.059255830220869E-012
  5.600000000000000E+003  1.574776924713122E-008  3.002021607064569E+000  1.857153244542380E-008  2.433971394296194E-003  1.063569960728670E+000  2.037224032370200E-012
  5.700000000000000E+003  1.557341648663954E-008  3.039409990452174E+000  1.834744761003503E-008  2.407240653459259E-003  1.069777593821881E+000  2.015823144317834E-012
  5.800000000000000E+003  1.540412095984634E-008  3.076577393659615E+000  1.812897501795791E-008  2.381280480565070E-003  1.075866696317799E+000  1.995024403669534E-012
  5.900000000000000E+003  1.523965065142420E-008  3.113528677496878E+000  1.791589005833669E-008  2.356055686580183E-003  1.081840690531957E+000  1.974800827666190E-012
  6.000000000000000E+003  1.507978793643105E-008  3.150268519041692E+000  1.770798072485932E-008  2.331533257185833E-003  1.087702850595105E+000  1.955127075130899E-012
  6.100000000000000E+003  1.492432846422965E-008  3.186801421367831E+000  1.750504670522115E-008  2.307682184608713E-003  1.093456311103513E+000  1.935979321218251E-012
  6.200000000000000E+003  1.477308014568091E-008  3.223131722613111E+000  1.730689855062895E-008  2.284473314974827E-003  1.099104075142432E+000  1.917335143591098E-012
  6.300000000000000E+003  1.462586223256328E-008  3.259263604441272E+000  1.711335691710251E-008  2.261879209529189E-003  1.104649021736407E+000  1.899173418817300E-012
  6.400000000000000E+003  1.448250447950588E-008  3.295201099946825E+000  1.692425187129987E-008  2.239874018264228E-003  1.110093912774790E+000  1.881474227923302E-012
  6.500000000000000E+003  1.434284637988011E-008  3.330948101047238E+000  1.673942225443254E-008  2.218433364672915E-003  1.115441399456263E+000  1.864218770166652E-012
  6.600000000000000E+003  1.420673646809714E-008  3.366508365402745E+000  1.655871509856977E-008  2.197534240492927E-003  1.120694028291863E+000  1.847389284198406E-012
  6.700000000000000E+003  1.407403168163178E-008  3.401885522900324E+000  1.638198509026945E-008  2.177154909439026E-003  1.125854246702378E+000  1.830968975881102E-012
  6.800000000000000E+003  1.394459677685285E-008  3.437083081735130E+000  1.620909407703214E-008  2.157274819034558E-003  1.130924408242574E+000  1.814941952110650E-012
  6.900000000000000E+003  1.381830379340513E-008  3.472104434119665E+000  1.603991061256447E-008  2.137874519752808E-003  1.135906777481788E+000  1.799293160062857E-012
  7.000000000000000E+003  1.369503156246838E-008  3.506952861648308E+000  1.587430953726790E-008  2.118935590765826E-003  1.140803534567680E+000  1.784008331348662E-012
  7.100000000000000E+003  1.357466525472882E-008  3.541631540342448E+000  1.571217159074754E-008  2.100440571674952E-003  1.145616779497590E+000  1.769073930617690E-012
  7.200000000000000E+003  1.345709596434637E-008  3.576143545399285E+000  1.555338305346916E-008  2.082372899664354E-003  1.150348536119707E+000  1.754477108198976E-012
  7.300000000000000E+003  1.334222032559475E-008  3.610491855665430E+000  1.539783541498708E-008  2.064716851578012E-003  1.155000755884413E+000  1.740205656410485E-012
  7.400000000000000E+003  1.322994015919942E-008  3.644679357854649E+000  1.524542506642668E-008  2.047457490472832E-003  1.159575321364288E+000  1.726247969207499E-012
  7.500000000000000E+003  1.312016214570522E-008  3.678708850527550E+000  1.509605301513631E-008  2.030580616246528E-003  1.164074049559779E+000  1.712593004873414E-012
  7.600000000000000E+003  1.301279752347753E-008  3.712583047849502E+000  1.494962461962830E-008  2.014072719979840E-003  1.168498695006041E+000  1.699230251486451E-012
  7.700000000000000E+003  1.290776180918135E-008  3.746304583141844E+000  1.480604934311206E-008  1.997920941668770E-003  1.172850952695184E+000  1.686149694922329E-012
  7.800000000000000E+003  1.280497453879690E-008  3.779876012240171E+000  1.466524052408423E-008  1.982113031054617E-003  1.177132460826992E+000  1.673341789176382E-012
  7.900000000000000E+003  1.270435902742058E-008  3.813299816672463E+000  1.452711516258644E-008  1.966637311288226E-003  1.181344803400092E+000  1.660797428809741E-012
  8.000000000000000E+003  1.260584214626918E-008  3.846578406668826E+000  1.439159372087091E-008  1.951482645190302E-003  1.185489512654604E+000  1.648507923342783E-012
  8.200000000000000E+003  1.241531297967150E-008  3.912569856776169E+000  1.412967891440616E-008  1.922167997126454E-003  1.193520487719380E+000  1.624718770826157E-012
  8.400000000000000E+003  1.223233090009566E-008  3.978013061102119E+000  1.387717881094308E-008  1.894008764834212E-003  1.201302848802225E+000  1.601849077666320E-012
  8.600000000000000E+003  1.205642570259601E-008  4.042924624557124E+000  1.363357525310016E-008  1.866933127111049E-003  1.208846520002815E+000  1.579842127310421E-012
  8.800000000000000E+003  1.188716630824131E-008  4.107320294681571E+000  1.339838898586623E-008  1.840875311961949E-003  1.216161002647349E+000  1.558646266423535E-012
  9.000000000000000E+003  1.172415685541334E-008  4.171215015763654E+000  1.317117604847151E-008  1.815774924377654E-003  1.223255320359677E+000  1.538214067788495E-012
  9.200000000000000E+003  1.156703317141704E-008  4.234622983019667E+000  1.295152450467560E-008  1.791576396896241E-003  1.230138026374122E+000  1.518501865123205E-012
  9.400000000000000E+003  1.141545963996543E-008  4.297557693034289E+000  1.273905152006809E-008  1.768228509828923E-003  1.236817224974316E+000  1.499469373814958E-012
  9.600000000000000E+003  1.126912642634774E-008  4.360031990195821E+000  1.253340075414441E-008  1.745683968173821E-003  1.243300596981556E+000  1.481079361635525E-012
  9.800000000000000E+003  1.112774701798552E-008  4.422058109348132E+000  1.233424003144909E-008  1.723899027294626E-003  1.249595425914736E+000  1.463297358932756E-012
  1.000000000000000E+004  1.099105604122562E-008  4.483647714963486E+000  1.214125925861042E-008  1.702833160919195E-003  1.255708623429294E+000  1.446091402106876E-012
  1.020000000000000E+004  1.085880731968503E-008  4.544811937145752E+000  1.195416855775509E-008  1.682448765982457E-003  1.261646753445101E+000  1.429431805697487E-012
  1.040000000000000E+004  1.073077214390442E-008  4.605561404756535E+000  1.177269659045413E-008  1.662710899626617E-003  1.267416054740819E+000  1.413290959285808E-012
  1.060000000000000E+004  1.060673772610409E-008  4.665906275932878E+000  1.159658904968847E-008  1.643587044335491E-003  1.273022461968979E+000  1.397643146040424E-012
  1.080000000000000E+004  1.048650581737984E-008  4.725856266240016E+000  1.142560730026158E-008  1.625046897741726E-003  1.278471625131639E+000  1.382464380217018E-012
  1.100000000000000E+004  1.036989146773929E-008  4.785420674678376E+000  1.125952715063606E-008  1.607062184122511E-003  1.283768927596749E+000  1.367732261311389E-012
  1.120000000000000E+004  1.025672191201022E-008  4.844608407741592E+000  1.109813774136952E-008  1.589606485004436E-003  1.288919502752187E+000  1.353425842886284E-012
  1.140000000000000E+004  1.014683556690535E-008  4.903428001702094E+000  1.094124053721681E-008  1.572655086642984E-003  1.293928249399213E+000  1.339525514361122E-012
  1.160000000000000E+004  1.004008112645749E-008  4.961887643282530E+000  1.078864841159309E-008  1.556184842436309E-003  1.298799845985438E+000  1.326012894280811E-012
  1.180000000000000E+004  9.936316744691724E-009  5.019995188855128E+000  1.064018481349397E-008  1.540174048584379E-003  1.303538763772588E+000  1.312870733772669E-012
  1.200000000000000E+004  9.835409295820026E-009  5.077758182296640E+000  1.049568300817786E-008  1.524602331519989E-003  1.308149279028159E+000  1.300082829065085E-012
  1.220000000000000E+004  9.737233703463084E-009  5.135183871613682E+000  1.035498538396067E-008  1.509450545823225E-003  1.312635484323148E+000  1.287633942082785E-012
  1.240000000000000E+004  9.641672331454239E-009  5.192279224441842E+000  1.021794281837812E-008  1.494700681490213E-003  1.317001299011346E+000  1.275509728254870E-012
  1.260000000000000E+004  9.548614429687479E-009  5.249050942511860E+000  1.008441409775621E-008  1.480335779564459E-003  1.321250478959054E+000  1.263696670776496E-012
  1.280000000000000E+004  9.457955629255516E-009  5.305505475167069E+000  9.954265384913746E-009  1.466339855257953E-003  1.325386625587984E+000  1.252182020655612E-012
  1.300000000000000E+004  9.369597481804031E-009  5.361649032008286E+000  9.827369730316292E-009  1.452697827792271E-003  1.329413194288408E+000  1.240953741954650E-012
  1.320000000000000E+004  9.283447038618948E-009  5.417487594735153E+000  9.703606622521308E-009  1.439395456279427E-003  1.333333502254416E+000  1.230000461705252E-012
  1.340000000000000E+004  9.199416465478008E-009  5.473026928246544E+000  9.582861574209727E-009  1.426419281040191E-003  1.337150735788416E+000  1.219311424033664E-012
  1.360000000000000E+004  9.117422689746450E-009  5.528272591056808E+000  9.465025740498770E-009  1.413756569825592E-003  1.340867957117670E+000  1.208876448086158E-012
  1.380000000000000E+004  9.037387076589177E-009  5.583229945079675E+000  9.349995566581969E-009  1.401395268466777E-003  1.344488110761811E+000  1.198685889389338E-012
  1.400000000000000E+004  8.959235131515366E-009  5.637904164826795E+000  9.237672462051962E-009  1.389323955530568E-003  1.348014029486736E+000  1.188730604320009E-012
  1.420000000000000E+004  8.882896226772949E-009  5.692300246063971E+000  9.127962499534322E-009  1.377531800603647E-003  1.351448439877094E+000  1.179001917394136E-012
  1.440000000000000E+004  8.808303349375896E-009  5.746423013964242E+000  9.020776135502253E-009  1.366008525868697E-003  1.354793967556746E+000  1.169491591115333E-012
  1.460000000000000E+004  8.735392868780701E-009  5.800277130793733E+000  8.916027951355685E-009  1.354744370671111E-003  1.358053142083936E+000  1.160191798150341E-012
  1.480000000000000E+004  8.664104322434792E-009  5.853867103163070E+000  8.813636413037899E-009  1.343730058806256E-003  1.361228401545633E+000  1.151095095623002E-012
  1.500000000000000E+004  8.594380217601817E-009  5.907197288874524E+000  8.713523647631480E-009  1.332956768284916E-003  1.364322096873315E+000  1.142194401339403E-012
  1.520000000000000E+004  8.526165848030503E-009  5.960271903392439E+000  8.615615235525449E-009  1.322416103359005E-003  1.367336495900658E+000  1.133482971775703E-012
  1.540000000000000E+004  8.459409124176568E-009  6.013095025962397E+000  8.519840016879208E-009  1.312100068611442E-003  1.370273787181734E+000  1.124954381676815E-012
  1.560000000000000E+004  8.394060415814901E-009  6.065670605402454E+000  8.426129911228460E-009  1.302001044933344E-003  1.373136083586903E+000  1.116602505129009E-012
  1.580000000000000E+004  8.330072405992296E-009  6.118002465587932E+000  8.334419749185326E-009  1.292111767228924E-003  1.375925425692018E+000  1.108421497982688E-012
  1.600000000000000E+004  8.267399955371858E-009  6.170094310649650E+000  8.244647115280371E-009  1.282425303703788E-003  1.378643784975412E+000  1.100405781513432E-012
  1.620000000000000E+004  8.205999976110608E-009  6.221949729903856E+000  8.156752201080512E-009  1.272935036606013E-003  1.381293066835849E+000  1.092550027219882E-012
  1.640000000000000E+004  8.145831314492197E-009  6.273572202530786E+000  8.070677667793776E-009  1.263634644301656E-003  1.383875113443663E+000  1.084849142666577E-012
  1.660000000000000E+004  8.086854641608745E-009  6.324965102017515E+000  7.986368517641350E-009  1.254518084577254E-003  1.386391706436257E+000  1.077298258288187E-012
  1.680000000000000E+004  8.029032351450524E-009  6.376131700379545E+000  7.903771973340099E-009  1.245579579071718E-003  1.388844569468306E+000  1.069892715079265E-012
  1.700000000000000E+004  7.972328465820403E-009  6.427075172174595E+000  7.822837365094960E-009  1.236813598748873E-003  1.391235370626218E+000  1.062628053100412E-012
  1.720000000000000E+004  7.916708545541802E-009  6.477798598321010E+000  7.743516024551789E-009  1.228214850329762E-003  1.393565724715591E+000  1.055500000737871E-012
  1.740000000000000E+004  7.862139607476182E-009  6.528304969732384E+000  7.665761185207258E-009  1.219778263611045E-003  1.395837195429871E+000  1.048504464659144E-012
  1.760000000000000E+004  7.808590046908316E-009  6.578597190779127E+000  7.589527888814209E-009  1.211498979602194E-003  1.398051297407676E+000  1.041637520412117E-012
  1.780000000000000E+004  7.756029564895644E-009  6.628678082586973E+000  7.514772897358650E-009  1.203372339420027E-003  1.400209498185768E+000  1.034895403619781E-012
  1.800000000000000E+004  7.704429100212721E-009  6.678550386181759E+000  7.441454610219072E-009  1.195393873884363E-003  1.402313220054135E+000  1.028274501726602E-012
  1.820000000000000E+004  7.653760765552848E-009  6.728216765489123E+000  7.369532986149812E-009  1.187559293763328E-003  1.404363841819159E+000  1.021771346256370E-012
  1.840000000000000E+004  7.603997787677197E-009  6.777679810197240E+000  7.298969469758776E-009  1.179864480621110E-003  1.406362700480404E+000  1.015382605544587E-012
  1.860000000000000E+004  7.555114451227480E-009  6.826942038490145E+000  7.229726922175523E-009  1.172305478224918E-003  1.408311092826221E+000  1.009105077911609E-012
  1.880000000000000E+004  7.507086045941284E-009  6.876005899658685E+000  7.161769555629467E-009  1.164878484471374E-003  1.410210276952940E+000  1.002935685245366E-012
  1.900000000000000E+004  7.459888817030466E-009  6.924873776595728E+000  7.095062871679261E-009  1.157579843795817E-003  1.412061473712110E+000  9.968714669651100E-013
  1.920000000000000E+004  7.413499918502141E-009  6.973547988181774E+000  7.029573602854307E-009  1.150406040030913E-003  1.413865868089968E+000  9.909095743398079E-013
  1.940000000000000E+004  7.367897369219237E-009  7.022030791566785E+000  6.965269657487185E-009  1.143353689683616E-003  1.415624610522980E+000  9.850472651369570E-013
  1.960000000000000E+004  7.323060011513537E-009  7.070324384353643E+000  6.902120067532181E-009  1.136419535601958E-003  1.417338818153085E+000  9.792818985794186E-013
  1.980000000000000E+004  7.278967472178796E-009  7.118430906688300E+000  6.840094939180382E-009  1.129600441005381E-003  1.419009576026005E+000  9.736109305896527E-013
  2.000000000000000E+004  7.235600125684508E-009  7.166352443261416E+000  6.779165406095389E-009  1.122893383854285E-003  1.420637938235780E+000  9.680319093022415E-013
