! time                    frank_diameter          perfect_diameter        faulted_diameter        void_diameter           
  0.000000000000000E+000  0.000000000000000E+000  0.000000000000000E+000  0.000000000000000E+000  0.000000000000000E+000
  9.999999999999998E-002  4.335439701302762E-001  4.503619670941006E-001  4.620387579105054E-001  2.556650435643279E-001
  1.999999999999999E-001  4.544293334378487E-001  4.545935668231773E-001  4.606465260717355E-001  2.556633135857690E-001
  2.999999999999999E-001  4.679013266172602E-001  4.582921737144586E-001  4.612088987103696E-001  2.556641028478338E-001
  3.999999999999999E-001  4.783464618672909E-001  4.615502284043332E-001  4.627185339985128E-001  2.556653520835393E-001
  4.999999999999999E-001  4.865923509957937E-001  4.645421156931271E-001  4.646225004046251E-001  2.556666982279939E-001
  6.000000000000000E-001  4.934503166188611E-001  4.672819354786383E-001  4.667945350216350E-001  2.556680176766370E-001
  7.000000000000001E-001  4.993578947249349E-001  4.697809413748552E-001  4.691546735289283E-001  2.556692603809683E-001
  8.000000000000002E-001  5.045798186070057E-001  4.720516150303664E-001  4.716478070077810E-001  2.556704047730201E-001
  9.000000000000002E-001  5.092878802975354E-001  4.741075245660056E-001  4.742332501136707E-001  2.556714424151455E-001
  1.000000000000000E+000  5.136851699886861E-001  4.759069341015671E-001  4.769755953112973E-001  2.556723441373784E-001
  1.100000000000000E+000  5.177462128264231E-001  4.775328533627554E-001  4.797130078851470E-001  2.556731459762974E-001
  1.200000000000000E+000  5.215338370380095E-001  4.789983953446337E-001  4.824388412410022E-001  2.556738522911686E-001
  1.300000000000000E+000  5.250940199418793E-001  4.803166875783204E-001  4.851448238875614E-001  2.556744687849288E-001
  1.400000000000001E+000  5.284611258150655E-001  4.815006976038225E-001  4.878225498271374E-001  2.556750019861219E-001
  1.500000000000001E+000  5.316613906139550E-001  4.825629858119764E-001  4.904642202411021E-001  2.556754588156167E-001
  1.600000000000001E+000  5.347152845605516E-001  4.835155321070106E-001  4.930629939800236E-001  2.556758462817999E-001
  1.700000000000001E+000  5.376391312657361E-001  4.843696208391102E-001  4.956131257640051E-001  2.556761712663919E-001
  1.800000000000001E+000  5.404462245130368E-001  4.851357713400561E-001  4.981099863244874E-001  2.556764403768024E-001
  1.900000000000001E+000  5.431476025931994E-001  4.858237037290494E-001  5.005500164985146E-001  2.556766598484311E-001
  2.000000000000001E+000  5.457525886697380E-001  4.864423315193220E-001  5.029306452222022E-001  2.556768354847012E-001
  2.100000000000001E+000  5.482691714701722E-001  4.869997741339904E-001  5.052501893068022E-001  2.556769726254987E-001
  2.200000000000001E+000  5.507042772099283E-001  4.875033837906022E-001  5.075077459861064E-001  2.556770761367335E-001
  2.300000000000001E+000  5.530639674693100E-001  4.879597823583663E-001  5.097030851071735E-001  2.556771504153141E-001
  2.400000000000001E+000  5.553535865380381E-001  4.883749047450742E-001  5.118365452721996E-001  2.556771994050589E-001
  2.500000000000001E+000  5.575778740326254E-001  4.887540461506819E-001  5.139089365789337E-001  2.556772266200579E-001
  2.600000000000001E+000  5.597410533394372E-001  4.891019111536242E-001  5.159214514957362E-001  2.556772351727855E-001
  2.700000000000002E+000  5.618469028975003E-001  4.894226630975728E-001  5.178755846450644E-001  2.556772278049046E-001
  2.800000000000002E+000  5.638988149783452E-001  4.897199726431454E-001  5.197730617388124E-001  2.556772069192097E-001
  3.000000000000002E+000  5.678840862980057E-001  4.902410268855670E-001  5.234482867518122E-001  2.556771262057970E-001
  3.200000000000002E+000  5.716813101673316E-001  4.907093478912716E-001  5.269066611782544E-001  2.556770174305421E-001
  3.400000000000002E+000  5.753087852225677E-001  4.911380836289763E-001  5.301707031308114E-001  2.556768888638992E-001
  3.600000000000002E+000  5.787818637066854E-001  4.915373543643025E-001  5.332602372714578E-001  2.556767467201266E-001
  3.800000000000002E+000  5.821135796911570E-001  4.919148817929712E-001  5.361927712021116E-001  2.556765956094256E-001
  4.000000000000003E+000  5.853151295381882E-001  4.922765113333705E-001  5.389837605127090E-001  2.556764389112832E-001
  4.200000000000003E+000  5.883962384492482E-001  4.926266389340379E-001  5.416468258988735E-001  2.556762790743907E-001
  4.400000000000003E+000  5.913654403818905E-001  4.929685531523051E-001  5.441939486348629E-001  2.556761178524788E-001
  4.600000000000003E+000  5.942302925993824E-001  4.933047046739877E-001  5.466356533273430E-001  2.556759564864136E-001
  4.800000000000003E+000  5.969975411431028E-001  4.936369154662283E-001  5.489811794414857E-001  2.556757958425825E-001
  5.000000000000004E+000  5.996732495618976E-001  4.939665389116965E-001  5.512386405086446E-001  2.556756365165946E-001
  5.200000000000004E+000  6.022629001494022E-001  4.942945809613522E-001  5.534151695612899E-001  2.556754789100190E-001
  5.400000000000004E+000  6.047714745721351E-001  4.946217908473498E-001  5.555170498514683E-001  2.556753232865340E-001
  5.600000000000004E+000  6.072035189756877E-001  4.949487284039498E-001  5.575498306379488E-001  2.556751698125976E-001
  5.800000000000004E+000  6.095631973117390E-001  4.952758136647784E-001  5.595184284837607E-001  2.556750185866357E-001
  6.000000000000004E+000  6.118543356330060E-001  4.956033631970605E-001  5.614272149878807E-001  2.556748696598239E-001
  6.200000000000005E+000  6.140804593733881E-001  4.959316166176219E-001  5.632800921712948E-001  2.556747230507742E-001
  6.400000000000005E+000  6.162448250998813E-001  4.962607559076363E-001  5.650805568763837E-001  2.556745787558507E-001
  6.600000000000005E+000  6.183504478393187E-001  4.965909194858268E-001  5.668317555592540E-001  2.556744367563775E-001
  6.800000000000005E+000  6.204001248067580E-001  4.969222124892618E-001  5.685365307956026E-001  2.556742970236523E-001
  7.000000000000005E+000  6.223964561634718E-001  4.972547143216830E-001  5.701974607138879E-001  2.556741595224210E-001
  7.500000000000005E+000  6.272053064962382E-001  4.980860448836058E-001  5.742197778152947E-001  2.556738273838329E-001
  8.000000000000005E+000  6.317215535085321E-001  4.989253764388220E-001  5.780031512866107E-001  2.556735075286957E-001
  8.500000000000005E+000  6.359755128946374E-001  4.997733290449999E-001  5.815755304708502E-001  2.556731996261716E-001
  9.000000000000005E+000  6.399928784932782E-001  5.006299912281033E-001  5.849600779582331E-001  2.556729031767066E-001
  9.500000000000005E+000  6.437956791541719E-001  5.014951848223126E-001  5.881761446207155E-001  2.556726176342259E-001
  1.000000000000001E+001  6.474029715571515E-001  5.023685917572756E-001  5.912400613317208E-001  2.556723424565960E-001
  1.050000000000001E+001  6.508313668553205E-001  5.032498189414012E-001  5.941657518439234E-001  2.556720771254401E-001
  1.100000000000001E+001  6.540954416082561E-001  5.041384337639137E-001  5.969652016397082E-001  2.556718211528881E-001
  1.150000000000001E+001  6.572080638635399E-001  5.050339849068156E-001  5.996488176229849E-001  2.556715740828490E-001
  1.200000000000001E+001  6.601806551972119E-001  5.059360152907305E-001  6.022257065881842E-001  2.556713354900439E-001
  1.250000000000001E+001  6.630234035138958E-001  5.068440704703576E-001  6.047038932883135E-001  2.556711049781746E-001
  1.300000000000001E+001  6.657454374607178E-001  5.077577041989207E-001  6.070904932488563E-001  2.556708821778237E-001
  1.350000000000001E+001  6.683549705749131E-001  5.086764821259346E-001  6.093918513034843E-001  2.556706667443397E-001
  1.400000000000001E+001  6.708594213292502E-001  5.095999842132812E-001  6.116136538509697E-001  2.556704583558101E-001
  1.450000000000001E+001  6.732655138109487E-001  5.105278062487110E-001  6.137610207226286E-001  2.556702567111757E-001
  1.500000000000001E+001  6.755793627102927E-001  5.114595607147430E-001  6.158385810478291E-001  2.556700615284927E-001
  1.550000000000001E+001  6.778065454996589E-001  5.123948771943276E-001  6.178505364262415E-001  2.556698725433475E-001
  1.600000000000001E+001  6.799521640799383E-001  5.133334024435281E-001  6.198007139315617E-001  2.556696895074146E-001
  1.650000000000001E+001  6.820208977087340E-001  5.142748002260251E-001  6.216926108948125E-001  2.556695121871503E-001
  1.700000000000001E+001  6.840170486670410E-001  5.152187509790671E-001  6.235294329861623E-001  2.556693403626073E-001
  1.750000000000001E+001  6.859445818422958E-001  5.161649513622847E-001  6.253141267910075E-001  2.556691738263654E-001
  1.800000000000001E+001  6.878071591865937E-001  5.171131137274670E-001  6.270494078301760E-001  2.556690123825602E-001
  1.900000000000001E+001  6.913604937500901E-001  5.190103084167356E-001  6.304037378942180E-001  2.556687051328552E-001
  2.000000000000001E+001  6.946896512066709E-001  5.209116621857519E-001  6.335840160740676E-001  2.556684155931171E-001
  2.100000000000001E+001  6.978160488721394E-001  5.228160797983227E-001  6.366064566412800E-001  2.556681429284798E-001
  2.200000000000001E+001  7.007583030475669E-001  5.247220580378787E-001  6.394853009376613E-001  2.556678861037101E-001
  2.300000000000001E+001  7.035327179258840E-001  5.266281664497742E-001  6.422329585605607E-001  2.556676441315906E-001
  2.400000000000001E+001  7.061536463135324E-001  5.285331151973988E-001  6.448602996826972E-001  2.556674161043322E-001
  2.500000000000001E+001  7.086337830825757E-001  5.304357534741541E-001  6.473769073309195E-001  2.556672011901870E-001
  2.600000000000001E+001  7.109844067657498E-001  5.323350573685612E-001  6.497912793338935E-001  2.556669986256854E-001
  2.700000000000001E+001  7.132155792671856E-001  5.342301170891625E-001  6.521109903536659E-001  2.556668077082394E-001
  2.800000000000001E+001  7.153363117928685E-001  5.361201251409869E-001  6.543428234960077E-001  2.556666277896760E-001
  2.900000000000001E+001  7.173547035235058E-001  5.380043656449817E-001  6.564928784585127E-001  2.556664582706329E-001
  3.000000000000001E+001  7.192780582012429E-001  5.398822047523676E-001  6.585666612816552E-001  2.556662985956876E-001
  3.100000000000001E+001  7.211129827164785E-001  5.417530820639312E-001  6.605691594682395E-001  2.556661482491050E-001
  3.200000000000001E+001  7.228654709328443E-001  5.436165029591169E-001  6.625049053287069E-001  2.556660067511068E-001
  3.300000000000001E+001  7.245409753302148E-001  5.454720317433130E-001  6.643780297570133E-001  2.556658736545877E-001
  3.400000000000001E+001  7.261444685341644E-001  5.473192855279916E-001  6.661923081611028E-001  2.556657485422116E-001
  3.600000000000001E+001  7.291554028574905E-001  5.509826525198265E-001  6.696807432701765E-001  2.556655213077332E-001
  3.800000000000001E+001  7.319276847430911E-001  5.546092234339084E-001  6.729669390650311E-001  2.556653212891330E-001
  4.000000000000001E+001  7.344884069797296E-001  5.581978377653108E-001  6.760728888239738E-001  2.556651462393455E-001
  4.200000000000001E+001  7.368607384961745E-001  5.617472924331884E-001  6.790173278185244E-001  2.556649939786069E-001
  4.400000000000001E+001  7.390645884407050E-001  5.652567120969760E-001  6.818162857173501E-001  2.556648625574047E-001
  4.600000000000001E+001  7.411171522708841E-001  5.687255120948973E-001  6.844835985291049E-001  2.556647502348284E-001
  4.800000000000001E+001  7.430333593007579E-001  5.721533457330387E-001  6.870312967125209E-001  2.556646554513075E-001
  5.000000000000001E+001  7.448262361965399E-001  5.755400597966555E-001  6.894699058885883E-001  2.556645768053466E-001
  5.200000000000001E+001  7.465072027472653E-001  5.788856581421661E-001  6.918086852354800E-001  2.556645130338861E-001
  5.400000000000001E+001  7.480863138250645E-001  5.821902719490863E-001  6.940558195564174E-001  2.556644629956128E-001
  5.600000000000001E+001  7.495724585657990E-001  5.854541353808118E-001  6.962185759173990E-001  2.556644256566870E-001
  5.800000000000001E+001  7.509735253689119E-001  5.886775656322051E-001  6.983034326570567E-001  2.556644000784681E-001
  6.000000000000001E+001  7.522965394138129E-001  5.918609465386785E-001  7.003161865371070E-001  2.556643854069086E-001
  6.200000000000001E+001  7.535477779316456E-001  5.950047150825144E-001  7.022620423939007E-001  2.556643808633505E-001
  6.400000000000000E+001  7.547328673555427E-001  5.981093502620120E-001  7.041456886429391E-001  2.556643857365057E-001
  6.600000000000000E+001  7.558568656160580E-001  6.011753638930610E-001  7.059713612476346E-001  2.556643993754437E-001
  6.800000000000000E+001  7.569243321873866E-001  6.042032929957982E-001  7.077428982095865E-001  2.556644211834394E-001
  7.000000000000000E+001  7.579393879763074E-001  6.071936934853124E-001  7.094637862171322E-001  2.556644506125566E-001
  7.500000000000000E+001  7.602665511794960E-001  6.144974653916826E-001  7.136062086152164E-001  2.556645536827888E-001
  8.000000000000000E+001  7.623399523432779E-001  6.215804697633061E-001  7.174824861873149E-001  2.556646944101540E-001
  8.500000000000000E+001  7.641984645200990E-001  6.284518488904030E-001  7.211307833131863E-001  2.556648671550751E-001
  9.000000000000000E+001  7.658736411784718E-001  6.351204625054737E-001  7.245813945946421E-001  2.556650672795885E-001
  9.500000000000000E+001  7.673912611572324E-001  6.415949594701469E-001  7.278589071160287E-001  2.556652909194782E-001
  1.000000000000000E+002  7.687725594489921E-001  6.478836977113666E-001  7.309835933268910E-001  2.556655348313323E-001
  1.050000000000000E+002  7.700351715084688E-001  6.539946978150460E-001  7.339723714945633E-001  2.556657962757254E-001
  1.100000000000000E+002  7.711938565122314E-001  6.599356202621480E-001  7.368395028364221E-001  2.556660729258073E-001
  1.150000000000000E+002  7.722610551527561E-001  6.657137579790350E-001  7.395971135291525E-001  2.556663627949038E-001
  1.200000000000000E+002  7.732473236293077E-001  6.713360387796788E-001  7.422555940422894E-001  2.556666641786501E-001
  1.250000000000000E+002  7.741616743758905E-001  6.768090341099131E-001  7.448239096320372E-001  2.556669756083695E-001
  1.300000000000000E+002  7.750118459143550E-001  6.821389716877357E-001  7.473098449689302E-001  2.556672958132527E-001
  1.350000000000000E+002  7.758045183518943E-001  6.873317504174113E-001  7.497201990453878E-001  2.556676236894659E-001
  1.400000000000000E+002  7.765454868167859E-001  6.923929564823759E-001  7.520609419990703E-001  2.556679582747745E-001
  1.450000000000000E+002  7.772398020654221E-001  6.973278798806145E-001  7.543373424023275E-001  2.556682987275730E-001
  1.500000000000000E+002  7.778918852579392E-001  7.021415309121675E-001  7.565540714008290E-001  2.556686443094628E-001
  1.550000000000000E+002  7.785056222519909E-001  7.068386562979551E-001  7.587152885307167E-001  2.556689943707106E-001
  1.600000000000000E+002  7.790844415387044E-001  7.114237547264060E-001  7.608247129107014E-001  2.556693483380439E-001
  1.650000000000000E+002  7.796313790253721E-001  7.159010917054518E-001  7.628856826676483E-001  2.556697057043705E-001
  1.700000000000000E+002  7.801491321736563E-001  7.202747136534656E-001  7.649012048267931E-001  2.556700660200748E-001
  1.750000000000000E+002  7.806401054713403E-001  7.245484612010895E-001  7.668739974227152E-001  2.556704288856232E-001
  1.800000000000000E+002  7.811064488076531E-001  7.287259817019609E-001  7.688065252241465E-001  2.556707939452555E-001
  1.900000000000000E+002  7.819714430034661E-001  7.367927038553612E-001  7.725888367271442E-001  2.556715268684976E-001
  2.000000000000000E+002  7.827594042244957E-001  7.445164401313279E-001  7.762264433639903E-001  2.556722654446015E-001
  2.100000000000000E+002  7.834808385693350E-001  7.519199826706869E-001  7.797353221256215E-001  2.556730078120146E-001
  2.200000000000000E+002  7.841444838372937E-001  7.590241521831249E-001  7.831282595512737E-001  2.556737525434442E-001
  2.300000000000000E+002  7.847576369733292E-001  7.658479691726194E-001  7.864158559656818E-001  2.556744984882020E-001
  2.400000000000000E+002  7.853264289430139E-001  7.724088280570250E-001  7.896070815841336E-001  2.556752447114066E-001
  2.500000000000000E+002  7.858560436380123E-001  7.787226616100899E-001  7.927096343289908E-001  2.556759904501596E-001
  2.600000000000000E+002  7.863508910204833E-001  7.848040898860420E-001  7.957301914050983E-001  2.556767350802397E-001
  2.700000000000000E+002  7.868147444752909E-001  7.906665530861888E-001  7.986745956694244E-001  2.556774780901699E-001
  2.800000000000000E+002  7.872508503880279E-001  7.963224294464117E-001  8.015479983634421E-001  2.556782190607340E-001
  2.900000000000000E+002  7.876620161332736E-001  8.017831396627236E-001  8.043549709702440E-001  2.556789576486292E-001
  3.000000000000000E+002  7.880506811960053E-001  8.070592394064168E-001  8.070995943908454E-001  2.556796935733108E-001
  3.100000000000000E+002  7.884189750338088E-001  8.121605013739831E-001  8.097855310078028E-001  2.556804266063359E-001
  3.200000000000000E+002  7.887687644470739E-001  8.170959881673818E-001  8.124160835751379E-001  2.556811565626721E-001
  3.300000000000000E+002  7.891016925919694E-001  8.218741171454503E-001  8.149942438049077E-001  2.556818832935749E-001
  3.400000000000000E+002  7.894192112936568E-001  8.265027182420375E-001  8.175227327900353E-001  2.556826066807180E-001
  3.500000000000000E+002  7.897226079550682E-001  8.309890856160088E-001  8.200040348872136E-001  2.556833266313336E-001
  3.600000000000000E+002  7.900130280801380E-001  8.353400238835664E-001  8.224404263106795E-001  2.556840430741745E-001
  3.700000000000000E+002  7.902914942180389E-001  8.395618895836402E-001  8.248339994121135E-001  2.556847559561412E-001
  3.800000000000000E+002  7.905589219707960E-001  8.436606284409555E-001  8.271866834155115E-001  2.556854652394600E-001
  3.900000000000000E+002  7.908161335788920E-001  8.476418089172522E-001  8.295002622186690E-001  2.556861708993077E-001
  4.000000000000000E+002  7.910638694994840E-001  8.515106524772755E-001  8.317763897520948E-001  2.556868729218107E-001
  4.200000000000000E+002  7.915347894014997E-001  8.589186867902705E-001  8.362484499096102E-001  2.556882607376850E-001
  4.400000000000000E+002  7.919752360658147E-001  8.659360881125172E-001  8.405802837951540E-001  2.556896346260090E-001
  4.600000000000000E+002  7.923888997960156E-001  8.725937760828973E-001  8.447842486556418E-001  2.556909945436280E-001
  4.800000000000000E+002  7.927789063793836E-001  8.789194653395276E-001  8.488703720526510E-001  2.556923406205841E-001
  5.000000000000000E+002  7.931479060604413E-001  8.849380187553290E-001  8.528471785031162E-001  2.556936730585082E-001
  5.200000000000000E+002  7.934981560276210E-001  8.906717923500456E-001  8.567220847089173E-001  2.556949921014059E-001
  5.400000000000000E+002  7.938315889218434E-001  8.961409420849569E-001  8.605016357550795E-001  2.556962980196651E-001
  5.600000000000000E+002  7.941498684815478E-001  9.013636902588872E-001  8.641916655547183E-001  2.556975910997340E-001
  5.800000000000000E+002  7.944544345609859E-001  9.063565553754582E-001  8.677974142123251E-001  2.556988716369758E-001
  6.000000000000000E+002  7.947465396179949E-001  9.111345503823349E-001  8.713236179105175E-001  2.557001399305623E-001
  6.200000000000000E+002  7.950272784076061E-001  9.157113539134981E-001  8.747745799066710E-001  2.557013962797842E-001
  6.400000000000000E+002  7.952976122661135E-001  9.200994585859129E-001  8.781542278630392E-001  2.557026409813739E-001
  6.600000000000000E+002  7.955583890757296E-001  9.243102997983815E-001  8.814661609252374E-001  2.557038743275784E-001
  6.800000000000000E+002  7.958103597654693E-001  9.283543679359225E-001  8.847136889018354E-001  2.557050966047865E-001
  7.000000000000000E+002  7.960541920207503E-001  9.322413064159798E-001  8.878998652308021E-001  2.557063080925731E-001
  7.200000000000000E+002  7.962904817319910E-001  9.359799976205819E-001  8.910275149775282E-001  2.557075090630586E-001
  7.400000000000000E+002  7.965197626022082E-001  9.395786384319392E-001  8.940992588054039E-001  2.557086997805063E-001
  7.600000000000000E+002  7.967425142478781E-001  9.430448068179581E-001  8.971175336441231E-001  2.557098805010988E-001
  7.800000000000000E+002  7.969591690604039E-001  9.463855206891945E-001  9.000846106233995E-001  2.557110514728498E-001
  8.000000000000000E+002  7.971701180431716E-001  9.496072900619428E-001  9.030026107225219E-001  2.557122129356190E-001
  8.200000000000000E+002  7.973757157978361E-001  9.527161634065056E-001  9.058735184971912E-001  2.557133651211981E-001
  8.400000000000000E+002  7.975762848008922E-001  9.557177689298422E-001  9.086991941767530E-001  2.557145082534591E-001
  8.600000000000000E+002  7.977721190855824E-001  9.586173514330051E-001  9.114813843714195E-001  2.557156425485374E-001
  8.800000000000000E+002  7.979634874234605E-001  9.614198052924642E-001  9.142217315871918E-001  2.557167682150432E-001
  9.000000000000000E+002  7.981506360832707E-001  9.641297040374990E-001  9.169217827125296E-001  2.557178854542958E-001
  9.200000000000000E+002  7.983337912313744E-001  9.667513269308234E-001  9.195829966140321E-001  2.557189944605655E-001
  9.400000000000000E+002  7.985131610270421E-001  9.692886829045696E-001  9.222067509564698E-001  2.557200954213242E-001
  9.600000000000000E+002  7.986889374570940E-001  9.717455321569130E-001  9.247943483448277E-001  2.557211885174970E-001
  9.800000000000000E+002  7.988612979471053E-001  9.741254056747576E-001  9.273470218712897E-001  2.557222739237146E-001
  1.000000000000000E+003  7.990304067804417E-001  9.764316229137534E-001  9.298659401381230E-001  2.557233518085614E-001
  1.050000000000000E+003  7.994438546613358E-001  9.819025804907063E-001  9.360492512527071E-001  2.557260009225151E-001
  1.100000000000000E+003  7.998398155448875E-001  9.869804015236548E-001  9.420360849084820E-001  2.557286078640866E-001
  1.150000000000000E+003  8.002199820082785E-001  9.917021668681364E-001  9.478433717358984E-001  2.557311744802523E-001
  1.200000000000000E+003  8.005858372551266E-001  9.961004164154977E-001  9.534851590753229E-001  2.557337026179327E-001
  1.250000000000000E+003  8.009386720255789E-001  1.000203772994955E+000  9.589735726237021E-001  2.557361940192401E-001
  1.300000000000000E+003  8.012796107393320E-001  1.004037506194847E+000  9.643192698641744E-001  2.557386503118694E-001
  1.350000000000000E+003  8.016096362913480E-001  1.007624011330096E+000  9.695317198572492E-001  2.557410730134219E-001
  1.400000000000000E+003  8.019296115391416E-001  1.010983211434720E+000  9.746194002092308E-001  2.557434635388799E-001
  1.450000000000000E+003  8.022402973943157E-001  1.014132894362134E+000  9.795899459439734E-001  2.557458232086341E-001
  1.500000000000000E+003  8.025423679057567E-001  1.017088996207681E+000  9.844502668648980E-001  2.557481532562633E-001
  1.550000000000000E+003  8.028364228066176E-001  1.019865840514428E+000  9.892066426295180E-001  2.557504548357937E-001
  1.600000000000000E+003  8.031229979647321E-001  1.022476341018092E+000  9.938648012404661E-001  2.557527290283578E-001
  1.650000000000000E+003  8.034025741128736E-001  1.024932174233089E+000  9.984299847584588E-001  2.557549768482519E-001
  1.700000000000000E+003  8.036755841702502E-001  1.027243926993554E+000  1.002907004918382E+000  2.557571992484276E-001
  1.750000000000000E+003  8.039424194089306E-001  1.029421223106708E+000  1.007300290615089E+000  2.557593971254576E-001
  1.800000000000000E+003  8.042034346706251E-001  1.031472832509561E+000  1.011613928745465E+000  2.557615713240260E-001
  1.850000000000000E+003  8.044589527998935E-001  1.033406765705986E+000  1.015851699557178E+000  2.557637226409898E-001
  1.900000000000000E+003  8.047092684281655E-001  1.035230355768002E+000  1.020017107410741E+000  2.557658518290536E-001
  1.950000000000000E+003  8.049546512176023E-001  1.036950329787751E+000  1.024113407680311E+000  2.557679596001000E-001
  2.000000000000000E+003  8.051953486535464E-001  1.038572871345166E+000  1.028143630380749E+000  2.557700466282105E-001
  2.050000000000000E+003  8.054315884580738E-001  1.040103675295161E+000  1.032110601001787E+000  2.557721135524108E-001
  2.100000000000000E+003  8.056635806841503E-001  1.041547995965019E+000  1.036016958946330E+000  2.557741609791672E-001
  2.150000000000000E+003  8.058915195394100E-001  1.042910689678061E+000  1.039865173903304E+000  2.557761894846622E-001
  2.200000000000000E+003  8.061155849801316E-001  1.044196252375979E+000  1.043657560431848E+000  2.557781996168740E-001
  2.250000000000000E+003  8.063359441091146E-001  1.045408852993448E+000  1.047396290990191E+000  2.557801918974717E-001
  2.300000000000000E+003  8.065527524055847E-001  1.046552363140183E+000  1.051083407606965E+000  2.557821668235559E-001
  2.350000000000000E+003  8.067661548106969E-001  1.047630383563521E+000  1.054720832363395E+000  2.557841248692515E-001
  2.400000000000000E+003  8.069762866884592E-001  1.048646267796076E+000  1.058310376830524E+000  2.557860664871730E-001
  2.450000000000000E+003  8.071832746788060E-001  1.049603143335444E+000  1.061853750585275E+000  2.557879921097690E-001
  2.500000000000000E+003  8.073872374570168E-001  1.050503930654549E+000  1.065352568912199E+000  2.557899021505637E-001
  2.550000000000000E+003  8.075882864115357E-001  1.051351360300252E+000  1.068808359783359E+000  2.557917970052990E-001
  2.600000000000000E+003  8.077865262504912E-001  1.052147988303201E+000  1.072222570196711E+000  2.557936770529924E-001
  2.650000000000000E+003  8.079820555457319E-001  1.052896210092418E+000  1.075596571942902E+000  2.557955426569136E-001
  2.700000000000000E+003  8.081749672219551E-001  1.053598273082960E+000  1.078931666861745E+000  2.557973941654873E-001
  2.750000000000000E+003  8.083653489974513E-001  1.054256288083515E+000  1.082229091641885E+000  2.557992319131357E-001
  2.800000000000000E+003  8.085532837821073E-001  1.054872239652335E+000  1.085490022210845E+000  2.558010562210534E-001
  2.850000000000000E+003  8.087388500375626E-001  1.055447995514060E+000  1.088715577756895E+000  2.558028673979350E-001
  2.900000000000000E+003  8.089221221037602E-001  1.055985315136317E+000  1.091906824419462E+000  2.558046657406454E-001
  2.950000000000000E+003  8.091031704956081E-001  1.056485857553135E+000  1.095064778680451E+000  2.558064515348504E-001
  3.000000000000000E+003  8.092820621729739E-001  1.056951188512008E+000  1.098190410485341E+000  2.558082250555987E-001
  3.050000000000000E+003  8.094588607868670E-001  1.057382787012510E+000  1.101284646119596E+000  2.558099865678728E-001
  3.100000000000000E+003  8.096336269042790E-001  1.057782051296632E+000  1.104348370863176E+000  2.558117363270959E-001
  3.200000000000000E+003  8.099793435542666E-001  1.058517591754983E+000  1.110394538344792E+000  2.558151907073522E-001
  3.300000000000000E+003  8.103174803971224E-001  1.059138699329518E+000  1.116326317102503E+000  2.558186016642046E-001
  3.400000000000000E+003  8.106484186374191E-001  1.059654024121984E+000  1.122150191628295E+000  2.558219708081579E-001
  3.500000000000000E+003  8.109725164580734E-001  1.060071406024147E+000  1.127871893788028E+000  2.558252996976920E-001
  3.600000000000000E+003  8.112901070096746E-001  1.060397954473380E+000  1.133496618022856E+000  2.558285898063706E-001
  3.700000000000000E+003  8.116014993332037E-001  1.060640127710100E+000  1.139029120824102E+000  2.558318425229211E-001
  3.800000000000000E+003  8.119069800389854E-001  1.060803804270062E+000  1.144473783387838E+000  2.558350591559999E-001
  3.900000000000000E+003  8.122068151461901E-001  1.060894346057367E+000  1.149834657743744E+000  2.558382409397371E-001
  4.000000000000000E+003  8.125012518773518E-001  1.060916653675518E+000  1.155115503449387E+000  2.558413890391700E-001
  4.100000000000000E+003  8.127905203328147E-001  1.060875214934610E+000  1.160319818008639E+000  2.558445045553399E-001
  4.200000000000000E+003  8.130748350213469E-001  1.060774147425630E+000  1.165450862706239E+000  2.558475885299908E-001
  4.300000000000000E+003  8.133543962449714E-001  1.060617235958695E+000  1.170511684894216E+000  2.558506419498779E-001
  4.400000000000000E+003  8.136293913455154E-001  1.060407965557834E+000  1.175505137427061E+000  2.558536657507045E-001
  4.500000000000000E+003  8.138999958240988E-001  1.060149550607637E+000  1.180433895747263E+000  2.558566608207212E-001
  4.600000000000000E+003  8.141663743458545E-001  1.059844960661370E+000  1.185300472999961E+000  2.558596280040147E-001
  4.700000000000000E+003  8.144286816419442E-001  1.059496943346423E+000  1.190107233472793E+000  2.558625681035156E-001
  4.800000000000000E+003  8.146870633201316E-001  1.059108044740149E+000  1.194856404598354E+000  2.558654818837528E-001
  4.900000000000000E+003  8.149416565941539E-001  1.058680627535920E+000  1.199550087713241E+000  2.558683700733789E-001
  5.000000000000000E+003  8.151925909410523E-001  1.058216887274096E+000  1.204190267734675E+000  2.558712333674864E-001
  5.100000000000000E+003  8.154399886945866E-001  1.057718866874469E+000  1.208778821889640E+000  2.558740724297396E-001
  5.200000000000000E+003  8.156839655819109E-001  1.057188469674303E+000  1.213317527610881E+000  2.558768878943347E-001
  5.300000000000000E+003  8.159246312098254E-001  1.056627471148540E+000  1.217808069697271E+000  2.558796803678068E-001
  5.400000000000000E+003  8.161620895061421E-001  1.056037529465358E+000  1.222252046822344E+000  2.558824504306975E-001
  5.500000000000000E+003  8.163964391210492E-001  1.055420195010170E+000  1.226650977463257E+000  2.558851986390953E-001
  5.600000000000000E+003  8.166277737927576E-001  1.054776918994087E+000  1.231006305313000E+000  2.558879255260620E-001
  5.700000000000000E+003  8.168561826811934E-001  1.054109061248139E+000  1.235319404230465E+000  2.558906316029532E-001
  5.800000000000000E+003  8.170817506730662E-001  1.053417897291924E+000  1.239591582776266E+000  2.558933173606426E-001
  5.900000000000000E+003  8.173045586612345E-001  1.052704624754495E+000  1.243824088376241E+000  2.558959832706592E-001
  6.000000000000000E+003  8.175246838009621E-001  1.051970369215834E+000  1.248018111149631E+000  2.558986297862461E-001
  6.100000000000000E+003  8.177421997453496E-001  1.051216189529180E+000  1.252174787434588E+000  2.559012573433436E-001
  6.200000000000000E+003  8.179571768619724E-001  1.050443082677361E+000  1.256295203039906E+000  2.559038663615062E-001
  6.300000000000000E+003  8.181696824325340E-001  1.049651988210172E+000  1.260380396248659E+000  2.559064572447574E-001
  6.400000000000000E+003  8.183797808371237E-001  1.048843792304445E+000  1.264431360596615E+000  2.559090303823894E-001
  6.500000000000000E+003  8.185875337245233E-001  1.048019331483812E+000  1.268449047445770E+000  2.559115861497084E-001
  6.600000000000000E+003  8.187930001698236E-001  1.047179396031056E+000  1.272434368371271E+000  2.559141249087336E-001
  6.700000000000000E+003  8.189962368205027E-001  1.046324733122333E+000  1.276388197378011E+000  2.559166470088495E-001
  6.800000000000000E+003  8.191972980319783E-001  1.045456049709425E+000  1.280311372961603E+000  2.559191527874213E-001
  6.900000000000000E+003  8.193962359935567E-001  1.044574015173387E+000  1.284204700026868E+000  2.559216425703675E-001
  7.000000000000000E+003  8.195931008455984E-001  1.043679263770503E+000  1.288068951675732E+000  2.559241166727003E-001
  7.100000000000000E+003  8.197879407886433E-001  1.042772396889318E+000  1.291904870875249E+000  2.559265753990341E-001
  7.200000000000000E+003  8.199808021851628E-001  1.041853985135566E+000  1.295713172015478E+000  2.559290190440614E-001
  7.300000000000000E+003  8.201717296545477E-001  1.040924570260160E+000  1.299494542365896E+000  2.559314478930028E-001
  7.400000000000000E+003  8.203607661618659E-001  1.039984666943860E+000  1.303249643438408E+000  2.559338622220301E-001
  7.500000000000000E+003  8.205479531008995E-001  1.039034764450934E+000  1.306979112264134E+000  2.559362622986647E-001
  7.600000000000000E+003  8.207333303718972E-001  1.038075328162902E+000  1.310683562590533E+000  2.559386483821552E-001
  7.700000000000000E+003  8.209169364544584E-001  1.037106801002408E+000  1.314363586004898E+000  2.559410207238318E-001
  7.800000000000000E+003  8.210988084759137E-001  1.036129604756307E+000  1.318019752989650E+000  2.559433795674437E-001
  7.900000000000000E+003  8.212789822755422E-001  1.035144141306212E+000  1.321652613914436E+000  2.559457251494750E-001
  8.000000000000000E+003  8.214574924649349E-001  1.034150793773959E+000  1.325262699969595E+000  2.559480576994470E-001
  8.200000000000000E+003  8.218110638465642E-001  1.032188039255929E+000  1.332417362069051E+000  2.559526726601878E-001
  8.400000000000000E+003  8.221582855531782E-001  1.030196900881273E+000  1.339485847349037E+000  2.559572386700245E-001
  8.600000000000000E+003  8.224993943897736E-001  1.028179870555464E+000  1.346472100388306E+000  2.559617572606571E-001
  8.800000000000000E+003  8.228346154752311E-001  1.026139238165807E+000  1.353379701577704E+000  2.559662299099325E-001
  9.000000000000000E+003  8.231641615947699E-001  1.024077107089440E+000  1.360211959321354E+000  2.559706580244204E-001
  9.200000000000000E+003  8.234882335246204E-001  1.021995411031010E+000  1.366971952072765E+000  2.559750429411288E-001
  9.400000000000000E+003  8.238070206491537E-001  1.019895929776413E+000  1.373662556024696E+000  2.559793859312675E-001
  9.600000000000000E+003  8.241207016672535E-001  1.017780303509308E+000  1.380286466037894E+000  2.559836882042304E-001
  9.800000000000000E+003  8.244294453071481E-001  1.015650045699477E+000  1.386846212558904E+000  2.559879509114507E-001
  1.000000000000000E+004  8.247334110152864E-001  1.013506554665227E+000  1.393344175855297E+000  2.559921751500406E-001
  1.020000000000000E+004  8.250327496050602E-001  1.011351123936304E+000  1.399782598305804E+000  2.559963619661915E-001
  1.040000000000000E+004  8.253276038605553E-001  1.009184951544215E+000  1.406163595194202E+000  2.560005123583252E-001
  1.060000000000000E+004  8.256181090949771E-001  1.007009148358569E+000  1.412489164301643E+000  2.560046272800203E-001
  1.080000000000000E+004  8.259043936655076E-001  1.004824745576762E+000  1.418761194503406E+000  2.560087076427162E-001
  1.100000000000000E+004  8.261865794472856E-001  1.002632701462645E+000  1.424981473522090E+000  2.560127543182210E-001
  1.120000000000000E+004  8.264647822695449E-001  1.000433907418745E+000  1.431151694954211E+000  2.560167681410292E-001
  1.140000000000000E+004  8.267391123169801E-001  9.982291934665419E-001  1.437273464663204E+000  2.560207499104747E-001
  1.160000000000000E+004  8.270096744993011E-001  9.960193332002755E-001  1.443348306614878E+000  2.560247003927247E-001
  1.180000000000000E+004  8.272765687917446E-001  9.938050482718965E-001  1.449377668218691E+000  2.560286203226329E-001
  1.200000000000000E+004  8.275398905491012E-001  9.915870124578023E-001  1.455362925228425E+000  2.560325104054620E-001
  1.220000000000000E+004  8.277997307956005E-001  9.893658553519461E-001  1.461305386248293E+000  2.560363713184852E-001
  1.240000000000000E+004  8.280561764927757E-001  9.871421657246229E-001  1.467206296884200E+000  2.560402037124805E-001
  1.260000000000000E+004  8.283093107872419E-001  9.849164945816330E-001  1.473066843574879E+000  2.560440082131231E-001
  1.280000000000000E+004  8.285592132401290E-001  9.826893579544700E-001  1.478888157133372E+000  2.560477854222833E-001
  1.300000000000000E+004  8.288059600397514E-001  9.804612394487007E-001  1.484671316025685E+000  2.560515359192426E-001
  1.320000000000000E+004  8.290496241989361E-001  9.782325925746063E-001  1.490417349410507E+000  2.560552602618323E-001
  1.340000000000000E+004  8.292902757383046E-001  9.760038428814646E-001  1.496127239961142E+000  2.560589589874928E-001
  1.360000000000000E+004  8.295279818566754E-001  9.737753899144987E-001  1.501801926488618E+000  2.560626326142748E-001
  1.380000000000000E+004  8.297628070896407E-001  9.715476090114413E-001  1.507442306382939E+000  2.560662816417737E-001
  1.400000000000000E+004  8.299948134572817E-001  9.693208529538333E-001  1.513049237887697E+000  2.560699065520085E-001
  1.420000000000000E+004  8.302240606018855E-001  9.670954534865815E-001  1.518623542221766E+000  2.560735078102489E-001
  1.440000000000000E+004  8.304506059164665E-001  9.648717227178654E-001  1.524166005560452E+000  2.560770858657907E-001
  1.460000000000000E+004  8.306745046647895E-001  9.626499544102428E-001  1.529677380887293E+000  2.560806411526893E-001
  1.480000000000000E+004  8.308958100935755E-001  9.604304251726875E-001  1.535158389726650E+000  2.560841740904485E-001
  1.500000000000000E+004  8.311145735374617E-001  9.582133955623131E-001  1.540609723766288E+000  2.560876850846711E-001
  1.520000000000000E+004  8.313308445172778E-001  9.559991111036568E-001  1.546032046378291E+000  2.560911745276728E-001
  1.540000000000000E+004  8.315446708321282E-001  9.537878032326268E-001  1.551425994046000E+000  2.560946427990626E-001
  1.560000000000000E+004  8.317560986457344E-001  9.515796901715261E-001  1.556792177703808E+000  2.560980902662902E-001
  1.580000000000000E+004  8.319651725674588E-001  9.493749777409372E-001  1.562131183996285E+000  2.561015172851654E-001
  1.600000000000000E+004  8.321719357283847E-001  9.471738601137196E-001  1.567443576462330E+000  2.561049242003493E-001
  1.620000000000000E+004  8.323764298528138E-001  9.449765205158611E-001  1.572729896649752E+000  2.561083113458184E-001
  1.640000000000000E+004  8.325786953254913E-001  9.427831318784984E-001  1.577990665165085E+000  2.561116790453057E-001
  1.660000000000000E+004  8.327787712548612E-001  9.405938574450148E-001  1.583226382663156E+000  2.561150276127204E-001
  1.680000000000000E+004  8.329766955326268E-001  9.384088513367734E-001  1.588437530780510E+000  2.561183573525435E-001
  1.700000000000000E+004  8.331725048898592E-001  9.362282590807279E-001  1.593624573016478E+000  2.561216685602051E-001
  1.720000000000000E+004  8.333662349498953E-001  9.340522181018586E-001  1.598787955565368E+000  2.561249615224434E-001
  1.740000000000000E+004  8.335579202782301E-001  9.318808581831296E-001  1.603928108103001E+000  2.561282365176443E-001
  1.760000000000000E+004  8.337475944296078E-001  9.297143018954184E-001  1.609045444530589E+000  2.561314938161666E-001
  1.780000000000000E+004  8.339352899924941E-001  9.275526649996804E-001  1.614140363678646E+000  2.561347336806502E-001
  1.800000000000000E+004  8.341210386310908E-001  9.253960568233868E-001  1.619213249973523E+000  2.561379563663103E-001
  1.820000000000000E+004  8.343048711250621E-001  9.232445806131404E-001  1.624264474068891E+000  2.561411621212163E-001
  1.840000000000000E+004  8.344868174071081E-001  9.210983338651751E-001  1.629294393444359E+000  2.561443511865610E-001
  1.860000000000000E+004  8.346669065985247E-001  9.189574086353479E-001  1.634303352973253E+000  2.561475237969135E-001
  1.880000000000000E+004  8.348451670428753E-001  9.168218918300617E-001  1.639291685461425E+000  2.561506801804633E-001
  1.900000000000000E+004  8.350216263378879E-001  9.146918654794696E-001  1.644259712158827E+000  2.561538205592522E-001
  1.920000000000000E+004  8.351963113656903E-001  9.125674069941916E-001  1.649207743245525E+000  2.561569451493954E-001
  1.940000000000000E+004  8.353692483214814E-001  9.104485894066713E-001  1.654136078293581E+000  2.561600541612948E-001
  1.960000000000000E+004  8.355404627407310E-001  9.083354815982363E-001  1.659045006706269E+000  2.561631477998403E-001
  1.980000000000000E+004  8.357099795250011E-001  9.062281485128106E-001  1.663934808135934E+000  2.561662262646036E-001
  2.000000000000000E+004  8.358778229664640E-001  9.041266513581843E-001  1.668805752881671E+000  2.561692897500255E-001
