! time                    visible_loop_density    visible_loop_diameter   
  0.000000000000000E+000  0.000000000000000E+000  0.000000000000000E+000
  9.999999999999998E-002  3.592913612228492E-006  1.084881203956097E+000
  1.999999999999999E-001  1.250415723234573E-005  1.093347331872770E+000
  2.999999999999999E-001  2.514980442746473E-005  1.099117726587126E+000
  3.999999999999999E-001  4.099842785297080E-005  1.104024623171788E+000
  4.999999999999999E-001  5.891744550714788E-005  1.107833998910934E+000
  6.000000000000000E-001  7.838326375797832E-005  1.110948862034322E+000
  7.000000000000001E-001  9.899417148195480E-005  1.113576576375611E+000
  8.000000000000002E-001  1.204412081618538E-004  1.115841487528546E+000
  9.000000000000002E-001  1.424886504157760E-004  1.117825632399825E+000
  1.000000000000000E+000  1.650867188607428E-004  1.119672523481920E+000
  1.100000000000000E+000  1.879847426512579E-004  1.121319873390621E+000
  1.200000000000000E+000  2.110932710832007E-004  1.122806302140179E+000
  1.300000000000000E+000  2.343509822923455E-004  1.124161080370486E+000
  1.400000000000001E+000  2.577185130490571E-004  1.125406976866383E+000
  1.500000000000001E+000  2.811733819921986E-004  1.126562057359936E+000
  1.600000000000001E+000  3.047058396879422E-004  1.127640873404865E+000
  1.700000000000001E+000  3.283155075789882E-004  1.128655278563832E+000
  1.800000000000001E+000  3.520086864773553E-004  1.129615007360085E+000
  1.900000000000001E+000  3.757962293019829E-004  1.130528098039039E+000
  2.000000000000001E+000  3.996918846347393E-004  1.131401209634967E+000
  2.100000000000001E+000  4.237110284627381E-004  1.132239865881276E+000
  2.200000000000001E+000  4.478697117067483E-004  1.133048647473291E+000
  2.300000000000001E+000  4.721839609936125E-004  1.133831347133927E+000
  2.400000000000001E+000  4.966692795881593E-004  1.134591097261328E+000
  2.500000000000001E+000  5.213403042992863E-004  1.135330476781594E+000
  2.600000000000001E+000  5.462105823099751E-004  1.136051601688413E+000
  2.700000000000002E+000  5.712924390707644E-004  1.136756202316700E+000
  2.800000000000002E+000  5.965969145314762E-004  1.137445689462582E+000
  3.000000000000002E+000  6.481913009092135E-004  1.138827432184468E+000
  3.200000000000002E+000  7.008105647606297E-004  1.140154719069253E+000
  3.400000000000002E+000  7.544828402819509E-004  1.141432294147565E+000
  3.600000000000002E+000  8.092260158659194E-004  1.142663632721898E+000
  3.800000000000002E+000  8.650492736782246E-004  1.143851387315093E+000
  4.000000000000003E+000  9.219547656693593E-004  1.144997679633942E+000
  4.200000000000003E+000  9.799392164550719E-004  1.146104290644778E+000
  4.400000000000003E+000  1.038995333217102E-003  1.147172784345775E+000
  4.600000000000003E+000  1.099112968445735E-003  1.148204588730187E+000
  4.800000000000003E+000  1.160280026504649E-003  1.149201048998648E+000
  5.000000000000004E+000  1.222483133286311E-003  1.150163462469092E+000
  5.200000000000004E+000  1.285708103436917E-003  1.151093101068392E+000
  5.400000000000004E+000  1.349940245404015E-003  1.151991225115672E+000
  5.600000000000004E+000  1.415164544083697E-003  1.152859090825200E+000
  5.800000000000004E+000  1.481365756682476E-003  1.153697953214748E+000
  6.000000000000004E+000  1.548528451469614E-003  1.154509065671835E+000
  6.200000000000005E+000  1.616637012688773E-003  1.155293677161938E+000
  6.400000000000005E+000  1.685675628840271E-003  1.156053027877373E+000
  6.600000000000005E+000  1.755628276279808E-003  1.156788343979670E+000
  6.800000000000005E+000  1.826478705786231E-003  1.157500831961742E+000
  7.000000000000005E+000  1.898210436439263E-003  1.158191673041576E+000
  7.500000000000005E+000  2.082841226306560E-003  1.159887932449162E+000
  8.000000000000005E+000  2.272497042722350E-003  1.161465737887361E+000
  8.500000000000005E+000  2.466896322840327E-003  1.162942423971802E+000
  9.000000000000005E+000  2.665759312013184E-003  1.164332568783204E+000
  9.500000000000005E+000  2.868812450690666E-003  1.165648367631815E+000
  1.000000000000001E+001  3.075791274447580E-003  1.166899978707022E+000
  1.050000000000001E+001  3.286442328727159E-003  1.168095838039211E+000
  1.100000000000001E+001  3.500524367914291E-003  1.169242940032806E+000
  1.150000000000001E+001  3.717809013062844E-003  1.170347081910100E+000
  1.200000000000001E+001  3.938080998335204E-003  1.171413072796371E+000
  1.250000000000001E+001  4.161138109998495E-003  1.172444909930942E+000
  1.300000000000001E+001  4.386790902071371E-003  1.173445925477247E+000
  1.350000000000001E+001  4.614862255978190E-003  1.174418907777393E+000
  1.400000000000001E+001  4.845186837104620E-003  1.175366200855601E+000
  1.450000000000001E+001  5.077610488887952E-003  1.176289785693454E+000
  1.500000000000001E+001  5.311989594965573E-003  1.177191346403172E+000
  1.550000000000001E+001  5.548190431785088E-003  1.178072323993490E+000
  1.600000000000001E+001  5.786088527702350E-003  1.178933960003884E+000
  1.650000000000001E+001  6.025568039679486E-003  1.179777331901148E+000
  1.700000000000001E+001  6.266521154970357E-003  1.180603381798114E+000
  1.750000000000001E+001  6.508847522400211E-003  1.181412939769286E+000
  1.800000000000001E+001  6.752453715801706E-003  1.182206742799568E+000
  1.900000000000001E+001  7.244161844437320E-003  1.183788926217559E+000
  2.000000000000001E+001  7.739802954293002E-003  1.185309889129124E+000
  2.100000000000001E+001  8.238868415548705E-003  1.186774158053886E+000
  2.200000000000001E+001  8.740911601138586E-003  1.188185560412128E+000
  2.300000000000001E+001  9.245541595851725E-003  1.189547441929770E+000
  2.400000000000001E+001  9.752415811006670E-003  1.190862775311924E+000
  2.500000000000001E+001  1.026123340743548E-002  1.192134231766087E+000
  2.600000000000001E+001  1.077172966552406E-002  1.193364232911458E+000
  2.700000000000001E+001  1.128367118893358E-002  1.194554989899010E+000
  2.800000000000001E+001  1.179685181294277E-002  1.195708533577604E+000
  2.900000000000001E+001  1.231108910534996E-002  1.196826738213325E+000
  3.000000000000001E+001  1.282622136631994E-002  1.197911340483200E+000
  3.100000000000001E+001  1.334210504934494E-002  1.198963954949053E+000
  3.200000000000001E+001  1.385861253853976E-002  1.199986086868009E+000
  3.300000000000001E+001  1.437563022823354E-002  1.200979142955808E+000
  3.400000000000001E+001  1.489305685967083E-002  1.201944440551820E+000
  3.600000000000001E+001  1.592888961386425E-002  1.203832197589123E+000
  3.800000000000001E+001  1.696518343852299E-002  1.205616428351925E+000
  4.000000000000001E+001  1.800149533665367E-002  1.207306399595953E+000
  4.200000000000001E+001  1.903746695670273E-002  1.208910211761637E+000
  4.400000000000001E+001  2.007280923240687E-002  1.210435017589904E+000
  4.600000000000001E+001  2.110728901633478E-002  1.211887165464927E+000
  4.800000000000001E+001  2.214071844050760E-002  1.213272314852625E+000
  5.000000000000001E+001  2.317294644199135E-002  1.214595531499256E+000
  5.200000000000001E+001  2.420385197543877E-002  1.215861366595917E+000
  5.400000000000001E+001  2.523333854930221E-002  1.217073923070085E+000
  5.600000000000001E+001  2.626132980781726E-002  1.218236911461492E+000
  5.800000000000001E+001  2.728776594392775E-002  1.219353697309462E+000
  6.000000000000001E+001  2.831260077573574E-002  1.220427341573790E+000
  6.200000000000001E+001  2.933579935518570E-002  1.221460635299677E+000
  6.400000000000000E+001  3.035733600548914E-002  1.222456129495895E+000
  6.600000000000000E+001  3.137719270532979E-002  1.223416161007554E+000
  6.800000000000000E+001  3.239535775466568E-002  1.224342875017558E+000
  7.000000000000000E+001  3.341182467007051E-002  1.225238244694847E+000
  7.500000000000000E+001  3.594216897154140E-002  1.227391047616934E+000
  8.000000000000000E+001  3.846183061590365E-002  1.229375997887893E+000
  8.500000000000000E+001  4.097098193206475E-002  1.231215559356358E+000
  9.000000000000000E+001  4.346983653837678E-002  1.232928239010420E+000
  9.500000000000000E+001  4.595862979352643E-002  1.234529451609123E+000
  1.000000000000000E+002  4.843760547543078E-002  1.236032157930069E+000
  1.050000000000000E+002  5.090700710712520E-002  1.237447347496460E+000
  1.100000000000000E+002  5.336707250706688E-002  1.238784408541815E+000
  1.150000000000000E+002  5.581803054560348E-002  1.240051415299438E+000
  1.200000000000000E+002  5.826009938184223E-002  1.241255353909282E+000
  1.250000000000000E+002  6.069348567294301E-002  1.242402302132385E+000
  1.300000000000000E+002  6.311838440731533E-002  1.243497573833150E+000
  1.350000000000000E+002  6.553497912663726E-002  1.244545836242717E+000
  1.400000000000000E+002  6.794344238029004E-002  1.245551205944050E+000
  1.450000000000000E+002  7.034393630936089E-002  1.246517328043317E+000
  1.500000000000000E+002  7.273661329336684E-002  1.247447441926483E+000
  1.550000000000000E+002  7.512161661686430E-002  1.248344436219595E+000
  1.600000000000000E+002  7.749908112904047E-002  1.249210894991688E+000
  1.650000000000000E+002  7.986913387991688E-002  1.250049136803581E+000
  1.700000000000000E+002  8.223189472373636E-002  1.250861247874086E+000
  1.750000000000000E+002  8.458747688464499E-002  1.251649110380294E+000
  1.800000000000000E+002  8.693598748273559E-002  1.252414426710434E+000
  1.900000000000000E+002  9.160504517264882E-002  1.253902784692798E+000
  2.000000000000000E+002  9.624687517808904E-002  1.255316154828088E+000
  2.100000000000000E+002  1.008621607783613E-001  1.256663629330417E+000
  2.200000000000000E+002  1.054515404830316E-001  1.257952827879703E+000
  2.300000000000000E+002  1.100156096641368E-001  1.259190187408863E+000
  2.400000000000000E+002  1.145549229145981E-001  1.260381186498140E+000
  2.500000000000000E+002  1.190699969828141E-001  1.261530519796611E+000
  2.600000000000000E+002  1.235613140770571E-001  1.262642234734003E+000
  2.700000000000000E+002  1.280293252983987E-001  1.263719839827514E+000
  2.800000000000000E+002  1.324744539944968E-001  1.264766391456215E+000
  2.900000000000000E+002  1.368970988926109E-001  1.265784564132081E+000
  3.000000000000000E+002  1.412976369353081E-001  1.266776707956488E+000
  3.100000000000000E+002  1.456764257919292E-001  1.267744895995083E+000
  3.200000000000000E+002  1.500338060509850E-001  1.268690963624544E+000
  3.300000000000000E+002  1.543701031165707E-001  1.269616541417951E+000
  3.400000000000000E+002  1.586856288400219E-001  1.270523082782182E+000
  3.500000000000000E+002  1.629806829201289E-001  1.271411887299433E+000
  3.600000000000000E+002  1.672555541039712E-001  1.272284120528810E+000
  3.700000000000000E+002  1.715105212175518E-001  1.273140830873823E+000
  3.800000000000000E+002  1.757458540519133E-001  1.273982964005451E+000
  3.900000000000000E+002  1.799618141268997E-001  1.274811375239285E+000
  4.000000000000000E+002  1.841586553514392E-001  1.275626840192947E+000
  4.200000000000000E+002  1.924767977476066E-001  1.277245530181148E+000
  4.400000000000000E+002  2.007213433674450E-001  1.278818083893042E+000
  4.600000000000000E+002  2.088941679198035E-001  1.280348745703915E+000
  4.800000000000000E+002  2.169970742544422E-001  1.281841121786840E+000
  5.000000000000000E+002  2.250317889263629E-001  1.283298305748396E+000
  5.200000000000000E+002  2.329999624288779E-001  1.284722974746723E+000
  5.400000000000000E+002  2.409031718417628E-001  1.286117463277227E+000
  5.600000000000000E+002  2.487429248913214E-001  1.287483820557759E+000
  5.800000000000000E+002  2.565206646194162E-001  1.288823855918138E+000
  6.000000000000000E+002  2.642377741130518E-001  1.290139175308128E+000
  6.200000000000000E+002  2.718955809785432E-001  1.291431211090114E+000
  6.400000000000000E+002  2.794953614140812E-001  1.292701246634467E+000
  6.600000000000000E+002  2.870383438405084E-001  1.293950436805865E+000
  6.800000000000000E+002  2.945257121076756E-001  1.295179825144217E+000
  7.000000000000000E+002  3.019586083198825E-001  1.296390358351718E+000
  7.200000000000000E+002  3.093381353319576E-001  1.297582898563259E+000
  7.400000000000000E+002  3.166653589662046E-001  1.298758233780110E+000
  7.600000000000000E+002  3.239413099950485E-001  1.299917086773652E+000
  7.800000000000000E+002  3.311669859275087E-001  1.301060122709296E+000
  8.000000000000000E+002  3.383433526310708E-001  1.302187955696152E+000
  8.200000000000000E+002  3.454713458146970E-001  1.303301154432005E+000
  8.400000000000000E+002  3.525518723937914E-001  1.304400247084283E+000
  8.600000000000000E+002  3.595858117539241E-001  1.305485725523813E+000
  8.800000000000000E+002  3.665740169268639E-001  1.306558049008888E+000
  9.000000000000000E+002  3.735173156899105E-001  1.307617647401061E+000
  9.200000000000000E+002  3.804165115974792E-001  1.308664923980951E+000
  9.400000000000000E+002  3.872723849522751E-001  1.309700257921395E+000
  9.600000000000000E+002  3.940856937221316E-001  1.310724006466290E+000
  9.800000000000000E+002  4.008571744075938E-001  1.311736506855832E+000
  1.000000000000000E+003  4.075875428645166E-001  1.312738078032770E+000
  1.050000000000000E+003  4.241637132583188E-001  1.315234783806283E+000
  1.100000000000000E+003  4.405004780261211E-001  1.317664549808490E+000
  1.150000000000000E+003  4.566075435622715E-001  1.320031753378732E+000
  1.200000000000000E+003  4.724939826740473E-001  1.322340294412977E+000
  1.250000000000000E+003  4.881682690702884E-001  1.324593676006432E+000
  1.300000000000000E+003  5.036383231652989E-001  1.326795062637696E+000
  1.350000000000000E+003  5.189115602035973E-001  1.328947324875056E+000
  1.400000000000000E+003  5.339949362396631E-001  1.331053075594081E+000
  1.450000000000000E+003  5.488949900219293E-001  1.333114700409723E+000
  1.500000000000000E+003  5.636178802686841E-001  1.335134383779498E+000
  1.550000000000000E+003  5.781694185361940E-001  1.337114131614353E+000
  1.600000000000000E+003  5.925550981600606E-001  1.339055790943984E+000
  1.650000000000000E+003  6.067801198096198E-001  1.340961067048287E+000
  1.700000000000000E+003  6.208494141573552E-001  1.342831538396066E+000
  1.750000000000000E+003  6.347676620953416E-001  1.344668669686300E+000
  1.800000000000000E+003  6.485393128581346E-001  1.346473823250706E+000
  1.850000000000000E+003  6.621686003472267E-001  1.348248269043419E+000
  1.900000000000000E+003  6.756595578991497E-001  1.349993193413757E+000
  1.950000000000000E+003  6.890160316966777E-001  1.351709706830822E+000
  2.000000000000000E+003  7.022416929888409E-001  1.353398850704579E+000
  2.050000000000000E+003  7.153400492586797E-001  1.355061603426880E+000
  2.100000000000000E+003  7.283144544563386E-001  1.356698885737647E+000
  2.150000000000000E+003  7.411681183979378E-001  1.358311565505772E+000
  2.200000000000000E+003  7.539041154167081E-001  1.359900462001160E+000
  2.250000000000000E+003  7.665253923414456E-001  1.361466349722927E+000
  2.300000000000000E+003  7.790347758678079E-001  1.363009961839434E+000
  2.350000000000000E+003  7.914349793800305E-001  1.364531993287798E+000
  2.400000000000000E+003  8.037286092738418E-001  1.366033103573806E+000
  2.450000000000000E+003  8.159181708256588E-001  1.367513919307421E+000
  2.500000000000000E+003  8.280060736481393E-001  1.368975036504316E+000
  2.550000000000000E+003  8.399946367679070E-001  1.370417022679742E+000
  2.600000000000000E+003  8.518860933575235E-001  1.371840418757649E+000
  2.650000000000000E+003  8.636825951505464E-001  1.373245740814891E+000
  2.700000000000000E+003  8.753862165655908E-001  1.374633481678015E+000
  2.750000000000000E+003  8.869989585628510E-001  1.376004112387783E+000
  2.800000000000000E+003  8.985227522542435E-001  1.377358083544875E+000
  2.850000000000000E+003  9.099594622863846E-001  1.378695826548521E+000
  2.900000000000000E+003  9.213108900138174E-001  1.380017754738539E+000
  2.950000000000000E+003  9.325787764783561E-001  1.381324264449887E+000
  3.000000000000000E+003  9.437648052089639E-001  1.382615735988038E+000
  3.050000000000000E+003  9.548706048553416E-001  1.383892534532364E+000
  3.100000000000000E+003  9.658977516672689E-001  1.385155010974032E+000
  3.200000000000000E+003  9.876472358343787E-001  1.387651893937614E+000
  3.300000000000000E+003  1.009103310506769E+000  1.390093927873365E+000
  3.400000000000000E+003  1.030276733111025E+000  1.392483620279082E+000
  3.500000000000000E+003  1.051177636855279E+000  1.394823296754871E+000
  3.600000000000000E+003  1.071815570230915E+000  1.397115121281822E+000
  3.700000000000000E+003  1.092199540223087E+000  1.399361111825345E+000
  3.800000000000000E+003  1.112338054183864E+000  1.401563153384243E+000
  3.900000000000000E+003  1.132239158648137E+000  1.403723009403713E+000
  4.000000000000000E+003  1.151910474631245E+000  1.405842331983190E+000
  4.100000000000000E+003  1.171359229486977E+000  1.407922671094130E+000
  4.200000000000000E+003  1.190592285616797E+000  1.409965482930039E+000
  4.300000000000000E+003  1.209616166378503E+000  1.411972137474010E+000
  4.400000000000000E+003  1.228437079531853E+000  1.413943925354857E+000
  4.500000000000000E+003  1.247060938522932E+000  1.415882064057062E+000
  4.600000000000000E+003  1.265493381867955E+000  1.417787703545921E+000
  4.700000000000000E+003  1.283739790858879E+000  1.419661931365477E+000
  4.800000000000000E+003  1.301805305780101E+000  1.421505777262644E+000
  4.900000000000000E+003  1.319694840797994E+000  1.423320217386236E+000
  5.000000000000000E+003  1.337413097662116E+000  1.425106178105240E+000
  5.100000000000000E+003  1.354964578338342E+000  1.426864539485883E+000
  5.200000000000000E+003  1.372353596678518E+000  1.428596138463007E+000
  5.300000000000000E+003  1.389584289218274E+000  1.430301771737315E+000
  5.400000000000000E+003  1.406660625183767E+000  1.431982198426445E+000
  5.500000000000000E+003  1.423586415778801E+000  1.433638142494855E+000
  5.600000000000000E+003  1.440365322815883E+000  1.435270294984427E+000
  5.700000000000000E+003  1.457000866747909E+000  1.436879316065512E+000
  5.800000000000000E+003  1.473496434151267E+000  1.438465836925691E+000
  5.900000000000000E+003  1.489855284705945E+000  1.440030461511789E+000
  6.000000000000000E+003  1.506080557713737E+000  1.441573768138865E+000
  6.100000000000000E+003  1.522175278191593E+000  1.443096310978442E+000
  6.200000000000000E+003  1.538142362573657E+000  1.444598621436991E+000
  6.300000000000000E+003  1.553984624052420E+000  1.446081209434412E+000
  6.400000000000000E+003  1.569704777586568E+000  1.447544564591344E+000
  6.500000000000000E+003  1.585305444600674E+000  1.448989157333143E+000
  6.600000000000000E+003  1.600789157399622E+000  1.450415439917664E+000
  6.700000000000000E+003  1.616158363318657E+000  1.451823847393188E+000
  6.800000000000000E+003  1.631415428628165E+000  1.453214798492293E+000
  6.900000000000000E+003  1.646562642210680E+000  1.454588696466813E+000
  7.000000000000000E+003  1.661602219026118E+000  1.455945929868645E+000
  7.100000000000000E+003  1.676536303379965E+000  1.457286873280633E+000
  7.200000000000000E+003  1.691366972007908E+000  1.458611888001442E+000
  7.300000000000000E+003  1.706096236989374E+000  1.459921322687870E+000
  7.400000000000000E+003  1.720726048501379E+000  1.461215513957870E+000
  7.500000000000000E+003  1.735258297423274E+000  1.462494786957162E+000
  7.600000000000000E+003  1.749694817802091E+000  1.463759455892121E+000
  7.700000000000000E+003  1.764037389187524E+000  1.465009824531347E+000
  7.800000000000000E+003  1.778287738844843E+000  1.466246186678173E+000
  7.900000000000000E+003  1.792447543853412E+000  1.467468826616160E+000
  8.000000000000000E+003  1.806518433098004E+000  1.468678019529409E+000
  8.200000000000000E+003  1.834314797903019E+000  1.471062142955656E+000
  8.400000000000000E+003  1.861777608748626E+000  1.473394966475877E+000
  8.600000000000000E+003  1.888918126283377E+000  1.475678453220442E+000
  8.800000000000000E+003  1.915747019762562E+000  1.477914449497493E+000
  9.000000000000000E+003  1.942274401372326E+000  1.480104695163988E+000
  9.200000000000000E+003  1.968509864201204E+000  1.482250831761046E+000
  9.400000000000000E+003  1.994462518739135E+000  1.484354409631391E+000
  9.600000000000000E+003  2.020141026525218E+000  1.486416894414340E+000
  9.800000000000000E+003  2.045553630762061E+000  1.488439673046317E+000
  1.000000000000000E+004  2.070708184109679E+000  1.490424059310397E+000
  1.020000000000000E+004  2.095612173968490E+000  1.492371298957979E+000
  1.040000000000000E+004  2.120272745552821E+000  1.494282574424885E+000
  1.060000000000000E+004  2.144696723018902E+000  1.496159009167120E+000
  1.080000000000000E+004  2.168890628870975E+000  1.498001671643834E+000
  1.100000000000000E+004  2.192860701834042E+000  1.499811578975739E+000
  1.120000000000000E+004  2.216612913353165E+000  1.501589700306598E+000
  1.140000000000000E+004  2.240152982856208E+000  1.503336959894052E+000
  1.160000000000000E+004  2.263486391898483E+000  1.505054239954193E+000
  1.180000000000000E+004  2.286618397292775E+000  1.506742383282240E+000
  1.200000000000000E+004  2.309554043315765E+000  1.508402195669738E+000
  1.220000000000000E+004  2.332298173071560E+000  1.510034448136736E+000
  1.240000000000000E+004  2.354855439084302E+000  1.511639878995521E+000
  1.260000000000000E+004  2.377230313184111E+000  1.513219195761004E+000
  1.280000000000000E+004  2.399427095744275E+000  1.514773076921197E+000
  1.300000000000000E+004  2.421449924321750E+000  1.516302173579990E+000
  1.320000000000000E+004  2.443302781748132E+000  1.517807110983142E+000
  1.340000000000000E+004  2.464989503713685E+000  1.519288489937428E+000
  1.360000000000000E+004  2.486513785883205E+000  1.520746888131824E+000
  1.380000000000000E+004  2.507879190578986E+000  1.522182861368810E+000
  1.400000000000000E+004  2.529089153062834E+000  1.523596944713097E+000
  1.420000000000000E+004  2.550146987446585E+000  1.524989653564369E+000
  1.440000000000000E+004  2.571055892257753E+000  1.526361484660065E+000
  1.460000000000000E+004  2.591818955684841E+000  1.527712917013650E+000
  1.480000000000000E+004  2.612439160524771E+000  1.529044412793300E+000
  1.500000000000000E+004  2.632919388852956E+000  1.530356418145572E+000
  1.520000000000000E+004  2.653262426434972E+000  1.531649363968136E+000
  1.540000000000000E+004  2.673470966897213E+000  1.532923666635365E+000
  1.560000000000000E+004  2.693547615672514E+000  1.534179728680160E+000
  1.580000000000000E+004  2.713494893735485E+000  1.535417939435288E+000
  1.600000000000000E+004  2.733315241141252E+000  1.536638675636937E+000
  1.620000000000000E+004  2.753011020380059E+000  1.537842301993315E+000
  1.640000000000000E+004  2.772584519559454E+000  1.539029171720599E+000
  1.660000000000000E+004  2.792037955424787E+000  1.540199627048534E+000
  1.680000000000000E+004  2.811373476227939E+000  1.541353999697730E+000
  1.700000000000000E+004  2.830593164453628E+000  1.542492611330535E+000
  1.720000000000000E+004  2.849699039411750E+000  1.543615773977253E+000
  1.740000000000000E+004  2.868693059703814E+000  1.544723790439316E+000
  1.760000000000000E+004  2.887577125570819E+000  1.545816954670914E+000
  1.780000000000000E+004  2.906353081129506E+000  1.546895552140434E+000
  1.800000000000000E+004  2.925022716503373E+000  1.547959860173030E+000
  1.820000000000000E+004  2.943587769854438E+000  1.549010148275464E+000
  1.840000000000000E+004  2.962049929321363E+000  1.550046678444354E+000
  1.860000000000000E+004  2.980410834869097E+000  1.551069705458826E+000
  1.880000000000000E+004  2.998672080054961E+000  1.552079477158519E+000
  1.900000000000000E+004  3.016835213715655E+000  1.553076234707844E+000
  1.920000000000000E+004  3.034901741579521E+000  1.554060212847293E+000
  1.940000000000000E+004  3.052873127808000E+000  1.555031640132555E+000
  1.960000000000000E+004  3.070750796470028E+000  1.555990739162200E+000
  1.980000000000000E+004  3.088536132952882E+000  1.556937726794508E+000
  2.000000000000000E+004  3.106230485312739E+000  1.557872814354163E+000
