! time                    int_density             frank_density           perfect_density         vac_density             faulted_density         void_density            
  0.000000000000000E+000  0.000000000000000E+000  0.000000000000000E+000  0.000000000000000E+000  2.140585232712487E-007  0.000000000000000E+000  0.000000000000000E+000
  1.000000000000000E-001  5.646430517507082E-006  6.864884742310290E-004  1.745561266512935E-005  4.746357315938869E-002  3.306394065554255E-004  2.729573647181386E-011
  2.000000000000001E-001  4.837651389626117E-006  1.371696898390113E-003  1.257217037724677E-005  8.801490823924982E-002  5.548018443385372E-004  5.201858388868957E-011
  3.000000000000001E-001  4.304083233871868E-006  2.056290950917267E-003  9.801673022456708E-006  1.254407762835030E-001  7.456173092593248E-004  7.516633339459430E-011
  4.000000000000002E-001  3.890823099197392E-006  2.740430538007693E-003  8.013590115861129E-006  1.603626493371040E-001  9.243125575388316E-004  9.680165606175934E-011
  5.000000000000002E-001  3.552634519411430E-006  3.424247745835198E-003  6.766080722778733E-006  1.932863396008306E-001  1.100680073606273E-003  1.171346884765146E-010
  6.000000000000003E-001  3.268108342090877E-006  4.107818747241082E-003  5.847079977651655E-006  2.244390395350180E-001  1.279239862303409E-003  1.362371787803790E-010
  7.000000000000004E-001  3.023943691693104E-006  4.791168924748010E-003  5.140484558346442E-006  2.537234103452569E-001  1.463963968774278E-003  1.539913449799636E-010
  8.000000000000005E-001  2.812079701466084E-006  5.474367379952568E-003  4.581364324318873E-006  2.814717178155827E-001  1.656088488737861E-003  1.705942061361135E-010
  9.000000000000006E-001  2.626290213121900E-006  6.157441975406287E-003  4.127714578794388E-006  3.077313938749245E-001  1.857010588280146E-003  1.860488068024330E-010
  1.000000000000001E+000  2.461914813815221E-006  6.840414225255258E-003  3.751998872292553E-006  3.325315601126814E-001  2.067860778613053E-003  2.003624861150211E-010
  1.100000000000001E+000  2.315380390307310E-006  7.523301003560875E-003  3.435490110420733E-006  3.558877682007489E-001  2.289508960199247E-003  2.135484304039845E-010
  1.200000000000001E+000  2.183895828305314E-006  8.206115731172900E-003  3.165024135634664E-006  3.778054139636864E-001  2.522569399269699E-003  2.256268997463605E-010
  1.300000000000001E+000  2.065247508684660E-006  8.888869217316043E-003  2.931087585731435E-006  3.982824143982555E-001  2.767406170324479E-003  2.366255845466478E-010
  1.400000000000001E+000  1.957656698371225E-006  9.571570267283792E-003  2.726641572931526E-006  4.173114611444327E-001  3.024142920083163E-003  2.465788539187999E-010
  1.500000000000001E+000  1.859892785564469E-006  1.025423307682324E-002  2.546889134598642E-006  4.351128472305120E-001  3.290700374443631E-003  2.556821587110512E-010
  1.600000000000001E+000  1.770492783030606E-006  1.093685549856309E-002  2.387071107842257E-006  4.514265880488187E-001  3.568843494429207E-003  2.637975070767133E-010
  1.700000000000001E+000  1.688486293091610E-006  1.161944313822827E-002  2.244052340901333E-006  4.662556029861104E-001  3.858079242436770E-003  2.709798352792516E-010
  1.800000000000001E+000  1.613048301561883E-006  1.230200033774588E-002  2.115323125496159E-006  4.795895100827161E-001  4.157869367743813E-003  2.772710259359047E-010
  1.900000000000001E+000  1.543480202776242E-006  1.298453078321748E-002  1.998867963513196E-006  4.914207728696808E-001  4.467560534641896E-003  2.827083794366702E-010
  2.000000000000001E+000  1.479184521238678E-006  1.366703762302418E-002  1.893049822945666E-006  5.017460684044620E-001  4.786427265796233E-003  2.873240018716624E-010
  2.100000000000001E+000  1.419645610893165E-006  1.434952356079043E-002  1.796525812794884E-006  5.105674954924095E-001  5.113709684539383E-003  2.911450313083732E-010
  2.200000000000002E+000  1.364414802773606E-006  1.503199092939539E-002  1.708184440667202E-006  5.178936053755260E-001  5.448644858553378E-003  2.941945257204863E-010
  2.300000000000002E+000  1.313098889567131E-006  1.571444175052481E-002  1.627097749082240E-006  5.237402386382288E-001  5.790491084974123E-003  2.964928059311401E-010
  2.400000000000002E+000  1.265351123589425E-006  1.639687778306096E-002  1.552483853191420E-006  5.281311557232923E-001  6.138545054355829E-003  2.980590174611030E-010
  2.500000000000002E+000  1.220864106957217E-006  1.707930056275574E-002  1.483677078887273E-006  5.310984528651488E-001  6.492152426407708E-003  2.989126868665349E-010
  2.600000000000002E+000  1.179364100049608E-006  1.776171143501650E-002  1.420104092037015E-006  5.326827595625793E-001  6.850712837579327E-003  2.990750920150432E-010
  2.700000000000002E+000  1.140606387299804E-006  1.844411158218707E-002  1.361265101384631E-006  5.329332175058388E-001  7.213680655063264E-003  2.985703267746491E-010
  2.800000000000002E+000  1.104371430865895E-006  1.912650204637976E-002  1.306719468048074E-006  5.319072442642269E-001  7.580562854578594E-003  2.974260049116601E-010
  2.900000000000002E+000  1.070461619056174E-006  1.980888374867567E-002  1.256075032497880E-006  5.296700885889513E-001  7.950915252541687E-003  2.956736037690295E-010
  3.000000000000002E+000  1.038698478884112E-006  2.049125750533583E-002  1.208980380142918E-006  5.262941885833956E-001  8.324338042198993E-003  2.933484874611378E-010
  3.100000000000002E+000  1.008920269828385E-006  2.117362404153775E-002  1.165119250475503E-006  5.218583496809491E-001  8.700471263161095E-003  2.904896695817480E-010
  3.200000000000002E+000  9.809799078960502E-007  2.185598400305554E-002  1.124206389022157E-006  5.164467662450481E-001  9.078990552059201E-003  2.871393800437695E-010
  3.300000000000002E+000  9.547431861036492E-007  2.253833796622769E-002  1.085984306990180E-006  5.101479179006269E-001  9.459603318351056E-003  2.833424957640897E-010
  3.400000000000002E+000  9.300833301850493E-007  2.322068565915604E-002  1.050201118765221E-006  5.029467705924805E-001  9.842287737366614E-003  2.790892435804609E-010
  3.500000000000002E+000  9.068940521380918E-007  2.390302839470802E-002  1.016673541414316E-006  4.950641409971872E-001  1.022651411736221E-002  2.744954415154753E-010
  3.600000000000001E+000  8.850707241753368E-007  2.458536658168890E-002  9.852106553688004E-007  4.865931282075489E-001  1.061207213067433E-002  2.696094721797181E-010
  3.700000000000001E+000  8.645170001049742E-007  2.526770058776394E-002  9.556405014522481E-007  4.776259560956380E-001  1.099877124110035E-002  2.644793639313644E-010
  3.800000000000001E+000  8.451439912810310E-007  2.595003074420608E-002  9.278083353238411E-007  4.682528876365502E-001  1.138643891716768E-002  2.591522351117224E-010
  3.900000000000000E+000  8.268694936376850E-007  2.663235735002479E-002  9.015747725043832E-007  4.585612336231661E-001  1.177491894140251E-002  2.536737488067622E-010
  4.000000000000000E+000  8.096172862521569E-007  2.731468067556116E-002  8.768140899752071E-007  4.486344685925391E-001  1.216406987512358E-002  2.480876160656614E-010
  4.100000000000000E+000  7.933164993258090E-007  2.799700096562197E-002  8.534126853113668E-007  4.385514629551278E-001  1.255376369160264E-002  2.424351607706824E-010
  4.199999999999999E+000  7.779010546136333E-007  2.867931844221606E-002  8.312676939288942E-007  4.283858376429104E-001  1.294388457248982E-002  2.367549526630035E-010
  4.299999999999999E+000  7.633091819642773E-007  2.936163330694927E-002  8.102857621818507E-007  4.182054456369246E-001  1.333432785476578E-002  2.310825120448681E-010
  4.399999999999999E+000  7.494830132229134E-007  3.004394574312655E-002  7.903819700132838E-007  4.080719828936183E-001  1.372499911215106E-002  2.254500878209980E-010
  4.499999999999998E+000  7.363682509589186E-007  3.072625591760422E-002  7.714788928882827E-007  3.980407290294712E-001  1.411581335366783E-002  2.198865089350931E-010
  4.599999999999998E+000  7.239139056775023E-007  3.140856398242863E-002  7.535057896937947E-007  3.881604154943831E-001  1.450669432199325E-002  2.144171076010669E-010
  4.699999999999998E+000  7.120720922155344E-007  3.209087007629226E-002  7.363979015838925E-007  3.784732159722369E-001  1.489757387492986E-002  2.090637109941925E-010
  4.799999999999997E+000  7.007884182486827E-007  3.277317387925090E-002  7.200991689102825E-007  3.690689091652607E-001  1.528836132475924E-002  2.038755185146172E-010
  4.899999999999997E+000  6.900297336157688E-007  3.345547598082349E-002  7.045508814921667E-007  3.599220361811012E-001  1.567901757917647E-002  1.988356566932798E-010
  4.999999999999996E+000  6.797568914217695E-007  3.413777648456265E-002  6.897029962476810E-007  3.510545867503640E-001  1.606950054120374E-002  1.939553393525156E-010
  5.099999999999996E+000  6.699334027976255E-007  3.482007548534832E-002  6.755094037949480E-007  3.424832788460676E-001  1.645977335120662E-002  1.892429071973890E-010
  5.199999999999996E+000  6.605253665167469E-007  3.550237307021948E-002  6.619276527293739E-007  3.342199704040252E-001  1.684980421766357E-002  1.847040811943451E-010
  5.299999999999995E+000  6.515013857688450E-007  3.618466931912466E-002  6.489186294494004E-007  3.262721080605118E-001  1.723956617613389E-002  1.803422205699632E-010
  5.399999999999995E+000  6.428324811205237E-007  3.686696430560011E-002  6.364462707828450E-007  3.186431971249289E-001  1.762903680944929E-002  1.761585856190534E-010
  5.499999999999995E+000  6.344919968577952E-007  3.754925809738199E-002  6.244773046379083E-007  3.113332789793610E-001  1.801819794639226E-002  1.721526008483172E-010
  5.599999999999994E+000  6.264554992521858E-007  3.823155075695936E-002  6.129810149100134E-007  3.043394040021070E-001  1.840703534858231E-002  1.683221134630144E-010
  5.699999999999994E+000  6.187006664211165E-007  3.891384234207287E-002  6.019290276447237E-007  2.976560900520290E-001  1.879553839163506E-002  1.646636425743768E-010
  5.799999999999994E+000  6.112071703651069E-007  3.959613290616439E-002  5.912951160291958E-007  2.912757584883654E-001  1.918369974489758E-002  1.611726152294759E-010
  5.899999999999993E+000  6.039565524600392E-007  4.027842249878182E-002  5.810550222149184E-007  2.851891415757732E-001  1.957151505322363E-002  1.578435862143684E-010
  5.999999999999993E+000  5.969320941676623E-007  4.096071116594327E-002  5.711862943005002E-007  2.793856568807738E-001  1.995898262383463E-002  1.546704394424610E-010
  6.099999999999993E+000  5.901186850139679E-007  4.164299895046408E-002  5.616681370526379E-007  2.738537458601671E-001  2.034610312106315E-002  1.516465695517684E-010
  6.199999999999992E+000  5.835026899929202E-007  4.232528589225042E-002  5.524812751364095E-007  2.685811752454254E-001  2.073287927156080E-002  1.487650430629763E-010
  6.299999999999992E+000  5.770718185085378E-007  4.300757202856252E-002  5.436078277776603E-007  2.635553010242093E-001  2.111931558231521E-002  1.460187390773951E-010
  6.399999999999991E+000  5.708149968027596E-007  4.368985739425054E-002  5.350311939012651E-007  2.587632958070664E-001  2.150541807353391E-002  1.434004700131507E-010
  6.499999999999991E+000  5.647222455626952E-007  4.437214202196574E-002  5.267359468873384E-007  2.541923411497206E-001  2.189119402812003E-002  1.409030832899069E-010
  6.599999999999991E+000  5.587845640914669E-007  4.505442594234964E-002  5.187077381687112E-007  2.498297869916821E-001  2.227665175909271E-002  1.385195451824862E-010
  6.799999999999991E+000  5.473043893986194E-007  4.641899111992594E-002  5.033983395508581E-007  2.418109431223209E-001  2.304638338080450E-002  1.341374025179822E-010
  6.999999999999991E+000  5.363700322022184E-007  4.778355384013896E-002  4.890059751485005E-007  2.344265624110957E-001  2.381501800258412E-002  1.301003862218812E-010
  7.199999999999991E+000  5.259314462502299E-007  4.914811428648955E-002  4.754477746926460E-007  2.276086838326380E-001  2.458263777761245E-002  1.263715541520849E-010
  7.399999999999991E+000  5.159464235441431E-007  5.051267262336461E-002  4.626508359505133E-007  2.212946156816826E-001  2.534932120618197E-002  1.229167482072596E-010
  7.599999999999992E+000  5.063789574194503E-007  5.187722899867285E-002  4.505508064346762E-007  2.154276854097295E-001  2.611514294032515E-002  1.197050854102885E-010
  7.799999999999992E+000  4.971979411431488E-007  5.324178354602033E-002  4.390906601501504E-007  2.099574523564678E-001  2.688017326267202E-002  1.167090993816079E-010
  7.999999999999992E+000  4.883761597512060E-007  5.460633638652021E-002  4.282196686473596E-007  2.048395466486765E-001  2.764447760487686E-002  1.139046559367590E-010
  8.199999999999992E+000  4.798895217956535E-007  5.597088763031021E-002  4.178925349949646E-007  2.000352708756246E-001  2.840811623663730E-002  1.112707312099056E-010
  8.399999999999991E+000  4.717164800616184E-007  5.733543737783572E-002  4.080686640800760E-007  1.955110704384414E-001  2.917114414999085E-002  1.087891159978727E-010
  8.599999999999991E+000  4.638375965154986E-007  5.869998572094336E-002  3.987115467385357E-007  1.912379497010589E-001  2.993361111719809E-002  1.064440909015242E-010
  8.799999999999990E+000  4.562352145069428E-007  6.006453274381972E-002  3.897882387673565E-007  1.871908866342697E-001  3.069556188364695E-002  1.042221019368419E-010
  8.999999999999989E+000  4.488932090853262E-007  6.142907852380290E-002  3.812689189444398E-007  1.833482792314371E-001  3.145703645486522E-002  1.021114549627034E-010
  9.199999999999989E+000  4.417967933545414E-007  6.279362313208797E-002  3.731265128229636E-007  1.796914423932969E-001  3.221807044111034E-002  1.001020389906844E-010
  9.399999999999988E+000  4.349323646931308E-007  6.415816663434368E-002  3.653363713195271E-007  1.762041636083284E-001  3.297869542995240E-002  9.818508266194313E-011
  9.599999999999987E+000  4.282873793306776E-007  6.552270909125371E-002  3.578759950162799E-007  1.728723188094635E-001  3.373893936458670E-002  9.635294436643484E-011
  9.799999999999986E+000  4.218502472924538E-007  6.688725055899400E-002  3.507247966883293E-007  1.696835454772762E-001  3.449882691223466E-002  9.459893415495257E-011
  9.999999999999986E+000  4.156102422810719E-007  6.825179108965475E-002  3.438638958888080E-007  1.666269676744305E-001  3.525837981247820E-002  9.291716433840280E-011
  1.019999999999999E+001  4.095574228568189E-007  6.961633073161511E-002  3.372759405136143E-007  1.636929666449578E-001  3.601761719963809E-002  9.130242514354159E-011
  1.039999999999998E+001  4.036825624957411E-007  7.098086952987613E-002  3.309449511617793E-007  1.608729904308554E-001  3.677655589644799E-002  8.975008173946780E-011
  1.059999999999998E+001  3.979770869063518E-007  7.234540752635836E-002  3.248561848379578E-007  1.581593963016417E-001  3.753521067846943E-002  8.825598917276960E-011
  1.079999999999998E+001  3.924330174989601E-007  7.370994476016744E-002  3.189960151390705E-007  1.555453204146366E-001  3.829359451013362E-002  8.681642211697299E-011
  1.099999999999998E+001  3.870429202215033E-007  7.507448126783248E-002  3.133518265520693E-007  1.530245698601317E-001  3.905171875416957E-002  8.542801676462414E-011
  1.149999999999998E+001  3.741742517701182E-007  7.848581835639935E-002  3.001027971217940E-007  1.471463632666668E-001  4.094562788206886E-002  8.218859258494518E-011
  1.199999999999998E+001  3.621433479722968E-007  8.189715172172601E-002  2.879731012084812E-007  1.416981543879280E-001  4.283821068216873E-002  7.918545180987012E-011
  1.249999999999998E+001  3.508589363539359E-007  8.530848175453387E-002  2.768274638809826E-007  1.366502685687775E-001  4.472950885061334E-002  7.640271231773547E-011
  1.299999999999998E+001  3.402472322682766E-007  8.871980879124979E-002  2.665513429698450E-007  1.319640752223390E-001  4.661955020426453E-002  7.381921554828235E-011
  1.349999999999998E+001  3.302461473562178E-007  9.213113312343019E-002  2.570472368095876E-007  1.276018649284106E-001  4.850835349621972E-002  7.141423768191506E-011
  1.399999999999998E+001  3.208022144515341E-007  9.554245500516749E-002  2.482316680721594E-007  1.235298316245742E-001  5.039592992422973E-002  6.916919121562003E-011
  1.449999999999998E+001  3.118687494183490E-007  9.895377465901938E-002  2.400327598034370E-007  1.197185101867838E-001  5.228228413904855E-002  6.706787457744771E-011
  1.499999999999998E+001  3.034046150729645E-007  1.023650922808176E-001  2.323882892192033E-007  1.161423939132008E-001  5.416741526011144E-002  6.509626084890085E-011
  1.549999999999998E+001  2.953733128848588E-007  1.057764080436056E-001  2.252441186313637E-007  1.127793678937515E-001  5.605131788661560E-002  6.324218494714532E-011
  1.599999999999998E+001  2.877422775888154E-007  1.091877221008887E-001  2.185529226820718E-007  1.096101683242202E-001  5.793398303165811E-002  6.149504609124259E-011
  1.649999999999998E+001  2.804823117547127E-007  1.125990345893364E-001  2.122731490303086E-007  1.066179218554349E-001  5.981539893727793E-002  5.984555495614356E-011
  1.699999999999998E+001  2.735671240603575E-007  1.160103456310419E-001  2.063681640431792E-007  1.037877672146885E-001  6.169555175936221E-002  5.828552632633065E-011
  1.749999999999998E+001  2.669729476381831E-007  1.194216553354242E-001  2.008055461074044E-007  1.011065471925252E-001  6.357442612939733E-002  5.680771045589990E-011
  1.799999999999998E+001  2.606782216933668E-007  1.228329638008361E-001  1.955564975584353E-007  9.856255744212726E-002  6.545200560783064E-002  5.540565557484607E-011
  1.849999999999998E+001  2.546633238209799E-007  1.262442711159322E-001  1.905953525710486E-007  9.614534038321153E-002  6.732827304578014E-002  5.407359507213749E-011
  1.899999999999998E+001  2.489103433514335E-007  1.296555773608367E-001  1.858991631835399E-007  9.384551487918633E-002  6.920321087102317E-002  5.280635422837015E-011
  1.949999999999998E+001  2.434028881684033E-007  1.330668826081456E-001  1.814473493263250E-007  9.165463443461223E-002  7.107680131229153E-002  5.159927252682268E-011
  1.999999999999998E+001  2.381259190355849E-007  1.364781869237904E-001  1.772214015804356E-007  8.956506829864953E-002  7.294902657373831E-002  5.044813847566241E-011
  2.049999999999998E+001  2.330656066880774E-007  1.398894903677840E-001  1.732046276111305E-007  8.756990111052679E-002  7.481986896938952E-002  4.934913456017858E-011
  2.099999999999998E+001  2.282092078879059E-007  1.433007929948695E-001  1.693819349602427E-007  8.566284767043811E-002  7.668931102559054E-002  4.829879046201147E-011
  2.149999999999998E+001  2.235449573790366E-007  1.467120948550844E-001  1.657396442515709E-007  8.383818013933243E-002  7.855733555793669E-002  4.729394307526456E-011
  2.199999999999998E+001  2.190619732546311E-007  1.501233959942539E-001  1.622653279513191E-007  8.209066552217426E-002  8.042392572792081E-002  4.633170214971904E-011
  2.249999999999998E+001  2.147501737051287E-007  1.535346964544233E-001  1.589476706939360E-007  8.041551171451919E-002  8.228906508350511E-002  4.540942062294373E-011
  2.299999999999998E+001  2.106002034777052E-007  1.569459962742382E-001  1.557763478809127E-007  7.880832072311249E-002  8.415273758699469E-002  4.452466888320941E-011
  2.349999999999998E+001  2.066033686667832E-007  1.603572954892801E-001  1.527419198229186E-007  7.726504793070935E-002  8.601492763292151E-002  4.367521234637214E-011
  2.399999999999998E+001  2.027515786875377E-007  1.637685941323619E-001  1.498357391523368E-007  7.578196648035919E-002  8.787562005810867E-002  4.285899184152935E-011
  2.449999999999998E+001  1.990372944720421E-007  1.671798922337914E-001  1.470498696056190E-007  7.435563601758814E-002  8.973480014565230E-002  4.207410638913557E-011
  2.499999999999998E+001  1.954534820802278E-007  1.705911898216037E-001  1.443770145799062E-007  7.298287515967160E-002  9.159245362421131E-002  4.131879802651420E-011
  2.549999999999998E+001  1.919935710425061E-007  1.740024869217698E-001  1.418104541193342E-007  7.166073716662982E-002  9.344856666371501E-002  4.059143839318683E-011
  2.599999999999998E+001  1.886514168533580E-007  1.774137835583815E-001  1.393439891938119E-007  7.038648837412703E-002  9.530312586837644E-002  3.989051683510742E-011
  2.649999999999998E+001  1.854212671198755E-007  1.808250797538173E-001  1.369718923051062E-007  6.915758901825735E-002  9.715611826771607E-002  3.921462982499176E-011
  2.699999999999998E+001  1.822977309395799E-007  1.842363755288912E-001  1.346888635983457E-007  6.797167613947563E-002  9.900753130615828E-002  3.856247152721400E-011
  2.799999999999998E+001  1.763498337474023E-007  1.910589655111141E-001  1.303702666618439E-007  6.572412674084079E-002  1.027040175341793E-001  3.732668451409457E-011
  2.899999999999998E+001  1.707721160292260E-007  1.978815540606509E-001  1.263535496104344E-007  6.361988414149293E-002  1.063940602353679E-001  3.616997477749726E-011
  2.999999999999998E+001  1.655315304304768E-007  2.047041412956721E-001  1.226081953257960E-007  6.164880953249469E-002  1.100775632031185E-001  3.508677646181960E-011
  3.099999999999998E+001  1.605990375217557E-007  2.115267273198985E-001  1.191076510749669E-007  5.979905638496577E-002  1.137544392837445E-001  3.407053532594439E-011
  3.199999999999998E+001  1.559488042911341E-007  2.183493122247314E-001  1.158287126559315E-007  5.805986633440336E-002  1.174246087829503E-001  3.311529953603276E-011
  3.299999999999999E+001  1.515577568379788E-007  2.251718960910152E-001  1.127510141691161E-007  5.642168484871185E-002  1.210879982092201E-001  3.221578537334102E-011
  3.399999999999999E+001  1.474052244529985E-007  2.319944789905075E-001  1.098566076490020E-007  5.487602111987021E-002  1.247445393956764E-001  3.136729879839369E-011
  3.499999999999999E+001  1.434726388850476E-007  2.388170609871097E-001  1.071296150924514E-007  5.341530629473983E-002  1.283941688637529E-001  3.056565638161210E-011
  3.599999999999999E+001  1.397432774514758E-007  2.456396421379055E-001  1.045559388090469E-007  5.203277184003362E-002  1.320368273399131E-001  2.980711765795550E-011
  3.699999999999999E+001  1.362020425712212E-007  2.524622224940374E-001  1.021230190185780E-007  5.072234654433434E-002  1.356724593736019E-001  2.908832795448062E-011
  3.799999999999999E+001  1.328352718429378E-007  2.592848021014536E-001  9.981962995389496E-008  4.947856905692139E-002  1.393010130255831E-001  2.840626990203267E-011
  3.899999999999999E+001  1.296305738659069E-007  2.661073810015437E-001  9.763570752574907E-008  4.829651329514809E-002  1.429224396075341E-001  2.775822211523633E-011
  3.999999999999999E+001  1.265766858474722E-007  2.729299592316858E-001  9.556220299965577E-008  4.717172455413078E-002  1.465366934604789E-001  2.714172382093043E-011
  4.099999999999999E+001  1.236633497204228E-007  2.797525368257144E-001  9.359095822168660E-008  4.610016456167891E-002  1.501437317636149E-001  2.655454445116677E-011
  4.199999999999999E+001  1.208812040439989E-007  2.865751138143267E-001  9.171459878345521E-008  4.507816404575533E-002  1.537435143675295E-001  2.599465740147673E-011
  4.299999999999999E+001  1.182216894102192E-007  2.933976902254329E-001  8.992644219079785E-008  4.410238163969345E-002  1.573360036473702E-001  2.546021730061502E-011
  4.399999999999999E+001  1.156769654439201E-007  3.002202660844620E-001  8.822041863656118E-008  4.316976815679883E-002  1.609211643725794E-001  2.494954025375049E-011
  4.499999999999999E+001  1.132398377864541E-007  3.070428414146274E-001  8.659100240629847E-008  4.227753543214307E-002  1.644989635905342E-001  2.446108661391819E-011
  4.599999999999999E+001  1.109036937021145E-007  3.138654162371596E-001  8.503315228997483E-008  4.142312906392687E-002  1.680693705219564E-001  2.399344591152994E-011
  4.699999999999999E+001  1.086624451530006E-007  3.206879905715105E-001  8.354225965092934E-008  4.060420449634724E-002  1.716323564663526E-001  2.354532363267794E-011
  4.799999999999999E+001  1.065104783601515E-007  3.275105644355327E-001  8.211410302915182E-008  3.981860597554978E-002  1.751878947160460E-001  2.311552958676194E-011
  4.899999999999999E+001  1.044426090126408E-007  3.343331378456372E-001  8.074480834011984E-008  3.906434798394769E-002  1.787359604775954E-001  2.270296764487246E-011
  4.999999999999999E+001  1.024540424070167E-007  3.411557108169345E-001  7.943081388134872E-008  3.833959881905388E-002  1.822765307995927E-001  2.230662666411606E-011
  5.099999999999999E+001  1.005403379010464E-007  3.479782833633575E-001  7.816883948298495E-008  3.764266603344887E-002  1.858095845059807E-001  2.192557244104713E-011
  5.199999999999999E+001  9.869737715149804E-008  3.548008554977722E-001  7.695585924137277E-008  3.697198349453704E-002  1.893351021341632E-001  2.155894056065807E-011
  5.399999999999999E+001  9.520918872648001E-008  3.684459981884681E-001  7.466610774647737E-008  3.570495505128291E-002  1.963560279435067E-001  2.086643413919040E-011
  5.599999999999999E+001  9.196139406691993E-008  3.820911393828745E-001  7.254137280303078E-008  3.452599554015141E-002  2.033467108356404E-001  2.022226194620996E-011
  5.799999999999999E+001  8.893007979854529E-008  3.957362791515583E-001  7.056445302770042E-008  3.342684706050500E-002  2.103070371721676E-001  1.962189618481752E-011
  5.999999999999999E+001  8.609439745782414E-008  4.093814175556497E-001  6.872045623985340E-008  3.239969630430371E-002  2.172369197664541E-001  1.906102426088604E-011
  6.199999999999999E+001  8.343607579082829E-008  4.230265546483249E-001  6.699642503613939E-008  3.143769654145162E-002  2.241362965107798E-001  1.853586643304193E-011
  6.399999999999999E+001  8.093903667858728E-008  4.366716904760212E-001  6.538103252289355E-008  3.053483842597640E-002  2.310051281084209E-001  1.804310648668877E-011
  6.599999999999999E+001  7.858907772160507E-008  4.503168250794337E-001  6.386433369371309E-008  2.968582663036959E-002  2.378433960486027E-001  1.757982352358704E-011
  6.799999999999999E+001  7.637360806716045E-008  4.639619584943435E-001  6.243756094460177E-008  2.888597718390336E-002  2.446511009236915E-001  1.714343498155109E-011
  6.999999999999999E+001  7.428142739506521E-008  4.776070907523070E-001  6.109295485106471E-008  2.813113197979855E-002  2.514282610119020E-001  1.673164919340156E-011
  7.199999999999999E+001  7.230254010180102E-008  4.912522218812331E-001  5.982362331308748E-008  2.741758721181130E-002  2.581749110474236E-001  1.634242571073192E-011
  7.399999999999999E+001  7.042799834863571E-008  5.048973519058702E-001  5.862342367188351E-008  2.674203316631053E-002  2.648911011230461E-001  1.597394195010001E-011
  7.599999999999999E+001  6.864976890231643E-008  5.185424808482171E-001  5.748686354397802E-008  2.610150332415358E-002  2.715768956896389E-001  1.562456501335528E-011
  7.799999999999999E+001  6.696061968503178E-008  5.321876087278734E-001  5.640901699524911E-008  2.549333113695247E-002  2.782323726296538E-001  1.529282776674697E-011
  7.999999999999999E+001  6.535402272812267E-008  5.458327355623371E-001  5.538545335636883E-008  2.491511316242694E-002  2.848576223898899E-001  1.497740844496190E-011
  8.199999999999999E+001  6.382407083983468E-008  5.594778613672610E-001  5.441217651021967E-008  2.436467749485588E-002  2.914527471637959E-001  1.467711318798160E-011
  8.399999999999999E+001  6.236540578768207E-008  5.731229861566725E-001  5.348557289709169E-008  2.384005662519979E-002  2.980178601167672E-001  1.439086103006788E-011
  8.599999999999999E+001  6.097315618841141E-008  5.867681099431635E-001  5.260236681139521E-008  2.333946402329911E-002  3.045530846499141E-001  1.411767094839537E-011
  8.799999999999999E+001  5.964288361424553E-008  6.004132327380550E-001  5.175958182417694E-008  2.286127386073649E-002  3.110585536990805E-001  1.385665064916168E-011
  8.999999999999999E+001  5.837053567930422E-008  6.140583545515399E-001  5.095450737393640E-008  2.240400339438440E-002  3.175344090667442E-001  1.360698682540234E-011
  9.499999999999999E+001  5.542113762287493E-008  6.481711530527531E-001  4.909188945686029E-008  2.134567266304494E-002  3.335423507481409E-001  1.302853311145807E-011
  9.999999999999999E+001  5.276099814377016E-008  6.822839456329490E-001  4.741663215878667E-008  2.039106466353120E-002  3.493707781931504E-001  1.250635969832957E-011
  1.050000000000000E+002  5.034947743402241E-008  7.163967323790820E-001  4.590182869183665E-008  1.952569457585965E-002  3.650222349623494E-001  1.203252370472133E-011
  1.100000000000000E+002  4.815320171178171E-008  7.505095133593747E-001  4.452548427556565E-008  1.873746707301752E-002  3.804995560797226E-001  1.160039088557808E-011
  1.150000000000000E+002  4.614451013633872E-008  7.846222886275365E-001  4.326944483272806E-008  1.801637754098173E-002  3.958057807352900E-001  1.120449191397711E-011
  1.200000000000000E+002  4.430028445684455E-008  8.187350582259418E-001  4.211859416471074E-008  1.735408094588062E-002  4.109440899214097E-001  1.084027800366827E-011
  1.250000000000000E+002  4.260105446075656E-008  8.528478221880560E-001  4.106024435576889E-008  1.674356186871678E-002  4.259177615134295E-001  1.050393471326665E-011
  1.300000000000000E+002  4.103030645304186E-008  8.869605805403016E-001  4.008366726378391E-008  1.617888019599221E-002  4.407301360465821E-001  1.019223957340578E-011
  1.350000000000000E+002  3.957394307801355E-008  9.210733333035099E-001  3.917973042653278E-008  1.565497297073211E-002  4.553845895290433E-001  9.902451765028013E-012
  1.400000000000000E+002  3.821985726521411E-008  9.551860804940548E-001  3.834061121088963E-008  1.516749844485066E-002  4.698845113257577E-001  9.632225608842316E-012
  1.450000000000000E+002  3.695759316435717E-008  9.892988221247452E-001  3.755957026898043E-008  1.471271221004239E-002  4.842332859628931E-001  9.379542026747668E-012
  1.500000000000000E+002  3.577807405366029E-008  1.023411558205534E+000  3.683077042706258E-008  1.428736797007658E-002  4.984342781044829E-001  9.142653748708888E-012
  1.550000000000000E+002  3.467338229489375E-008  1.057524288744076E+000  3.614913072204166E-008  1.388863742518260E-002  5.124908201657807E-001  8.920041150721298E-012
  1.600000000000000E+002  3.363658008899230E-008  1.091637013746186E+000  3.551020787800362E-008  1.351404511278235E-002  5.264062021517588E-001  8.710376395713315E-012
  1.610000000000000E+002  3.343668722137411E-008  1.098459558524915E+000  3.538712677135125E-008  1.344165823572845E-002  5.291836352841308E-001  8.669849314728157E-012
  1.620000000000000E+002  3.323922243702903E-008  1.105282103081993E+000  3.526556990075831E-008  1.337017171622313E-002  5.319554554541385E-001  8.629804969464615E-012
  1.640000000000000E+002  3.285146312909354E-008  1.118927191310183E+000  3.502695046286661E-008  1.322980184116385E-002  5.374769134005269E-001  8.551069849919847E-012
  1.660000000000000E+002  3.247289466893162E-008  1.132572278652705E+000  3.479409615404915E-008  1.309269389933704E-002  5.429764227112509E-001  8.474070700257966E-012
  1.680000000000000E+002  3.210319190474272E-008  1.146217365109806E+000  3.456679991715544E-008  1.295874107383934E-002  5.484542072374623E-001  8.398755430282121E-012
  1.700000000000000E+002  3.174204494348943E-008  1.159862450681688E+000  3.434486449954132E-008  1.282783337791977E-002  5.539104838277082E-001  8.325067923108583E-012
  1.750000000000000E+002  3.087508909119508E-008  1.193975159086101E+000  3.381248357917552E-008  1.251364466403494E-002  5.674200611801729E-001  8.147733608330314E-012
  1.800000000000000E+002  3.005547796218024E-008  1.228087861966030E+000  3.330971949172228E-008  1.221626385387648E-002  5.808013715429534E-001  7.979463937011492E-012
  1.850000000000000E+002  2.927941366155980E-008  1.262200559321922E+000  3.283416002049364E-008  1.193436088472713E-002  5.940572799826597E-001  7.819536257322842E-012
  1.900000000000000E+002  2.854349420506928E-008  1.296313251153907E+000  3.238364774821172E-008  1.166672665971486E-002  6.071906338643873E-001  7.667297079740863E-012
  1.950000000000000E+002  2.784466337267897E-008  1.330425937461819E+000  3.195624737861637E-008  1.141227633178439E-002  6.202042349600138E-001  7.522164509520751E-012
  2.000000000000000E+002  2.718016795152039E-008  1.364538618245238E+000  3.155021792161871E-008  1.117003354253508E-002  6.331008250898312E-001  7.383617223834237E-012
  2.050000000000000E+002  2.654752112272736E-008  1.398651293503537E+000  3.116398893824286E-008  1.093911703346423E-002  6.458830792072108E-001  7.251185925324072E-012
  2.100000000000000E+002  2.594447101021039E-008  1.432763963235930E+000  3.079614017860582E-008  1.071872925240525E-002  6.585536021801580E-001  7.124446581727643E-012
  2.150000000000000E+002  2.536897357265151E-008  1.466876627441506E+000  3.044538406419659E-008  1.050814658757373E-002  6.711149274869707E-001  7.003014872661285E-012
  2.200000000000000E+002  2.481916915950795E-008  1.500989286119267E+000  3.011055056306900E-008  1.030671095036071E-002  6.835695169865902E-001  6.886541514810504E-012
  2.250000000000000E+002  2.429336216817107E-008  1.535101939268154E+000  2.979057408587306E-008  1.011382248852485E-002  6.959197613445119E-001  6.774708269391779E-012
  2.300000000000000E+002  2.379000333508708E-008  1.569214586887071E+000  2.948448209501087E-008  9.928933254033580E-003  7.081679808869908E-001  6.667224501635948E-012
  2.350000000000000E+002  2.330767427191747E-008  1.603327228974902E+000  2.919138517146590E-008  9.751541681652298E-003  7.203164267491864E-001  6.563824197651840E-012
  2.400000000000000E+002  2.284507392186110E-008  1.637439865530526E+000  2.891046832640750E-008  9.581187759198563E-003  7.323672822312295E-001  6.464263365698004E-012
  2.450000000000000E+002  2.240100666378273E-008  1.671552496552828E+000  2.864098337944501E-008  9.417448790197716E-003  7.443226643032479E-001  6.368317763533433E-012
  2.500000000000000E+002  2.197437183500024E-008  1.705665122040712E+000  2.838224225392956E-008  9.259935665737681E-003  7.561846252167128E-001  6.275780904190587E-012
  2.550000000000000E+002  2.156415447925459E-008  1.739777741993105E+000  2.813361106319489E-008  9.108289575462404E-003  7.679551541899948E-001  6.186462300688513E-012
  2.600000000000000E+002  2.116941715594349E-008  1.773890356408960E+000  2.789450488105473E-008  8.962179098470009E-003  7.796361791432180E-001  6.100185916665061E-012
  2.650000000000000E+002  2.078929267128053E-008  1.808002965287266E+000  2.766438310599858E-008  8.821297623850448E-003  7.912295684627091E-001  6.016788795119159E-012
  2.700000000000000E+002  2.042297761255537E-008  1.842115568627046E+000  2.744274534196357E-008  8.685361058061421E-003  8.027371327792432E-001  5.936119841716348E-012
  2.800000000000000E+002  1.972919742137139E-008  1.910340753171160E+000  2.702330901775952E-008  8.427719937877521E-003  8.254218739870357E-001  5.782567795272127E-012
  2.900000000000000E+002  1.908230823596273E-008  1.978565915567771E+000  2.663262281652522E-008  8.186866937974546E-003  8.477884027390324E-001  5.638391976946906E-012
  3.000000000000000E+002  1.847767503860310E-008  2.046791055808207E+000  2.626780910867045E-008  7.961167454942688E-003  8.698486505697324E-001  5.502684927977307E-012
  3.100000000000000E+002  1.791125545680058E-008  2.115016173885449E+000  2.592636241968076E-008  7.749192706123259E-003  8.916140168168815E-001  5.374668879248125E-012
  3.150000000000000E+002  1.764112705269667E-008  2.149128727376040E+000  2.576363121538190E-008  7.647797289099557E-003  9.024244248009412E-001  5.313283873262579E-012
  3.200000000000000E+002  1.737926942613772E-008  2.183241275319026E+000  2.560594763335038E-008  7.549386958622376E-003  9.131640561976675E-001  5.253560756295669E-012
  3.250000000000000E+002  1.712530476244245E-008  2.217353817714384E+000  2.545307845140274E-008  7.453825711051973E-003  9.238342892637036E-001  5.195435033290026E-012
  3.300000000000000E+002  1.687887811237394E-008  2.251466354561861E+000  2.530480467230630E-008  7.360988392000911E-003  9.344364223644047E-001  5.138843968907910E-012
  3.350000000000000E+002  1.663965563111090E-008  2.285578885861122E+000  2.516092043524862E-008  7.270756858320201E-003  9.449716966785831E-001  5.083726068257673E-012
  3.400000000000000E+002  1.640732300427480E-008  2.319691411611792E+000  2.502123203651001E-008  7.183019650212509E-003  9.554413074153004E-001  5.030022230380645E-012
  3.500000000000000E+002  1.596234296585387E-008  2.387916440935959E+000  2.475383444536515E-008  7.014854609859905E-003  9.761263017436522E-001  4.926727248953037E-012
  3.550000000000000E+002  1.574896236687811E-008  2.422028950047088E+000  2.462567659684986E-008  6.933987497682522E-003  9.864063074848506E-001  4.876954500682555E-012
  3.600000000000000E+002  1.554138357262293E-008  2.456141453607508E+000  2.450104490966076E-008  6.855228765030035E-003  9.966249585441066E-001  4.828379440772286E-012
  3.650000000000000E+002  1.533937080624207E-008  2.490253951617191E+000  2.437979453735954E-008  6.778492959221101E-003  1.006783318811102E+000  4.780959644515489E-012
  3.700000000000000E+002  1.514270099630030E-008  2.524366444075977E+000  2.426178850142862E-008  6.703700977934320E-003  1.016882401438628E+000  4.734654216609511E-012
  3.800000000000000E+002  1.476470062103765E-008  2.592591406806435E+000  2.403508511158208E-008  6.559845991110754E-003  1.036850553662707E+000  4.645305483891622E-012
  3.900000000000000E+002  1.440565713083060E-008  2.660816347344372E+000  2.381987835011410E-008  6.422893266040482E-003  1.056595516654580E+000  4.559965675939639E-012
  3.950000000000000E+002  1.423273584408779E-008  2.694928812059846E+000  2.371627509097140E-008  6.356760060086624E-003  1.066413104934112E+000  4.518677876550416E-012
  4.000000000000000E+002  1.406404279052627E-008  2.729041271222326E+000  2.361523272166956E-008  6.292173179324147E-003  1.076176730618671E+000  4.478280150569144E-012
  4.050000000000000E+002  1.389942318572871E-008  2.763153724831980E+000  2.351665655632794E-008  6.229076510292902E-003  1.085887255935212E+000  4.438745672350766E-012
  4.100000000000000E+002  1.373872978271909E-008  2.797266172888807E+000  2.342045655090534E-008  6.167417702573262E-003  1.095545499329671E+000  4.400047592292740E-012
  4.200000000000000E+002  1.342867487942628E-008  2.865491046806642E+000  2.323491157535442E-008  6.048364896103382E-003  1.114658582147565E+000  4.325116475226200E-012
  4.300000000000000E+002  1.313271325867565E-008  2.933715898524802E+000  2.305788697588243E-008  5.934478214344333E-003  1.133573799806366E+000  4.253228648005898E-012
  4.400000000000000E+002  1.284989676945863E-008  3.001940728041262E+000  2.288880389075246E-008  5.825417905969983E-003  1.152296601597313E+000  4.184185678388311E-012
  4.500000000000000E+002  1.257936070455153E-008  3.070165535354722E+000  2.272713489237143E-008  5.720873534875349E-003  1.170832231739069E+000  4.117810926308600E-012
  4.600000000000000E+002  1.232031485796790E-008  3.138390320464257E+000  2.257239840967839E-008  5.620561330018232E-003  1.189185706260736E+000  4.053944003126632E-012
  4.700000000000000E+002  1.207203567101328E-008  3.206615083369202E+000  2.242415384829976E-008  5.524221209461958E-003  1.207361816327207E+000  3.992437928437898E-012
  4.800000000000000E+002  1.183385934161226E-008  3.274839824069098E+000  2.228199731766558E-008  5.431614295996902E-003  1.225365138414258E+000  3.933157450597976E-012
  4.900000000000000E+002  1.160517576875172E-008  3.343064542563674E+000  2.214555788105744E-008  5.342520767700218E-003  1.243200046047940E+000  3.875977787297513E-012
  5.000000000000000E+002  1.138542321824732E-008  3.411289238852821E+000  2.201449425607001E-008  5.256737974111254E-003  1.260870721580114E+000  3.820783578198407E-012
  5.100000000000000E+002  1.117408361217187E-008  3.479513912936581E+000  2.188849190383062E-008  5.174078775512692E-003  1.278381167507121E+000  3.767467980210091E-012
  5.200000000000000E+002  1.097067835872740E-008  3.547738564815149E+000  2.176726045465352E-008  5.094370073454715E-003  1.295735217165457E+000  3.715931873715635E-012
  5.300000000000000E+002  1.077476465165906E-008  3.615963194488848E+000  2.165053142565428E-008  5.017451506658550E-003  1.312936544758685E+000  3.666083160572355E-012
  5.400000000000000E+002  1.058593217868780E-008  3.684187801958138E+000  2.153805619242353E-008  4.943174290666754E-003  1.329988674719526E+000  3.617836140136509E-012
  5.500000000000000E+002  1.040380018716833E-008  3.752412387223599E+000  2.142960418237041E-008  4.871400182906624E-003  1.346894990432942E+000  3.571110952565878E-012
  5.600000000000000E+002  1.022801486252958E-008  3.820636950285938E+000  2.132496126197540E-008  4.802000557515241E-003  1.363658742355444E+000  3.525833080628396E-012
  5.700000000000000E+002  1.005824698125828E-008  3.888861491145974E+000  2.122392829409365E-008  4.734855576498233E-003  1.380283055569355E+000  3.481932902685109E-012
  5.800000000000000E+002  9.894189805435326E-009  3.957086009804641E+000  2.112631984474440E-008  4.669853445656798E-003  1.396770936811196E+000  3.439345290631902E-012
  5.900000000000000E+002  9.735557190288378E-009  4.025310506262985E+000  2.103196302161607E-008  4.606889745288889E-003  1.413125281012352E+000  3.398009247481452E-012
  6.000000000000000E+002  9.582081880013140E-009  4.093534980522161E+000  2.094069642888939E-008  4.545866827002184E-003  1.429348877388293E+000  3.357867580004122E-012
  6.100000000000000E+002  9.433513970349019E-009  4.161759432583422E+000  2.085236922500481E-008  4.486693269110127E-003  1.445444415110498E+000  3.318866602461328E-012
  6.200000000000000E+002  9.289619519160183E-009  4.229983862448128E+000  2.076684027172835E-008  4.429283384050587E-003  1.461414488592871E+000  3.280955867983079E-012
  6.300000000000000E+002  9.150179288645229E-009  4.298208270117738E+000  2.068397736435307E-008  4.373556772096267E-003  1.477261602422142E+000  3.244087924581079E-012
  6.400000000000000E+002  9.014987604838414E-009  4.366432655593805E+000  2.060365653414487E-008  4.319437916338891E-003  1.492988175959530E+000  3.208218093164413E-012
  6.500000000000000E+002  8.883851321823636E-009  4.434657018877978E+000  2.052576141523901E-008  4.266855814543498E-003  1.508596547638767E+000  3.173304265246845E-012
  6.600000000000000E+002  8.756588879601681E-009  4.502881359972004E+000  2.045018266913957E-008  4.215743643999764E-003  1.524088978983659E+000  3.139306718312275E-012
  6.700000000000000E+002  8.633029445867199E-009  4.571105678877712E+000  2.037681746079355E-008  4.166038455956876E-003  1.539467658366419E+000  3.106187947044758E-012
  6.800000000000000E+002  8.513012133094120E-009  4.639329975597025E+000  2.030556898092218E-008  4.117680896627383E-003  1.554734704526356E+000  3.073912508837203E-012
  6.900000000000000E+002  8.396385283322012E-009  4.707554250131949E+000  2.023634600990936E-008  4.070614952092563E-003  1.569892169866866E+000  3.042446882173901E-012
  7.000000000000000E+002  8.283005813902285E-009  4.775778502484573E+000  2.016906251908549E-008  4.024787714744466E-003  1.584942043547239E+000  3.011759336639406E-012
  7.100000000000000E+002  8.172738618220030E-009  4.844002732657072E+000  2.010363730571496E-008  3.980149169164292E-003  1.599886254384428E+000  2.981819813444175E-012
  7.200000000000000E+002  8.065456016069928E-009  4.912226940651699E+000  2.003999365840626E-008  3.936651995568303E-003  1.614726673578713E+000  2.952599815477965E-012
  7.400000000000000E+002  7.859447140259952E-009  5.048675268005715E+000  1.991781307598761E-008  3.853039337989492E-003  1.644005190635212E+000  2.896284254522902E-012
  7.600000000000000E+002  7.663997943937590E-009  5.185123506734922E+000  1.980193105628169E-008  3.773470208822179E-003  1.672894423642282E+000  2.842539642735090E-012
  7.700000000000000E+002  7.569945303135142E-009  5.253347603930263E+000  1.974617895784923E-008  3.735048165841971E-003  1.687243554907919E+000  2.816542248252380E-012
  7.800000000000000E+002  7.478241773440179E-009  5.321571678960910E+000  1.969182702728475E-008  3.697530805800419E-003  1.701498902416700E+000  2.791117382305309E-012
  7.900000000000000E+002  7.388799521408816E-009  5.389795731830283E+000  1.963882262212895E-008  3.660885461498064E-003  1.715662045240898E+000  2.766247315131305E-012
  8.000000000000000E+002  7.301535070795133E-009  5.458019762541533E+000  1.958711572273944E-008  3.625081042699668E-003  1.729734498529228E+000  2.741913690131531E-012
  8.200000000000000E+002  7.133283935144636E-009  5.594467735406043E+000  1.948744187512866E-008  3.555979975740249E-003  1.757527050332163E+000  2.694840697525163E-012
  8.400000000000000E+002  6.972832362516680E-009  5.730915619729049E+000  1.939241210458688E-008  3.489894709416888E-003  1.784977799186417E+000  2.649708227702601E-012
  8.600000000000000E+002  6.819645185770421E-009  5.867363415532012E+000  1.930170607618862E-008  3.426624534024263E-003  1.812097017635167E+000  2.606389105673877E-012
  8.800000000000000E+002  6.673235280811165E-009  6.003811122838336E+000  1.921503237097292E-008  3.365986585318930E-003  1.838894547413358E+000  2.564769364899979E-012
  9.000000000000000E+002  6.533158298087542E-009  6.140258741672708E+000  1.913212529352190E-008  3.307813802941606E-003  1.865379793790243E+000  2.524745054871651E-012
  9.200000000000000E+002  6.399008063087260E-009  6.276706272060838E+000  1.905274209028032E-008  3.251953201894711E-003  1.891561742856071E+000  2.486220875239767E-012
  9.400000000000000E+002  6.270412555821387E-009  6.413153714029296E+000  1.897666052066856E-008  3.198264396398086E-003  1.917448983454383E+000  2.449109209124582E-012
  9.600000000000000E+002  6.147030387521890E-009  6.549601067605428E+000  1.890367673039764E-008  3.146618313511874E-003  1.943049729781742E+000  2.413329324447110E-012
  9.800000000000000E+002  6.028547704764931E-009  6.686048332817266E+000  1.883360338418289E-008  3.096896064583869E-003  1.968371843322001E+000  2.378806688094743E-012
  1.000000000000000E+003  5.914675461917603E-009  6.822495509693458E+000  1.876626802173740E-008  3.048987951008632E-003  1.993422853610092E+000  2.345472367605886E-012
  1.020000000000000E+003  5.805147011848420E-009  6.958942598263234E+000  1.870151160652023E-008  3.002792585394745E-003  2.018209977661136E+000  2.313262504539874E-012
  1.040000000000000E+003  5.699715972419075E-009  7.095389598556331E+000  1.863918724137398E-008  2.958216112495022E-003  2.042740138051458E+000  2.282117848245856E-012
  1.060000000000000E+003  5.598154332612164E-009  7.231836510602967E+000  1.857915902907194E-008  2.915171516759109E-003  2.067019979704431E+000  2.251983341365148E-012
  1.080000000000000E+003  5.500250767454586E-009  7.368283334433788E+000  1.852130105903893E-008  2.873578005371424E-003  2.091055885461599E+000  2.222807750101425E-012
  1.100000000000000E+003  5.405809135346732E-009  7.504730070079834E+000  1.846549650422775E-008  2.833360457276523E-003  2.114853990528364E+000  2.194543333499157E-012
  1.120000000000000E+003  5.314647135150934E-009  7.641176717572506E+000  1.841163681441603E-008  2.794448930053556E-003  2.138420195883656E+000  2.167145546882962E-012
  1.140000000000000E+003  5.226595103550255E-009  7.777623276943521E+000  1.835962099411177E-008  2.756778217639388E-003  2.161760180738854E+000  2.140572775330673E-012
  1.160000000000000E+003  5.141494935860069E-009  7.914069748224883E+000  1.830935495488173E-008  2.720287452858343E-003  2.184879414125468E+000  2.114786093637983E-012
  1.180000000000000E+003  5.059199115741596E-009  8.050516131448864E+000  1.826075093329543E-008  2.684919749527925E-003  2.207783165684603E+000  2.089749049716583E-012
  1.200000000000000E+003  4.979569841195135E-009  8.186962426647959E+000  1.821372696684957E-008  2.650621879599421E-003  2.230476515724864E+000  2.065427468773482E-012
  1.220000000000000E+003  4.902478235856638E-009  8.323408633854863E+000  1.816820642123710E-008  2.617343981380589E-003  2.252964364609284E+000  2.041789275962482E-012
  1.240000000000000E+003  4.827803636029435E-009  8.459854753102453E+000  1.812411756317959E-008  2.585039295391074E-003  2.275251441526220E+000  2.018804335491079E-012
  1.260000000000000E+003  4.755432945090964E-009  8.596300784423757E+000  1.808139317377494E-008  2.553663924833282E-003  2.297342312693997E+000  1.996444304416339E-012
  1.280000000000000E+003  4.685260047953575E-009  8.732746727851923E+000  1.803997019794134E-008  2.523176618033382E-003  2.319241389044477E+000  1.974682499578548E-012
  1.300000000000000E+003  4.617185279154276E-009  8.869192583420213E+000  1.799978942608205E-008  2.493538570528094E-003  2.340952933426469E+000  1.953493776307131E-012
  1.320000000000000E+003  4.551114938922820E-009  9.005638351161965E+000  1.796079520456363E-008  2.464713244750553E-003  2.362481067366172E+000  1.932854417694163E-012
  1.340000000000000E+003  4.486960852248374E-009  9.142084031110596E+000  1.792293517200702E-008  2.436666205509405E-003  2.383829777418440E+000  1.912742033370425E-012
  1.360000000000000E+003  4.424639966547521E-009  9.278529623299542E+000  1.788616001874224E-008  2.409364969664575E-003  2.405002921139601E+000  1.893135466840490E-012
  1.380000000000000E+003  4.364073984043375E-009  9.414975127762297E+000  1.785042326708479E-008  2.382778868585507E-003  2.426004232709885E+000  1.874014710539416E-012
  1.400000000000000E+003  4.305189025407557E-009  9.551420544532338E+000  1.781568107035833E-008  2.356878922136872E-003  2.446837328230993E+000  1.855360827866369E-012
  1.450000000000000E+003  4.164957239357603E-009  9.892533539243466E+000  1.773295589734765E-008  2.295122734976423E-003  2.497914107012725E+000  1.810759442536052E-012
  1.500000000000000E+003  4.033802211738727E-009  1.023364598718131E+001  1.765559845411986E-008  2.237075329204547E-003  2.548032733599029E+000  1.768703875656634E-012
  1.510000000000000E+003  4.008565154362194E-009  1.030186845487917E+001  1.764071439572689E-008  2.225841239786645E-003  2.558018702240625E+000  1.760555616821424E-012
  1.520000000000000E+003  3.983650657090114E-009  1.037009090069481E+001  1.762602102368050E-008  2.214740124692652E-003  2.567967400141269E+000  1.752496827298016E-012
  1.540000000000000E+003  3.934772894930523E-009  1.050653570485956E+001  1.759719669357530E-008  2.192946019092125E-003  2.587718695544315E+000  1.736655340635440E-012
  1.560000000000000E+003  3.887112178312653E-009  1.064298042159249E+001  1.756909174212221E-008  2.171654951653471E-003  2.607326785308751E+000  1.721159744075787E-012
  1.580000000000000E+003  3.840623116233674E-009  1.077942505092784E+001  1.754167927148167E-008  2.150848951604148E-003  2.626794469318012E+000  1.705998257859919E-012
  1.600000000000000E+003  3.795262561568281E-009  1.091586959289932E+001  1.751493371650883E-008  2.130510892167326E-003  2.646124451741136E+000  1.691159669276751E-012
  1.620000000000000E+003  3.750989472846623E-009  1.105231404754018E+001  1.748883076262551E-008  2.110624449789651E-003  2.665319349862064E+000  1.676633232215626E-012
  1.640000000000000E+003  3.707764786416444E-009  1.118875841488335E+001  1.746334726982521E-008  2.091174060240255E-003  2.684381700911638E+000  1.662408656220720E-012
  1.660000000000000E+003  3.665551298043587E-009  1.132520269496152E+001  1.743846120225177E-008  2.072144876815309E-003  2.703313967179685E+000  1.648476093851546E-012
  1.680000000000000E+003  3.624313553059695E-009  1.146164688780709E+001  1.741415156284501E-008  2.053522730399214E-003  2.722118540060501E+000  1.634826123524668E-012
  1.700000000000000E+003  3.584017744294916E-009  1.159809099345229E+001  1.739039833261243E-008  2.035294091670633E-003  2.740797743418586E+000  1.621449730384165E-012
  1.710000000000000E+003  3.564209972504051E-009  1.166631302447430E+001  1.737872258425855E-008  2.026316290136556E-003  2.750106324227058E+000  1.614857419283154E-012
  1.720000000000000E+003  3.544625805602588E-009  1.173453503370050E+001  1.736717890473385E-008  2.017432185275865E-003  2.759384186640700E+000  1.608330027352164E-012
  1.740000000000000E+003  3.506118737607958E-009  1.187097896501956E+001  1.734448216689773E-008  1.999952471591238E-003  2.777819098522697E+000  1.595474614556908E-012
  1.760000000000000E+003  3.468461139704410E-009  1.200742280923520E+001  1.732228709791111E-008  1.982829228605503E-003  2.796135284280515E+000  1.582868399922117E-012
  1.780000000000000E+003  3.431624911101407E-009  1.214386656637815E+001  1.730057706479757E-008  1.966051120977749E-003  2.814334803956121E+000  1.570503551902521E-012
  1.800000000000000E+003  3.395583182642326E-009  1.228031023647925E+001  1.727933616553116E-008  1.949607311984725E-003  2.832419671683714E+000  1.558372721831231E-012
  1.820000000000000E+003  3.360310250436689E-009  1.241675381956925E+001  1.725854918942492E-008  1.933487429852984E-003  2.850391852564634E+000  1.546468902507658E-012
  1.840000000000000E+003  3.325781513416260E-009  1.255319731567879E+001  1.723820157994652E-008  1.917681539290300E-003  2.868253262398029E+000  1.534785387569946E-012
  1.860000000000000E+003  3.291973414756349E-009  1.268964072483831E+001  1.721827939986675E-008  1.902180117212240E-003  2.886005768362690E+000  1.523315748094214E-012
  1.880000000000000E+003  3.258863386946271E-009  1.282608404707807E+001  1.719876929859550E-008  1.886974030757417E-003  2.903651190100822E+000  1.512053814895813E-012
  1.900000000000000E+003  3.226429800271618E-009  1.296252728242810E+001  1.717965848155715E-008  1.872054516997277E-003  2.921191300970967E+000  1.500993663717134E-012
  1.950000000000000E+003  3.148200197365897E-009  1.330363482840172E+001  1.713356651875023E-008  1.836029923237603E-003  2.964405764640529E+000  1.474238837424675E-012
  2.000000000000000E+003  3.073765218652856E-009  1.364474183237662E+001  1.708971388923667E-008  1.801614730923649E-003  3.007008356148031E+000  1.448625323336786E-012
  2.010000000000000E+003  3.059302172535983E-009  1.371296321148125E+001  1.708119343551128E-008  1.794896948918627E-003  3.015504689513065E+000  1.443621877989943E-012
  2.020000000000000E+003  3.044978093746307E-009  1.378118456890136E+001  1.707275497662761E-008  1.788238501115805E-003  3.023977085704395E+000  1.438659730249313E-012
  2.040000000000000E+003  3.016742162617751E-009  1.391762719705084E+001  1.705612131938361E-008  1.775105154542283E-003  3.040827659368113E+000  1.428863754347923E-012
  2.060000000000000E+003  2.989038210181610E-009  1.405406973853906E+001  1.703980152390775E-008  1.762199538289191E-003  3.057585500986002E+000  1.419229344804581E-012
  2.080000000000000E+003  2.961851182469088E-009  1.419051219339486E+001  1.702378669276719E-008  1.749515520754146E-003  3.074252051780594E+000  1.409752388626572E-012
  2.100000000000000E+003  2.935166592402232E-009  1.432695456164650E+001  1.700806826405620E-008  1.737047183909728E-003  3.090828708754537E+000  1.400428910084996E-012
  2.150000000000000E+003  2.870584171401279E-009  1.466805994159030E+001  1.697002835701630E-008  1.706840268842825E-003  3.131726016886438E+000  1.377805280072806E-012
  2.200000000000000E+003  2.808849261528600E-009  1.500916478122184E+001  1.693366796401296E-008  1.677857268100542E-003  3.172097765685984E+000  1.356058856739792E-012
  2.250000000000000E+003  2.749775818476314E-009  1.535026908092802E+001  1.689887716710887E-008  1.650021653898018E-003  3.211962200645222E+000  1.335135465143125E-012
  2.300000000000000E+003  2.693193732301534E-009  1.569137284109327E+001  1.686555548230267E-008  1.623263457178718E-003  3.251336697087862E+000  1.314986420525072E-012
  2.350000000000000E+003  2.638947160833989E-009  1.603247606209491E+001  1.683361086913113E-008  1.597518466487256E-003  3.290237713690057E+000  1.295567202784868E-012
  2.400000000000000E+003  2.586893062965759E-009  1.637357874430154E+001  1.680295886050047E-008  1.572727608473567E-003  3.328680817041516E+000  1.276836845824662E-012
  2.450000000000000E+003  2.536899907803071E-009  1.671468088807250E+001  1.677352179743331E-008  1.548836427177999E-003  3.366680726718640E+000  1.258757527760841E-012
  2.500000000000000E+003  2.488846536587480E-009  1.705578249375766E+001  1.674522815468084E-008  1.525794632229085E-003  3.404251365085257E+000  1.241294248961003E-012
  2.550000000000000E+003  2.442621157035442E-009  1.739688356169741E+001  1.671801194499079E-008  1.503555701657517E-003  3.441405906526993E+000  1.224414560538680E-012
  2.600000000000000E+003  2.398120452572182E-009  1.773798409222280E+001  1.669181219157323E-008  1.482076530415731E-003  3.478156824368488E+000  1.208088328095533E-012
  2.650000000000000E+003  2.355248791464135E-009  1.807908408565557E+001  1.666657245983592E-008  1.461317118080690E-003  3.514515934975530E+000  1.192287523137020E-012
  2.700000000000000E+003  2.313917523024543E-009  1.842018354230839E+001  1.664224044076238E-008  1.441240290539704E-003  3.550494438995515E+000  1.176986037553000E-012
  2.750000000000000E+003  2.274044349905838E-009  1.876128246248497E+001  1.661876757940335E-008  1.421811451337496E-003  3.586102959850202E+000  1.162159517883444E-012
  2.800000000000000E+003  2.235552767045585E-009  1.910238084648028E+001  1.659610874287855E-008  1.402998359020080E-003  3.621351579646856E+000  1.147785216798512E-012
  2.850000000000000E+003  2.198371559145381E-009  1.944347869458075E+001  1.657422192306679E-008  1.384770927335956E-003  3.656249872684852E+000  1.133841859671996E-012
  2.900000000000000E+003  2.162434349673420E-009  1.978457600706454E+001  1.655306796982406E-008  1.367101045588301E-003  3.690806936730083E+000  1.120309524451749E-012
  2.950000000000000E+003  2.127679195324922E-009  2.012567278420165E+001  1.653261035112991E-008  1.349962416795501E-003  3.725031422219061E+000  1.107169533284718E-012
  3.000000000000000E+003  2.094048220677572E-009  2.046676902625431E+001  1.651281493703999E-008  1.333330411625374E-003  3.758931559542694E+000  1.094404354561613E-012
  3.050000000000000E+003  2.061487288464581E-009  2.080786473347709E+001  1.649364980472968E-008  1.317181936330956E-003  3.792515184547641E+000  1.081997514219994E-012
  3.100000000000000E+003  2.029945701474507E-009  2.114895990611722E+001  1.647508506226251E-008  1.301495313140465E-003  3.825789762381922E+000  1.069933515291790E-012
  3.150000000000000E+003  1.999375932590320E-009  2.149005454441482E+001  1.645709268901560E-008  1.286250171746958E-003  3.858762409800990E+000  1.058197764807291E-012
  3.200000000000000E+003  1.969733379913187E-009  2.183114864860318E+001  1.643964639095164E-008  1.271427350709474E-003  3.891439916041017E+000  1.046776507275916E-012
  3.250000000000000E+003  1.940976144289892E-009  2.217224221890895E+001  1.642272146914853E-008  1.257008807720964E-003  3.923828762357584E+000  1.035656764057574E-012
  3.300000000000000E+003  1.913064826885573E-009  2.251333525555245E+001  1.640629470018933E-008  1.242977537822613E-003  3.955935140320142E+000  1.024826278019427E-012
  3.350000000000000E+003  1.885962344723208E-009  2.285442775874792E+001  1.639034422718124E-008  1.229317498751998E-003  3.987764968945706E+000  1.014273462943130E-012
  3.400000000000000E+003  1.859633762354190E-009  2.319551972870375E+001  1.637484946031608E-008  1.216013542706325E-003  4.019323910748779E+000  1.003987357208905E-012
  3.450000000000000E+003  1.834046138035698E-009  2.353661116562268E+001  1.635979098601057E-008  1.203051353883787E-003  4.050617386778846E+000  9.939575813361804E-013
  3.500000000000000E+003  1.809168382975052E-009  2.387770206970217E+001  1.634515048377389E-008  1.190417391237465E-003  4.081650590711496E+000  9.841742990072620E-013
  3.550000000000000E+003  1.784971132362320E-009  2.421879244113450E+001  1.633091065004521E-008  1.178098835938749E-003  4.112428502054515E+000  9.746281812414643E-013
  3.600000000000000E+003  1.761426627053621E-009  2.455988228010711E+001  1.631705512832804E-008  1.166083543102082E-003  4.142955898525929E+000  9.653103734230360E-013
  3.650000000000000E+003  1.738508604891420E-009  2.490097158680274E+001  1.630356844502135E-008  1.154359997371015E-003  4.173237367657019E+000  9.562124649179019E-013
  3.700000000000000E+003  1.716192200756939E-009  2.524206036139974E+001  1.629043595041199E-008  1.142917272008005E-003  4.203277317669695E+000  9.473264610420824E-013
  3.750000000000000E+003  1.694453854545747E-009  2.558314860407221E+001  1.627764376434973E-008  1.131744991167803E-003  4.233079987674271E+000  9.386447571693057E-013
  3.800000000000000E+003  1.673271226342126E-009  2.592423631499028E+001  1.626517872617637E-008  1.120833295067378E-003  4.262649457230636E+000  9.301601147870926E-013
  3.850000000000000E+003  1.652623118142658E-009  2.626532349432021E+001  1.625302834852466E-008  1.110172807794568E-003  4.291989655312920E+000  9.218656393299116E-013
  3.900000000000000E+003  1.632489401545595E-009  2.660641014222475E+001  1.624118077464186E-008  1.099754607523641E-003  4.321104368715218E+000  9.137547596351108E-013
  4.000000000000000E+003  1.593699686263251E-009  2.728858131398897E+001  1.621835552300623E-008  1.079648258370892E-003  4.378455821357415E+000  8.980872046606756E-013
  4.100000000000000E+003  1.556748654111187E-009  2.797075036289090E+001  1.619661255481866E-008  1.060410562908349E-003  4.434956080736861E+000  8.830799835972186E-013
  4.150000000000000E+003  1.538917475351425E-009  2.831183435667264E+001  1.618612031007465E-008  1.051082756515483E-003  4.462997633704131E+000  8.757978094707692E-013
  4.200000000000000E+003  1.521498977711282E-009  2.865291781994411E+001  1.617587096410163E-008  1.041951815705356E-003  4.490833879642760E+000  8.686653153472997E-013
  4.250000000000000E+003  1.504478897269813E-009  2.899400075284830E+001  1.616585611707923E-008  1.033011378923389E-003  4.518467816062831E+000  8.616780457767597E-013
  4.300000000000000E+003  1.487843623414452E-009  2.933508315552352E+001  1.615606775402856E-008  1.024255320030202E-003  4.545902317963561E+000  8.548314847878213E-013
  4.350000000000000E+003  1.471580161001202E-009  2.967616502810597E+001  1.614649822265017E-008  1.015677768294330E-003  4.573140175068560E+000  8.481212503564090E-013
  4.400000000000000E+003  1.455676095730032E-009  3.001724637073047E+001  1.613714021292922E-008  1.007273103293681E-003  4.600184101428789E+000  8.415431343560773E-013
  4.500000000000000E+003  1.424906351451487E-009  3.069940693756794E+001  1.611903533680792E-008  9.909883261826232E-004  4.653513740426866E+000  8.287882696648775E-013
  4.600000000000000E+003  1.395437589637557E-009  3.138156538701315E+001  1.610169611047118E-008  9.753310112511458E-004  4.706104943530192E+000  8.165139141649512E-013
  4.700000000000000E+003  1.367188470588591E-009  3.206372172008369E+001  1.608507464482048E-008  9.602641993127440E-004  4.757976714173200E+000  8.046921303777172E-013
  4.750000000000000E+003  1.353494663652285E-009  3.240479935756125E+001  1.607701739997977E-008  9.529297134327669E-004  4.783735694334275E+000  7.989338541049068E-013
  4.800000000000000E+003  1.340078410597663E-009  3.274587646611341E+001  1.606912349024590E-008  9.457307772473035E-004  4.809320068311663E+000  7.932795171576353E-013
  4.850000000000000E+003  1.326931300287588E-009  3.308695304586163E+001  1.606138796405104E-008  9.386635476130363E-004  4.834731971347178E+000  7.877263802526826E-013
  4.900000000000000E+003  1.314045259449629E-009  3.342802909692526E+001  1.605380606877798E-008  9.317243026250505E-004  4.859973476724430E+000  7.822716503243513E-013
  5.000000000000000E+003  1.289030928531585E-009  3.411017908559574E+001  1.603908818909740E-008  9.182363772030220E-004  4.909788555072298E+000  7.716627117751667E-013
  5.100000000000000E+003  1.264971192627782E-009  3.479232696174162E+001  1.602493203992590E-008  9.052174728645734E-004  4.958951183163238E+000  7.614148898151746E-013
  5.200000000000000E+003  1.241812077186423E-009  3.547447272629923E+001  1.601130585054975E-008  8.926426073073806E-004  5.007476354834803E+000  7.515091462589206E-013
  5.300000000000000E+003  1.219503615041719E-009  3.615661638019083E+001  1.599818021010518E-008  8.804885934622506E-004  5.055378414129411E+000  7.419279234035906E-013
  5.400000000000000E+003  1.197999480163820E-009  3.683875792432691E+001  1.598552785178978E-008  8.687338552400099E-004  5.102671112855168E+000  7.326548541229149E-013
  5.500000000000000E+003  1.177256660892201E-009  3.752089735960911E+001  1.597332346038130E-008  8.573582888649599E-004  5.149367668887492E+000  7.236746579826254E-013
  5.600000000000000E+003  1.157235167968157E-009  3.820303468693202E+001  1.596154350024391E-008  8.463431397351097E-004  5.195480809981687E+000  7.149730586487496E-013
  5.700000000000000E+003  1.137897773038128E-009  3.888516990718421E+001  1.595016606128309E-008  8.356708907517776E-004  5.241022808338441E+000  7.065367058941552E-013
  5.800000000000000E+003  1.119209773927311E-009  3.956730302124905E+001  1.593917072067574E-008  8.253251611782203E-004  5.286005509745162E+000  6.983531027323685E-013
  5.900000000000000E+003  1.101138783515226E-009  4.024943403000523E+001  1.592853841851090E-008  8.152906151508656E-004  5.330440359100513E+000  6.904105384930789E-013
  6.000000000000000E+003  1.083654539478638E-009  4.093156293432718E+001  1.591825134572907E-008  8.055528788945430E-004  5.374338423177849E+000  6.826980278125971E-013
  6.100000000000000E+003  1.066728732528237E-009  4.161368973508543E+001  1.590829284296074E-008  7.960984657256993E-004  5.417710411104925E+000  6.752052551286457E-013
  6.200000000000000E+003  1.050334851070922E-009  4.229581443314681E+001  1.589864730904454E-008  7.869147080097466E-004  5.460566692884952E+000  6.679225241706930E-013
  6.300000000000000E+003  1.034448040490554E-009  4.297793702937467E+001  1.588930011815920E-008  7.779896953306273E-004  5.502917316213556E+000  6.608407119473187E-013
  6.400000000000000E+003  1.019044975464215E-009  4.366005752462889E+001  1.588023754463613E-008  7.693122182173392E-004  5.544772021805080E+000  6.539512267746400E-013
  6.500000000000000E+003  1.004103743924233E-009  4.434217591976604E+001  1.587144669463314E-008  7.608717168495493E-004  5.586140257412295E+000  6.472459699379552E-013
  6.600000000000000E+003  9.896037414432752E-010  4.502429221563936E+001  1.586291544394857E-008  7.526582342322499E-004  5.627031190699617E+000  6.407173006242464E-013
  6.700000000000000E+003  9.755255749645999E-010  4.570640641309870E+001  1.585463238134036E-008  7.446623733885757E-004  5.667453721109516E+000  6.343580038038700E-013
  6.800000000000000E+003  9.618509749252552E-010  4.638851851299053E+001  1.584658675678890E-008  7.368752581715098E-004  5.707416490843681E+000  6.281612607756953E-013
  6.900000000000000E+003  9.485627149295171E-010  4.707062851615785E+001  1.583876843420697E-008  7.292884973402233E-004  5.746927895064806E+000  6.221206221213833E-013
  7.000000000000000E+003  9.356445382253256E-010  4.775273642344007E+001  1.583116784815636E-008  7.218941515861992E-004  5.785996091410857E+000  6.162299828421181E-013
  7.100000000000000E+003  9.230810903199755E-010  4.843484223567299E+001  1.582377596418015E-008  7.146847032287760E-004  5.824629008901496E+000  6.104835594753272E-013
  7.200000000000000E+003  9.108578571444168E-010  4.911694595368861E+001  1.581658424240263E-008  7.076530283300316E-004  5.862834356305652E+000  6.048758690102348E-013
  7.300000000000000E+003  8.989611082396932E-010  4.979904757831511E+001  1.580958460408646E-008  7.007923710055374E-004  5.900619630029866E+000  5.994017094398870E-013
  7.400000000000000E+003  8.873778444954646E-010  5.048114711037660E+001  1.580276940087051E-008  6.940963197309704E-004  5.937992121578931E+000  5.940561418038681E-013
  7.500000000000000E+003  8.760957500202316E-010  5.116324455069320E+001  1.579613138644035E-008  6.875587854652336E-004  5.974958924633279E+000  5.888344735906106E-013
  7.600000000000000E+003  8.651031477667573E-010  5.184533990008070E+001  1.578966369040992E-008  6.811739814290396E-004  6.011526941781461E+000  5.837322433812146E-013
  7.700000000000000E+003  8.543889585749137E-010  5.252743315935070E+001  1.578335979421514E-008  6.749364043941034E-004  6.047702890940731E+000  5.787452066282617E-013
  7.800000000000000E+003  8.439426633285172E-010  5.320952432931027E+001  1.577721350884099E-008  6.688408173524436E-004  6.083493311494241E+000  5.738693224733945E-013
  7.900000000000000E+003  8.337542679531557E-010  5.389161341076209E+001  1.577121895422109E-008  6.628822334480976E-004  6.118904570169357E+000  5.691007415166209E-013
  8.000000000000000E+003  8.238142710090484E-010  5.457370040450413E+001  1.576537054016498E-008  6.570559010648932E-004  6.153942866678261E+000  5.644357944584983E-013
  8.100000000000000E+003  8.141136336570433E-010  5.525578531132979E+001  1.575966294868252E-008  6.513572899741011E-004  6.188614239139049E+000  5.598709815437055E-013
  8.200000000000000E+003  8.046437517973067E-010  5.593786813202767E+001  1.575409111758712E-008  6.457820784548269E-004  6.222924569293134E+000  5.554029627410651E-013
  8.300000000000000E+003  7.953964301993814E-010  5.661994886738157E+001  1.574865022527136E-008  6.403261413081375E-004  6.256879587532569E+000  5.510285486010248E-013
  8.400000000000000E+003  7.863638584594100E-010  5.730202751817043E+001  1.574333567655802E-008  6.349855386931747E-004  6.290484877749066E+000  5.467446917368751E-013
  8.500000000000000E+003  7.775385886356199E-010  5.798410408516833E+001  1.573814308953901E-008  6.297565057200258E-004  6.323745882015083E+000  5.425484788807920E-013
  8.600000000000000E+003  7.689135144268778E-010  5.866617856914443E+001  1.573306828332259E-008  6.246354427400017E-004  6.356667905105901E+000  5.384371234700876E-013
  8.700000000000000E+003  7.604818517714568E-010  5.934825097086288E+001  1.572810726661639E-008  6.196189062792277E-004  6.389256118870549E+000  5.344079587229463E-013
  8.800000000000000E+003  7.522371207541944E-010  6.003032129108287E+001  1.572325622708067E-008  6.147036005662192E-004  6.421515566458575E+000  5.304584311664304E-013
  8.900000000000000E+003  7.441731287201963E-010  6.071238953055863E+001  1.571851152139157E-008  6.098863696083904E-004  6.453451166408783E+000  5.265860945827271E-013
  9.000000000000000E+003  7.362839545022011E-010  6.139445569003941E+001  1.571386966595990E-008  6.051641897763186E-004  6.485067716605431E+000  5.227886043424730E-013
  9.100000000000000E+003  7.285639336767998E-010  6.207651977026949E+001  1.570932732825538E-008  6.005341628580943E-004  6.516369898106849E+000  5.190637120966173E-013
  9.200000000000000E+003  7.210076447720292E-010  6.275858177198815E+001  1.570488131869085E-008  5.959935095492366E-004  6.547362278850981E+000  5.154092608006332E-013
  9.300000000000000E+003  7.136098963554389E-010  6.344064169592979E+001  1.570052858302463E-008  5.915395633465460E-004  6.578049317241902E+000  5.118231800470510E-013
  9.400000000000000E+003  7.063657149377190E-010  6.412269954282387E+001  1.569626619524281E-008  5.871697648168568E-004  6.608435365621155E+000  5.083034816842348E-013
  9.600000000000000E+003  6.923222523046823E-010  6.548680693527658E+001  1.568800314501436E-008  5.786894397540308E-004  6.668033163958420E+000  5.014685915496584E-013
  9.800000000000000E+003  6.788380160386492E-010  6.685090603195196E+001  1.568006910622817E-008  5.705162012881231E-004  6.726488267291009E+000  4.948764341006573E-013
  9.900000000000000E+003  6.722938025563538E-010  6.753295350676338E+001  1.567621853179650E-008  5.665317330336292E-004  6.755434794489661E+000  4.916612434329414E-013
  1.000000000000000E+004  6.658773086957945E-010  6.821499890876498E+001  1.567244309853867E-008  5.626180213174417E-004  6.784104175619259E+000  4.885019745785866E-013
  1.010000000000000E+004  6.595848045002291E-010  6.889704223866195E+001  1.566874061211290E-008  5.587731254297912E-004  6.812500164401924E+000  4.853971330256204E-013
  1.020000000000000E+004  6.534127044298191E-010  6.957908349715326E+001  1.566510896313704E-008  5.549951753851767E-004  6.840626421095325E+000  4.823452662692315E-013
  1.040000000000000E+004  6.414184765876880E-010  7.094315773496986E+001  1.565805154445211E-008  5.476465948034687E-004  6.895824951387318E+000  4.764055765498335E-013
  1.060000000000000E+004  6.298659149080100E-010  7.230722369891627E+001  1.565125397426127E-008  5.405440711237558E-004  6.949995973876376E+000  4.706610063642401E-013
  1.080000000000000E+004  6.187308992270536E-010  7.367128139426177E+001  1.564470206211885E-008  5.336749580759076E-004  7.003165067597749E+000  4.651016248704959E-013
  1.100000000000000E+004  6.079910396077380E-010  7.503533082623126E+001  1.563838263561264E-008  5.270274825259028E-004  7.055356863749663E+000  4.597182017348175E-013
  1.120000000000000E+004  5.976255238516678E-010  7.639937199999828E+001  1.563228345060732E-008  5.205906675481481E-004  7.106595055014255E+000  4.545021336285468E-013
  1.140000000000000E+004  5.876149807757195E-010  7.776340492068205E+001  1.562639311077719E-008  5.143542639945272E-004  7.156902424631101E+000  4.494453863338266E-013
  1.160000000000000E+004  5.779413574158426E-010  7.912742959334723E+001  1.562070099534552E-008  5.083086895726387E-004  7.206300888149785E+000  4.445404444172197E-013
  1.180000000000000E+004  5.685878085649295E-010  8.049144602300517E+001  1.561519719408723E-008  5.024449744756146E-004  7.254811538867888E+000  4.397802679494645E-013
  1.200000000000000E+004  5.595385972383799E-010  8.185545421461541E+001  1.560987244876453E-008  4.967547125036551E-004  7.302454692725198E+000  4.351582543826053E-013
  1.220000000000000E+004  5.507790048317169E-010  8.321945417308753E+001  1.560471810026679E-008  4.912300169097999E-004  7.349249931174536E+000  4.306682043997969E-013
  1.240000000000000E+004  5.422952498882621E-010  8.458344590328301E+001  1.559972604081729E-008  4.858634803960403E-004  7.395216141597805E+000  4.263042910728594E-013
  1.260000000000000E+004  5.340744145296074E-010  8.594742941001682E+001  1.559488867068934E-008  4.806481387931867E-004  7.440371555198360E+000  4.220610318915173E-013
  1.280000000000000E+004  5.261043777184604E-010  8.731140469805941E+001  1.559019885894242E-008  4.755774380266366E-004  7.484733782430546E+000  4.179332633304582E-013
  1.300000000000000E+004  5.183737546245292E-010  8.867537177213812E+001  1.558564990774955E-008  4.706452040218267E-004  7.528319846077427E+000  4.139161176768547E-013
  1.320000000000000E+004  5.108718414516730E-010  9.003933063693898E+001  1.558123551993790E-008  4.658456152454290E-004  7.571146212108057E+000  4.100050018798828E-013
  1.340000000000000E+004  5.035885651604814E-010  9.140328129710818E+001  1.557694976940960E-008  4.611731776143327E-004  7.613228818452426E+000  4.061955782142365E-013
  1.360000000000000E+004  4.965144375864605E-010  9.276722375725342E+001  1.557278707414892E-008  4.566227015354844E-004  7.654583101832517E+000  4.024837465748818E-013
  1.380000000000000E+004  4.896405135115047E-010  9.413115802194540E+001  1.556874217155517E-008  4.521892808666819E-004  7.695224022784550E+000  3.988656282418127E-013
  1.400000000000000E+004  4.829583522965041E-010  9.549508409571888E+001  1.556481009587088E-008  4.478682736119613E-004  7.735166089001918E+000  3.953375509720751E-013
  1.420000000000000E+004  4.764599827267941E-010  9.685900198307426E+001  1.556098615750023E-008  4.436552841858244E-004  7.774423377121751E+000  3.918960352923706E-013
  1.440000000000000E+004  4.701378707605843E-010  9.822291168847829E+001  1.555726592403527E-008  4.395461470985889E-004  7.813009553070887E+000  3.885377818795092E-013
  1.460000000000000E+004  4.639848899042091E-010  9.958681321636531E+001  1.555364520282762E-008  4.355369119309581E-004  7.850937891079592E+000  3.852596599281598E-013
  1.480000000000000E+004  4.579942939676855E-010  1.009507065711383E+002  1.555012002496066E-008  4.316238294798276E-004  7.888221291464029E+000  3.820586964160193E-013
  1.500000000000000E+004  4.521596919801692E-010  1.023145917571698E+002  1.554668663049226E-008  4.278033389695878E-004  7.924872297271234E+000  3.789320661858847E-013
  1.520000000000000E+004  4.464750250679288E-010  1.036784687788024E+002  1.554334145485220E-008  4.240720562340056E-004  7.960903109873499E+000  3.758770827723768E-013
  1.540000000000000E+004  4.409345451178231E-010  1.050423376403501E+002  1.554008111628994E-008  4.204267627833403E-004  7.996325603592355E+000  3.728911899083415E-013
  1.560000000000000E+004  4.355327950672863E-010  1.064061983460986E+002  1.553690240427937E-008  4.168643956798577E-004  8.031151339426165E+000  3.699719536524336E-013
  1.580000000000000E+004  4.302645906778202E-010  1.077700509003063E+002  1.553380226879626E-008  4.133820381524482E-004  8.065391577949370E+000  3.671170550851154E-013
  1.600000000000000E+004  4.251250036631858E-010  1.091338953072047E+002  1.553077781039265E-008  4.099769108877909E-004  8.099057291446101E+000  3.643242835254079E-013
  1.620000000000000E+004  4.201093460561272E-010  1.104977315709991E+002  1.552782627099998E-008  4.066463639415073E-004  8.132159175335561E+000  3.615915302252936E-013
  1.640000000000000E+004  4.152131557087130E-010  1.118615596958694E+002  1.552494502539903E-008  4.033878692181061E-004  8.164707658941996E+000  3.589167825027223E-013
  1.660000000000000E+004  4.104321828314271E-010  1.132253796859701E+002  1.552213157330101E-008  4.001990134733255E-004  8.196712915657635E+000  3.562981182778204E-013
  1.680000000000000E+004  4.057623774851126E-010  1.145891915454312E+002  1.551938353198917E-008  3.970774917967730E-004  8.228184872542890E+000  3.537337009801541E-013
  1.700000000000000E+004  4.011998779479093E-010  1.159529952783587E+002  1.551669862947519E-008  3.940211015366135E-004  8.259133219404516E+000  3.512217747978146E-013
  1.720000000000000E+004  3.967409998865113E-010  1.173167908888347E+002  1.551407469812875E-008  3.910277366315215E-004  8.289567417388934E+000  3.487606602417219E-013
  1.740000000000000E+004  3.923822262675321E-010  1.186805783809182E+002  1.551150966874254E-008  3.880953823182226E-004  8.319496707124767E+000  3.463487500008995E-013
  1.760000000000000E+004  3.881201979505648E-010  1.200443577586450E+002  1.550900156499819E-008  3.852221101857477E-004  8.348930116445919E+000  3.439845050665950E-013
  1.780000000000000E+004  3.839517049097347E-010  1.214081290260286E+002  1.550654849830205E-008  3.824060735500447E-004  8.377876467723755E+000  3.416664511050343E-013
  1.800000000000000E+004  3.798736780352436E-010  1.227718921870602E+002  1.550414866296213E-008  3.796455031248741E-004  8.406344384834727E+000  3.393931750603274E-013
  1.820000000000000E+004  3.758831814706393E-010  1.241356472457090E+002  1.550180033168021E-008  3.769387029669674E-004  8.434342299787447E+000  3.371633219706066E-013
  1.840000000000000E+004  3.719774054453668E-010  1.254993942059228E+002  1.549950185133532E-008  3.742840466752825E-004  8.461878459031384E+000  3.349755919818880E-013
  1.860000000000000E+004  3.681536595656103E-010  1.268631330716279E+002  1.549725163903675E-008  3.716799738258867E-004  8.488960929467469E+000  3.328287375454270E-013
  1.880000000000000E+004  3.644093665295700E-010  1.282268638467297E+002  1.549504817842693E-008  3.691249866255099E-004  8.515597604179275E+000  3.307215607855113E-013
  1.900000000000000E+004  3.607420562361375E-010  1.295905865351128E+002  1.549289001621555E-008  3.666176467682021E-004  8.541796207902031E+000  3.286529110256703E-013
  1.920000000000000E+004  3.571493602585136E-010  1.309543011406413E+002  1.549077575892847E-008  3.641565724807946E-004  8.567564302245199E+000  3.266216824622653E-013
  1.940000000000000E+004  3.536290066566364E-010  1.323180076671589E+002  1.548870406985594E-008  3.617404357439941E-004  8.592909290683295E+000  3.246268119752742E-013
  1.960000000000000E+004  3.501788151044061E-010  1.336817061184894E+002  1.548667366618596E-008  3.593679596769933E-004  8.617838423328477E+000  3.226672770668978E-013
  1.980000000000000E+004  3.467966923096259E-010  1.350453964984367E+002  1.548468331630993E-008  3.570379160744303E-004  8.642358801497236E+000  3.207420939193361E-013
  2.000000000000000E+004  3.434806277063243E-010  1.364090788107850E+002  1.548273183728842E-008  3.547491230853874E-004  8.666477382082903E+000  3.188503155637450E-013
