 time    0.0000000000000000     
  1.406866755234190E-001  0.000000000000000E+000
 time    1.0000000000000007     
  1.406866755234190E-001  0.000000000000000E+000
 time    2.0000000000000013     
  1.406866755234190E-001  0.000000000000000E+000
 time    3.0000000000000022     
  1.406866755234190E-001  0.000000000000000E+000
 time    4.0000000000000000     
  1.406866755234190E-001  0.000000000000000E+000
 time    4.9999999999999964     
  1.406866755234190E-001  0.000000000000000E+000
 time    5.9999999999999929     
  1.406866755234190E-001  0.000000000000000E+000
 time    6.9999999999999911     
  1.406866755234190E-001  0.000000000000000E+000
 time    7.9999999999999920     
  1.406866755234190E-001  0.000000000000000E+000
 time    8.9999999999999893     
  1.406866755234190E-001  0.000000000000000E+000
 time    9.9999999999999858     
  1.406866755234190E-001  0.000000000000000E+000
 time    10.999999999999982     
  1.406866755234190E-001  0.000000000000000E+000
 time    11.999999999999982     
  1.406866755234190E-001  0.000000000000000E+000
 time    12.999999999999982     
  1.406866755234190E-001  0.000000000000000E+000
 time    13.999999999999982     
  1.406866755234190E-001  0.000000000000000E+000
 time    14.999999999999982     
  1.406866755234190E-001  0.000000000000000E+000
 time    15.999999999999982     
  1.406866755234190E-001  0.000000000000000E+000
 time    16.999999999999982     
  1.406866755234190E-001  0.000000000000000E+000
 time    17.999999999999982     
  1.406866755234190E-001  0.000000000000000E+000
 time    18.999999999999982     
  1.406866755234190E-001  0.000000000000000E+000
 time    19.999999999999982     
  1.406866755234190E-001  0.000000000000000E+000
 time    20.999999999999982     
  1.406866755234190E-001  0.000000000000000E+000
 time    21.999999999999982     
  1.406866755234190E-001  0.000000000000000E+000
 time    22.999999999999982     
  1.406866755234190E-001  0.000000000000000E+000
 time    23.999999999999982     
  1.406866755234190E-001  0.000000000000000E+000
 time    24.999999999999982     
  1.406866755234190E-001  0.000000000000000E+000
 time    25.999999999999982     
  1.406866755234190E-001  0.000000000000000E+000
 time    26.999999999999982     
  1.406866755234190E-001  0.000000000000000E+000
 time    27.999999999999982     
  1.406866755234190E-001  0.000000000000000E+000
 time    28.999999999999982     
  1.406866755234190E-001  0.000000000000000E+000
 time    29.999999999999982     
  1.406866755234190E-001  0.000000000000000E+000
 time    30.999999999999982     
  1.406866755234190E-001  0.000000000000000E+000
 time    31.999999999999982     
  1.406866755234190E-001  0.000000000000000E+000
 time    32.999999999999986     
  1.406866755234190E-001  0.000000000000000E+000
 time    33.999999999999986     
  1.406866755234190E-001  0.000000000000000E+000
 time    34.999999999999986     
  1.406866755234190E-001  0.000000000000000E+000
 time    35.999999999999986     
  1.406866755234190E-001  0.000000000000000E+000
 time    36.999999999999986     
  1.406866755234190E-001  0.000000000000000E+000
 time    37.999999999999986     
  1.406866755234190E-001  0.000000000000000E+000
 time    38.999999999999986     
  1.406866755234190E-001  0.000000000000000E+000
 time    39.999999999999986     
  1.406866755234190E-001  0.000000000000000E+000
 time    40.999999999999986     
  1.406866755234190E-001  0.000000000000000E+000
 time    41.999999999999986     
  1.406866755234190E-001  0.000000000000000E+000
 time    42.999999999999986     
  1.406866755234190E-001  0.000000000000000E+000
 time    43.999999999999986     
  1.406866755234190E-001  0.000000000000000E+000
 time    44.999999999999986     
  1.406866755234190E-001  0.000000000000000E+000
 time    45.999999999999986     
  1.406866755234190E-001  0.000000000000000E+000
 time    46.999999999999986     
  1.406866755234190E-001  0.000000000000000E+000
 time    47.999999999999986     
  1.406866755234190E-001  0.000000000000000E+000
 time    48.999999999999986     
  1.406866755234190E-001  0.000000000000000E+000
 time    49.999999999999986     
  1.406866755234190E-001  0.000000000000000E+000
 time    50.999999999999986     
  1.406866755234190E-001  0.000000000000000E+000
 time    51.999999999999986     
  1.406866755234190E-001  0.000000000000000E+000
 time    53.999999999999986     
  1.406866755234190E-001  0.000000000000000E+000
 time    55.999999999999986     
  1.406866755234190E-001  0.000000000000000E+000
 time    57.999999999999986     
  1.406866755234190E-001  0.000000000000000E+000
 time    59.999999999999986     
  1.406866755234190E-001  0.000000000000000E+000
 time    61.999999999999986     
  1.406866755234190E-001  0.000000000000000E+000
 time    63.999999999999986     
  1.406866755234190E-001  0.000000000000000E+000
 time    65.999999999999986     
  1.406866755234190E-001  0.000000000000000E+000
 time    67.999999999999986     
  1.406866755234190E-001  0.000000000000000E+000
 time    69.999999999999986     
  1.406866755234190E-001  0.000000000000000E+000
 time    71.999999999999986     
  1.406866755234190E-001  0.000000000000000E+000
 time    73.999999999999986     
  1.406866755234190E-001  0.000000000000000E+000
 time    75.999999999999986     
  1.406866755234190E-001  0.000000000000000E+000
 time    77.999999999999986     
  1.406866755234190E-001  0.000000000000000E+000
 time    79.999999999999986     
  1.406866755234190E-001  0.000000000000000E+000
 time    81.999999999999986     
  1.406866755234190E-001  0.000000000000000E+000
 time    83.999999999999986     
  1.406866755234190E-001  0.000000000000000E+000
 time    85.999999999999986     
  1.406866755234190E-001  0.000000000000000E+000
 time    87.999999999999986     
  1.406866755234190E-001  0.000000000000000E+000
 time    89.999999999999986     
  1.406866755234190E-001  0.000000000000000E+000
 time    94.999999999999986     
  1.406866755234190E-001  0.000000000000000E+000
 time    99.999999999999986     
  1.406866755234190E-001  0.000000000000000E+000
 time    104.99999999999999     
  1.406866755234190E-001  0.000000000000000E+000
 time    109.99999999999999     
  1.406866755234190E-001  0.000000000000000E+000
 time    114.99999999999999     
  1.406866755234190E-001  0.000000000000000E+000
 time    119.99999999999999     
  1.406866755234190E-001  0.000000000000000E+000
 time    124.99999999999999     
  1.406866755234190E-001  0.000000000000000E+000
 time    130.00000000000000     
  1.406866755234190E-001  0.000000000000000E+000
 time    135.00000000000000     
  1.406866755234190E-001  0.000000000000000E+000
 time    140.00000000000000     
  1.406866755234190E-001  0.000000000000000E+000
 time    145.00000000000000     
  1.406866755234190E-001  0.000000000000000E+000
 time    150.00000000000000     
  1.406866755234190E-001  0.000000000000000E+000
 time    155.00000000000000     
  1.406866755234190E-001  0.000000000000000E+000
 time    160.00000000000000     
  1.406866755234190E-001  0.000000000000000E+000
 time    161.00000000000000     
  1.406866755234190E-001  0.000000000000000E+000
 time    162.00000000000000     
  1.406866755234190E-001  0.000000000000000E+000
 time    164.00000000000000     
  1.406866755234190E-001  0.000000000000000E+000
 time    166.00000000000000     
  1.406866755234190E-001  0.000000000000000E+000
 time    168.00000000000000     
  1.406866755234190E-001  0.000000000000000E+000
 time    170.00000000000000     
  1.406866755234190E-001  0.000000000000000E+000
 time    175.00000000000000     
  1.406866755234190E-001  0.000000000000000E+000
 time    180.00000000000000     
  1.406866755234190E-001  0.000000000000000E+000
 time    185.00000000000000     
  1.406866755234190E-001  0.000000000000000E+000
 time    190.00000000000000     
  1.406866755234190E-001  0.000000000000000E+000
 time    195.00000000000000     
  1.406866755234190E-001  0.000000000000000E+000
 time    200.00000000000000     
  1.406866755234190E-001  0.000000000000000E+000
 time    205.00000000000000     
  1.406866755234190E-001  0.000000000000000E+000
 time    210.00000000000000     
  1.406866755234190E-001  0.000000000000000E+000
 time    215.00000000000000     
  1.406866755234190E-001  0.000000000000000E+000
 time    220.00000000000000     
  1.406866755234190E-001  0.000000000000000E+000
 time    225.00000000000000     
  1.406866755234190E-001  0.000000000000000E+000
 time    230.00000000000000     
  1.406866755234190E-001  0.000000000000000E+000
 time    235.00000000000000     
  1.406866755234190E-001  0.000000000000000E+000
 time    240.00000000000000     
  1.406866755234190E-001  0.000000000000000E+000
 time    245.00000000000000     
  1.406866755234190E-001  0.000000000000000E+000
 time    250.00000000000000     
  1.406866755234190E-001  0.000000000000000E+000
 time    255.00000000000000     
  1.406866755234190E-001  0.000000000000000E+000
 time    260.00000000000000     
  1.406866755234190E-001  0.000000000000000E+000
 time    265.00000000000000     
  1.406866755234190E-001  0.000000000000000E+000
 time    270.00000000000000     
  1.406866755234190E-001  0.000000000000000E+000
 time    280.00000000000000     
  1.406866755234190E-001  0.000000000000000E+000
 time    290.00000000000000     
  1.406866755234190E-001  0.000000000000000E+000
 time    300.00000000000000     
  1.406866755234190E-001  0.000000000000000E+000
 time    310.00000000000000     
  1.406866755234190E-001  0.000000000000000E+000
 time    315.00000000000000     
  1.406866755234190E-001  0.000000000000000E+000
 time    320.00000000000000     
  1.406866755234190E-001  0.000000000000000E+000
 time    325.00000000000000     
  1.406866755234190E-001  0.000000000000000E+000
 time    330.00000000000000     
  1.406866755234190E-001  0.000000000000000E+000
 time    335.00000000000000     
  1.406866755234190E-001  0.000000000000000E+000
 time    340.00000000000000     
  1.406866755234190E-001  0.000000000000000E+000
 time    350.00000000000000     
  1.406866755234190E-001  0.000000000000000E+000
 time    355.00000000000000     
  1.406866755234190E-001  0.000000000000000E+000
 time    360.00000000000000     
  1.406866755234190E-001  0.000000000000000E+000
 time    365.00000000000000     
  1.406866755234190E-001  0.000000000000000E+000
 time    370.00000000000000     
  1.406866755234190E-001  0.000000000000000E+000
 time    380.00000000000000     
  1.406866755234190E-001  0.000000000000000E+000
 time    390.00000000000000     
  1.406866755234190E-001  0.000000000000000E+000
 time    395.00000000000000     
  1.406866755234190E-001  0.000000000000000E+000
 time    400.00000000000000     
  1.406866755234190E-001  0.000000000000000E+000
 time    405.00000000000000     
  1.406866755234190E-001  0.000000000000000E+000
 time    410.00000000000000     
  1.406866755234190E-001  0.000000000000000E+000
 time    420.00000000000000     
  1.406866755234190E-001  0.000000000000000E+000
 time    430.00000000000000     
  1.406866755234190E-001  0.000000000000000E+000
 time    440.00000000000000     
  1.406866755234190E-001  0.000000000000000E+000
 time    450.00000000000000     
  1.406866755234190E-001  0.000000000000000E+000
 time    460.00000000000000     
  1.406866755234190E-001  0.000000000000000E+000
 time    470.00000000000000     
  1.406866755234190E-001  0.000000000000000E+000
 time    480.00000000000000     
  1.406866755234190E-001  0.000000000000000E+000
 time    490.00000000000000     
  1.406866755234190E-001  0.000000000000000E+000
 time    500.00000000000000     
  1.406866755234190E-001  0.000000000000000E+000
 time    510.00000000000000     
  1.406866755234190E-001  0.000000000000000E+000
 time    520.00000000000000     
  1.406866755234190E-001  0.000000000000000E+000
 time    530.00000000000000     
  1.406866755234190E-001  0.000000000000000E+000
 time    540.00000000000000     
  1.406866755234190E-001  0.000000000000000E+000
 time    550.00000000000000     
  1.406866755234190E-001  0.000000000000000E+000
 time    560.00000000000000     
  1.406866755234190E-001  0.000000000000000E+000
 time    570.00000000000000     
  1.406866755234190E-001  0.000000000000000E+000
 time    580.00000000000000     
  1.406866755234190E-001  0.000000000000000E+000
 time    590.00000000000000     
  1.406866755234190E-001  0.000000000000000E+000
 time    600.00000000000000     
  1.406866755234190E-001  0.000000000000000E+000
 time    610.00000000000000     
  1.406866755234190E-001  0.000000000000000E+000
 time    620.00000000000000     
  1.406866755234190E-001  0.000000000000000E+000
 time    630.00000000000000     
  1.406866755234190E-001  0.000000000000000E+000
 time    640.00000000000000     
  1.406866755234190E-001  0.000000000000000E+000
 time    650.00000000000000     
  1.406866755234190E-001  0.000000000000000E+000
 time    660.00000000000000     
  1.406866755234190E-001  0.000000000000000E+000
 time    670.00000000000000     
  1.406866755234190E-001  0.000000000000000E+000
 time    680.00000000000000     
  1.406866755234190E-001  0.000000000000000E+000
 time    690.00000000000000     
  1.406866755234190E-001  0.000000000000000E+000
 time    700.00000000000000     
  1.406866755234190E-001  0.000000000000000E+000
 time    710.00000000000000     
  1.406866755234190E-001  0.000000000000000E+000
 time    720.00000000000000     
  1.406866755234190E-001  0.000000000000000E+000
 time    740.00000000000000     
  1.406866755234190E-001  0.000000000000000E+000
 time    760.00000000000000     
  1.406866755234190E-001  0.000000000000000E+000
 time    770.00000000000000     
  1.406866755234190E-001  0.000000000000000E+000
 time    780.00000000000000     
  1.406866755234190E-001  0.000000000000000E+000
 time    790.00000000000000     
  1.406866755234190E-001  0.000000000000000E+000
 time    800.00000000000000     
  1.406866755234190E-001  0.000000000000000E+000
 time    820.00000000000000     
  1.406866755234190E-001  0.000000000000000E+000
 time    840.00000000000000     
  1.406866755234190E-001  0.000000000000000E+000
 time    860.00000000000000     
  1.406866755234190E-001  0.000000000000000E+000
 time    880.00000000000000     
  1.406866755234190E-001  0.000000000000000E+000
 time    900.00000000000000     
  1.406866755234190E-001  0.000000000000000E+000
 time    920.00000000000000     
  1.406866755234190E-001  0.000000000000000E+000
 time    940.00000000000000     
  1.406866755234190E-001  0.000000000000000E+000
 time    960.00000000000000     
  1.406866755234190E-001  0.000000000000000E+000
 time    980.00000000000000     
  1.406866755234190E-001  0.000000000000000E+000
 time    1000.0000000000000     
  1.406866755234190E-001  0.000000000000000E+000
 time    1020.0000000000000     
  1.406866755234190E-001  0.000000000000000E+000
 time    1040.0000000000000     
  1.406866755234190E-001  0.000000000000000E+000
 time    1060.0000000000000     
  1.406866755234190E-001  0.000000000000000E+000
 time    1080.0000000000000     
  1.406866755234190E-001  0.000000000000000E+000
 time    1100.0000000000000     
  1.406866755234190E-001  0.000000000000000E+000
 time    1120.0000000000000     
  1.406866755234190E-001  0.000000000000000E+000
 time    1140.0000000000000     
  1.406866755234190E-001  0.000000000000000E+000
 time    1160.0000000000000     
  1.406866755234190E-001  0.000000000000000E+000
 time    1180.0000000000000     
  1.406866755234190E-001  0.000000000000000E+000
 time    1200.0000000000000     
  1.406866755234190E-001  0.000000000000000E+000
 time    1220.0000000000000     
  1.406866755234190E-001  0.000000000000000E+000
 time    1240.0000000000000     
  1.406866755234190E-001  0.000000000000000E+000
 time    1260.0000000000000     
  1.406866755234190E-001  0.000000000000000E+000
 time    1280.0000000000000     
  1.406866755234190E-001  0.000000000000000E+000
 time    1300.0000000000000     
  1.406866755234190E-001  0.000000000000000E+000
 time    1320.0000000000000     
  1.406866755234190E-001  0.000000000000000E+000
 time    1340.0000000000000     
  1.406866755234190E-001  0.000000000000000E+000
 time    1360.0000000000000     
  1.406866755234190E-001  0.000000000000000E+000
 time    1380.0000000000000     
  1.406866755234190E-001  0.000000000000000E+000
 time    1400.0000000000000     
  1.406866755234190E-001  0.000000000000000E+000
 time    1450.0000000000000     
  1.406866755234190E-001  0.000000000000000E+000
 time    1500.0000000000000     
  1.406866755234190E-001  0.000000000000000E+000
 time    1510.0000000000000     
  1.406866755234190E-001  0.000000000000000E+000
 time    1520.0000000000000     
  1.406866755234190E-001  0.000000000000000E+000
 time    1540.0000000000000     
  1.406866755234190E-001  0.000000000000000E+000
 time    1560.0000000000000     
  1.406866755234190E-001  0.000000000000000E+000
 time    1580.0000000000000     
  1.406866755234190E-001  0.000000000000000E+000
 time    1600.0000000000000     
  1.406866755234190E-001  0.000000000000000E+000
 time    1620.0000000000000     
  1.406866755234190E-001  0.000000000000000E+000
 time    1640.0000000000000     
  1.406866755234190E-001  0.000000000000000E+000
 time    1660.0000000000000     
  1.406866755234190E-001  0.000000000000000E+000
 time    1680.0000000000000     
  1.406866755234190E-001  0.000000000000000E+000
 time    1700.0000000000000     
  1.406866755234190E-001  0.000000000000000E+000
 time    1710.0000000000000     
  1.406866755234190E-001  0.000000000000000E+000
 time    1720.0000000000000     
  1.406866755234190E-001  0.000000000000000E+000
 time    1740.0000000000000     
  1.406866755234190E-001  0.000000000000000E+000
 time    1760.0000000000000     
  1.406866755234190E-001  0.000000000000000E+000
 time    1780.0000000000000     
  1.406866755234190E-001  0.000000000000000E+000
 time    1800.0000000000000     
  1.406866755234190E-001  0.000000000000000E+000
 time    1820.0000000000000     
  1.406866755234190E-001  0.000000000000000E+000
 time    1840.0000000000000     
  1.406866755234190E-001  0.000000000000000E+000
 time    1860.0000000000000     
  1.406866755234190E-001  0.000000000000000E+000
 time    1880.0000000000000     
  1.406866755234190E-001  0.000000000000000E+000
 time    1900.0000000000000     
  1.406866755234190E-001  0.000000000000000E+000
 time    1950.0000000000000     
  1.406866755234190E-001  0.000000000000000E+000
 time    2000.0000000000000     
  1.406866755234190E-001  0.000000000000000E+000
 time    2010.0000000000000     
  1.406866755234190E-001  0.000000000000000E+000
 time    2020.0000000000000     
  1.406866755234190E-001  0.000000000000000E+000
 time    2040.0000000000000     
  1.406866755234190E-001  0.000000000000000E+000
 time    2060.0000000000000     
  1.406866755234190E-001  0.000000000000000E+000
 time    2080.0000000000000     
  1.406866755234190E-001  0.000000000000000E+000
 time    2100.0000000000000     
  1.406866755234190E-001  0.000000000000000E+000
 time    2150.0000000000000     
  1.406866755234190E-001  0.000000000000000E+000
 time    2200.0000000000000     
  1.406866755234190E-001  0.000000000000000E+000
 time    2250.0000000000000     
  1.406866755234190E-001  0.000000000000000E+000
 time    2300.0000000000000     
  1.406866755234190E-001  0.000000000000000E+000
 time    2350.0000000000000     
  1.406866755234190E-001  0.000000000000000E+000
 time    2400.0000000000000     
  1.406866755234190E-001  0.000000000000000E+000
 time    2450.0000000000000     
  1.406866755234190E-001  0.000000000000000E+000
 time    2500.0000000000000     
  1.406866755234190E-001  0.000000000000000E+000
 time    2550.0000000000000     
  1.406866755234190E-001  0.000000000000000E+000
 time    2600.0000000000000     
  1.406866755234190E-001  0.000000000000000E+000
 time    2650.0000000000000     
  1.406866755234190E-001  0.000000000000000E+000
 time    2700.0000000000000     
  1.406866755234190E-001  0.000000000000000E+000
 time    2750.0000000000000     
  1.406866755234190E-001  0.000000000000000E+000
 time    2800.0000000000000     
  1.406866755234190E-001  0.000000000000000E+000
 time    2850.0000000000000     
  1.406866755234190E-001  0.000000000000000E+000
 time    2900.0000000000000     
  1.406866755234190E-001  0.000000000000000E+000
 time    2950.0000000000000     
  1.406866755234190E-001  0.000000000000000E+000
 time    3000.0000000000000     
  1.406866755234190E-001  0.000000000000000E+000
 time    3050.0000000000000     
  1.406866755234190E-001  0.000000000000000E+000
 time    3100.0000000000000     
  1.406866755234190E-001  0.000000000000000E+000
 time    3150.0000000000000     
  1.406866755234190E-001  0.000000000000000E+000
 time    3200.0000000000000     
  1.406866755234190E-001  0.000000000000000E+000
 time    3250.0000000000000     
  1.406866755234190E-001  0.000000000000000E+000
 time    3300.0000000000000     
  1.406866755234190E-001  0.000000000000000E+000
 time    3350.0000000000000     
  1.406866755234190E-001  0.000000000000000E+000
 time    3400.0000000000000     
  1.406866755234190E-001  0.000000000000000E+000
 time    3450.0000000000000     
  1.406866755234190E-001  0.000000000000000E+000
 time    3500.0000000000000     
  1.406866755234190E-001  0.000000000000000E+000
 time    3550.0000000000000     
  1.406866755234190E-001  0.000000000000000E+000
 time    3600.0000000000000     
  1.406866755234190E-001  0.000000000000000E+000
 time    3650.0000000000000     
  1.406866755234190E-001  0.000000000000000E+000
 time    3700.0000000000000     
  1.406866755234190E-001  0.000000000000000E+000
 time    3750.0000000000000     
  1.406866755234190E-001  0.000000000000000E+000
 time    3800.0000000000000     
  1.406866755234190E-001  0.000000000000000E+000
 time    3850.0000000000000     
  1.406866755234190E-001  0.000000000000000E+000
 time    3900.0000000000000     
  1.406866755234190E-001  0.000000000000000E+000
 time    4000.0000000000000     
  1.406866755234190E-001  0.000000000000000E+000
 time    4100.0000000000000     
  1.406866755234190E-001  0.000000000000000E+000
 time    4150.0000000000000     
  1.406866755234190E-001  0.000000000000000E+000
 time    4200.0000000000000     
  1.406866755234190E-001  0.000000000000000E+000
 time    4250.0000000000000     
  1.406866755234190E-001  0.000000000000000E+000
 time    4300.0000000000000     
  1.406866755234190E-001  0.000000000000000E+000
 time    4350.0000000000000     
  1.406866755234190E-001  0.000000000000000E+000
 time    4400.0000000000000     
  1.406866755234190E-001  0.000000000000000E+000
 time    4500.0000000000000     
  1.406866755234190E-001  0.000000000000000E+000
 time    4600.0000000000000     
  1.406866755234190E-001  0.000000000000000E+000
 time    4700.0000000000000     
  1.406866755234190E-001  0.000000000000000E+000
 time    4750.0000000000000     
  1.406866755234190E-001  0.000000000000000E+000
 time    4800.0000000000000     
  1.406866755234190E-001  0.000000000000000E+000
 time    4850.0000000000000     
  1.406866755234190E-001  0.000000000000000E+000
 time    4900.0000000000000     
  1.406866755234190E-001  0.000000000000000E+000
 time    5000.0000000000000     
  1.406866755234190E-001  0.000000000000000E+000
 time    5100.0000000000000     
  1.406866755234190E-001  0.000000000000000E+000
 time    5200.0000000000000     
  1.406866755234190E-001  0.000000000000000E+000
 time    5300.0000000000000     
  1.406866755234190E-001  0.000000000000000E+000
 time    5400.0000000000000     
  1.406866755234190E-001  0.000000000000000E+000
 time    5500.0000000000000     
  1.406866755234190E-001  0.000000000000000E+000
 time    5600.0000000000000     
  1.406866755234190E-001  0.000000000000000E+000
 time    5700.0000000000000     
  1.406866755234190E-001  0.000000000000000E+000
 time    5800.0000000000000     
  1.406866755234190E-001  0.000000000000000E+000
 time    5900.0000000000000     
  1.406866755234190E-001  0.000000000000000E+000
 time    6000.0000000000000     
  1.406866755234190E-001  0.000000000000000E+000
 time    6100.0000000000000     
  1.406866755234190E-001  0.000000000000000E+000
 time    6200.0000000000000     
  1.406866755234190E-001  0.000000000000000E+000
 time    6300.0000000000000     
  1.406866755234190E-001  0.000000000000000E+000
 time    6400.0000000000000     
  1.406866755234190E-001  0.000000000000000E+000
 time    6500.0000000000000     
  1.406866755234190E-001  0.000000000000000E+000
 time    6600.0000000000000     
  1.406866755234190E-001  0.000000000000000E+000
 time    6700.0000000000000     
  1.406866755234190E-001  0.000000000000000E+000
 time    6800.0000000000000     
  1.406866755234190E-001  0.000000000000000E+000
 time    6900.0000000000000     
  1.406866755234190E-001  0.000000000000000E+000
 time    7000.0000000000000     
  1.406866755234190E-001  0.000000000000000E+000
 time    7100.0000000000000     
  1.406866755234190E-001  0.000000000000000E+000
 time    7200.0000000000000     
  1.406866755234190E-001  0.000000000000000E+000
 time    7300.0000000000000     
  1.406866755234190E-001  0.000000000000000E+000
 time    7400.0000000000000     
  1.406866755234190E-001  0.000000000000000E+000
 time    7500.0000000000000     
  1.406866755234190E-001  0.000000000000000E+000
 time    7600.0000000000000     
  1.406866755234190E-001  0.000000000000000E+000
 time    7700.0000000000000     
  1.406866755234190E-001  0.000000000000000E+000
 time    7800.0000000000000     
  1.406866755234190E-001  0.000000000000000E+000
 time    7900.0000000000000     
  1.406866755234190E-001  0.000000000000000E+000
 time    8000.0000000000000     
  1.406866755234190E-001  0.000000000000000E+000
 time    8100.0000000000000     
  1.406866755234190E-001  0.000000000000000E+000
 time    8200.0000000000000     
  1.406866755234190E-001  0.000000000000000E+000
 time    8300.0000000000000     
  1.406866755234190E-001  0.000000000000000E+000
 time    8400.0000000000000     
  1.406866755234190E-001  0.000000000000000E+000
 time    8500.0000000000000     
  1.406866755234190E-001  0.000000000000000E+000
 time    8600.0000000000000     
  1.406866755234190E-001  0.000000000000000E+000
 time    8700.0000000000000     
  1.406866755234190E-001  0.000000000000000E+000
 time    8800.0000000000000     
  1.406866755234190E-001  0.000000000000000E+000
 time    8900.0000000000000     
  1.406866755234190E-001  0.000000000000000E+000
 time    9000.0000000000000     
  1.406866755234190E-001  0.000000000000000E+000
 time    9100.0000000000000     
  1.406866755234190E-001  0.000000000000000E+000
 time    9200.0000000000000     
  1.406866755234190E-001  0.000000000000000E+000
 time    9300.0000000000000     
  1.406866755234190E-001  0.000000000000000E+000
 time    9400.0000000000000     
  1.406866755234190E-001  0.000000000000000E+000
 time    9600.0000000000000     
  1.406866755234190E-001  0.000000000000000E+000
 time    9800.0000000000000     
  1.406866755234190E-001  0.000000000000000E+000
 time    9900.0000000000000     
  1.406866755234190E-001  0.000000000000000E+000
 time    10000.000000000000     
  1.406866755234190E-001  0.000000000000000E+000
 time    10100.000000000000     
  1.406866755234190E-001  0.000000000000000E+000
 time    10200.000000000000     
  1.406866755234190E-001  0.000000000000000E+000
 time    10400.000000000000     
  1.406866755234190E-001  0.000000000000000E+000
 time    10600.000000000000     
  1.406866755234190E-001  0.000000000000000E+000
 time    10800.000000000000     
  1.406866755234190E-001  0.000000000000000E+000
 time    11000.000000000000     
  1.406866755234190E-001  0.000000000000000E+000
 time    11200.000000000000     
  1.406866755234190E-001  0.000000000000000E+000
 time    11400.000000000000     
  1.406866755234190E-001  0.000000000000000E+000
 time    11600.000000000000     
  1.406866755234190E-001  0.000000000000000E+000
 time    11800.000000000000     
  1.406866755234190E-001  0.000000000000000E+000
 time    12000.000000000000     
  1.406866755234190E-001  0.000000000000000E+000
 time    12200.000000000000     
  1.406866755234190E-001  0.000000000000000E+000
 time    12400.000000000000     
  1.406866755234190E-001  0.000000000000000E+000
 time    12600.000000000000     
  1.406866755234190E-001  0.000000000000000E+000
 time    12800.000000000000     
  1.406866755234190E-001  0.000000000000000E+000
 time    13000.000000000000     
  1.406866755234190E-001  0.000000000000000E+000
 time    13200.000000000000     
  1.406866755234190E-001  0.000000000000000E+000
 time    13400.000000000000     
  1.406866755234190E-001  0.000000000000000E+000
 time    13600.000000000000     
  1.406866755234190E-001  0.000000000000000E+000
 time    13800.000000000000     
  1.406866755234190E-001  0.000000000000000E+000
 time    14000.000000000000     
  1.406866755234190E-001  0.000000000000000E+000
 time    14200.000000000000     
  1.406866755234190E-001  0.000000000000000E+000
 time    14400.000000000000     
  1.406866755234190E-001  0.000000000000000E+000
 time    14600.000000000000     
  1.406866755234190E-001  0.000000000000000E+000
 time    14800.000000000000     
  1.406866755234190E-001  0.000000000000000E+000
 time    15000.000000000000     
  1.406866755234190E-001  0.000000000000000E+000
 time    15200.000000000000     
  1.406866755234190E-001  0.000000000000000E+000
 time    15400.000000000000     
  1.406866755234190E-001  0.000000000000000E+000
 time    15600.000000000000     
  1.406866755234190E-001  0.000000000000000E+000
 time    15800.000000000000     
  1.406866755234190E-001  0.000000000000000E+000
 time    16000.000000000000     
  1.406866755234190E-001  0.000000000000000E+000
 time    16200.000000000000     
  1.406866755234190E-001  0.000000000000000E+000
 time    16400.000000000000     
  1.406866755234190E-001  0.000000000000000E+000
 time    16600.000000000000     
  1.406866755234190E-001  0.000000000000000E+000
 time    16800.000000000000     
  1.406866755234190E-001  0.000000000000000E+000
 time    17000.000000000000     
  1.406866755234190E-001  0.000000000000000E+000
 time    17200.000000000000     
  1.406866755234190E-001  0.000000000000000E+000
 time    17400.000000000000     
  1.406866755234190E-001  0.000000000000000E+000
 time    17600.000000000000     
  1.406866755234190E-001  0.000000000000000E+000
 time    17800.000000000000     
  1.406866755234190E-001  0.000000000000000E+000
 time    18000.000000000000     
  1.406866755234190E-001  0.000000000000000E+000
 time    18200.000000000000     
  1.406866755234190E-001  0.000000000000000E+000
 time    18400.000000000000     
  1.406866755234190E-001  0.000000000000000E+000
 time    18600.000000000000     
  1.406866755234190E-001  0.000000000000000E+000
 time    18800.000000000000     
  1.406866755234190E-001  0.000000000000000E+000
 time    19000.000000000000     
  1.406866755234190E-001  0.000000000000000E+000
 time    19200.000000000000     
  1.406866755234190E-001  0.000000000000000E+000
 time    19400.000000000000     
  1.406866755234190E-001  0.000000000000000E+000
 time    19600.000000000000     
  1.406866755234190E-001  0.000000000000000E+000
 time    19800.000000000000     
  1.406866755234190E-001  0.000000000000000E+000
 time    20000.000000000000     
  1.406866755234190E-001  0.000000000000000E+000
