! time                    int_density             frank_density           perfect_density         vac_density             faulted_density         void_density            
  0.000000000000000E+000  0.000000000000000E+000  0.000000000000000E+000  0.000000000000000E+000  2.140585232712487E-007  0.000000000000000E+000  0.000000000000000E+000
  1.000000000000000E-001  3.170387779972145E-008  6.766386506052755E-004  4.417729623828245E-008  3.340616007661915E-002  3.758491975292041E-004  1.880174566873368E-011
  2.000000000000000E-001  2.264712277585055E-008  1.333977197175591E-003  2.913058165393671E-008  5.342848355307414E-002  6.975787121457686E-004  3.062065480976097E-011
  3.000000000000000E-001  1.831077433651100E-008  1.967052634040662E-003  2.269779813793130E-008  6.908763526073106E-002  9.949318982442471E-004  4.003466265123380E-011
  4.000000000000001E-001  1.570469067560558E-008  2.574451450353108E-003  1.903138991396071E-008  8.224543102524470E-002  1.278032020818443E-003  4.800518817533657E-011
  5.000000000000001E-001  1.398245543323433E-008  3.151058133486583E-003  1.667339670206441E-008  9.337400954646038E-002  1.550298814117019E-003  5.475881222378538E-011
  6.000000000000002E-001  1.274666660793240E-008  3.700369682939867E-003  1.500810483595943E-008  1.031092070075982E-001  1.815890461739897E-003  6.066402578594586E-011
  7.000000000000003E-001  1.182200993990991E-008  4.222337922274483E-003  1.377148576496613E-008  1.116499146632242E-001  2.076372871057564E-003  6.583361932657731E-011
  8.000000000000004E-001  1.110888589960757E-008  4.717390240387543E-003  1.281939930832739E-008  1.191401013507470E-001  2.332806600428419E-003  7.035419261151283E-011
  9.000000000000005E-001  1.054611987363815E-008  5.186363855932017E-003  1.206603185584898E-008  1.256933792926116E-001  2.585915775022752E-003  7.429719707870127E-011
  1.000000000000000E+000  1.009388395012786E-008  5.630433766954622E-003  1.145688760802306E-008  1.314054448939093E-001  2.836193415600780E-003  7.772443477995711E-011
  1.100000000000001E+000  9.725054842447447E-009  6.051033717926820E-003  1.095558541521984E-008  1.363605671005221E-001  3.083970831776666E-003  8.069091185516293E-011
  1.200000000000001E+000  9.420491924648363E-009  6.449774768509681E-003  1.053685263057206E-008  1.406349848550599E-001  3.329465160396170E-003  8.324635783239234E-011
  1.300000000000001E+000  9.166293796427925E-009  6.828367641219141E-003  1.018255871427285E-008  1.442986591912578E-001  3.572812846232409E-003  8.543605503720672E-011
  1.400000000000001E+000  8.952122044933770E-009  7.188554204246654E-003  9.879348200864178E-009  1.474161541557057E-001  3.814093685287375E-003  8.730131279418235E-011
  1.500000000000001E+000  8.770133411574604E-009  7.532051428295689E-003  9.617164647432322E-009  1.500470743878426E-001  4.053348320144780E-003  8.887976580140987E-011
  1.600000000000001E+000  8.614275539703381E-009  7.860508958756651E-003  9.388295207403997E-009  1.522462967978505E-001  4.290591073153783E-003  9.020559312993548E-011
  1.700000000000001E+000  8.479808913988264E-009  8.175479688446537E-003  9.186732061843861E-009  1.540641250434579E-001  4.525819391251144E-003  9.130970812162518E-011
  1.800000000000001E+000  8.362974390133484E-009  8.478401624273569E-003  9.007733605560326E-009  1.555464326138631E-001  4.759020787903897E-003  9.221994334923412E-011
  1.900000000000001E+000  8.260757141548366E-009  8.770588864977511E-003  8.847515495245831E-009  1.567348243348263E-001  4.990177913060678E-003  9.296124025302620E-011
  2.000000000000001E+000  8.172519246998659E-009  9.051234153063283E-003  8.704917445333788E-009  1.576168486207601E-001  5.218734283718269E-003  9.352772027049982E-011
  2.100000000000001E+000  8.093879564723805E-009  9.323834867292250E-003  8.574961763593158E-009  1.582912226099240E-001  5.445189732203174E-003  9.397608248041623E-011
  2.200000000000002E+000  8.023345147991127E-009  9.589254892491249E-003  8.455778841894902E-009  1.587849628349891E-001  5.669535596918120E-003  9.432187464319750E-011
  2.300000000000002E+000  7.959673245516650E-009  9.848261548910732E-003  8.345820557768304E-009  1.591221869041781E-001  5.891768254164851E-003  9.457889255649748E-011
  2.400000000000002E+000  7.901824930776475E-009  1.010153370661906E-002  8.243798661704388E-009  1.593243236938643E-001  6.111889131840716E-003  9.475932323861421E-011
  2.500000000000002E+000  7.848928642644507E-009  1.034967000708034E-002  8.148636552400231E-009  1.594103279321682E-001  6.329904614206786E-003  9.487388754146985E-011
  2.600000000000002E+000  7.800251200376840E-009  1.059319691852914E-002  8.059431125787987E-009  1.593968941310423E-001  6.545825852572735E-003  9.493197922494595E-011
  2.700000000000002E+000  7.755174516750159E-009  1.083257643350940E-002  7.975422296214114E-009  1.592986657701679E-001  6.759668499484638E-003  9.494179829947570E-011
  2.800000000000002E+000  7.713176703925813E-009  1.106821328503031E-002  7.895968432685001E-009  1.591284365892082E-001  6.971452384430656E-003  9.491047709750619E-011
  2.900000000000002E+000  7.673816604243608E-009  1.130046161095576E-002  7.820526407944781E-009  1.588973416959836E-001  7.181201148137871E-003  9.484419808032980E-011
  3.000000000000002E+000  7.636721022078626E-009  1.152963103580465E-002  7.748635283423884E-009  1.586150369238058E-001  7.388941850845227E-003  9.474830282275960E-011
  3.100000000000002E+000  7.601574110268623E-009  1.175599216735955E-002  7.679902888540730E-009  1.582898654733869E-001  7.594704567901418E-003  9.462739195707673E-011
  3.200000000000002E+000  7.568108494371951E-009  1.197978152475371E-002  7.613994725183101E-009  1.579290113638495E-001  7.798521983902747E-003  9.448541611547017E-011
  3.300000000000002E+000  7.536097813498398E-009  1.220120592718678E-002  7.550624755694452E-009  1.575386396065267E-001  8.000428994505159E-003  9.432575810179392E-011
  3.400000000000003E+000  7.505350427165294E-009  1.242044637988863E-002  7.489547727984704E-009  1.571240233179123E-001  8.200462323104179E-003  9.415130666180510E-011
  3.500000000000003E+000  7.475704090370667E-009  1.263766149781788E-002  7.430552763335419E-009  1.566896582170214E-001  8.398660157823703E-003  9.396452231682733E-011
  3.600000000000003E+000  7.447021438737860E-009  1.285299050891699E-002  7.373457987350539E-009  1.562393651191565E-001  8.595061812709979E-003  9.376749578774679E-011
  3.700000000000003E+000  7.419186155705756E-009  1.306655587834945E-002  7.318106026801742E-009  1.557763811530122E-001  8.789707415696534E-003  9.356199957147432E-011
  3.800000000000003E+000  7.392099716871420E-009  1.327846559360284E-002  7.264360228061070E-009  1.553034405003677E-001  8.982637624782635E-003  9.334953324628370E-011
  3.900000000000003E+000  7.365678624587419E-009  1.348881514807801E-002  7.212101478744899E-009  1.548228454953721E-001  9.173893372941153E-003  9.313136308048437E-011
  4.000000000000003E+000  7.339852060114328E-009  1.369768925810315E-002  7.161225534820797E-009  1.543365289306329E-001  9.363515641524951E-003  9.290855650460742E-011
  4.100000000000002E+000  7.314559891998823E-009  1.390516334542654E-002  7.111640772005208E-009  1.538461084060524E-001  9.551545261356573E-003  9.268201198389325E-011
  4.200000000000002E+000  7.289750988590243E-009  1.411130481430365E-002  7.063266293730724E-009  1.533529335288393E-001  9.738022740244472E-003  9.245248479802773E-011
  4.300000000000002E+000  7.265381790230914E-009  1.431617414940519E-002  7.016030338973704E-009  1.528581267337401E-001  9.922988115351940E-003  9.222060920096267E-011
  4.400000000000001E+000  7.241415103024320E-009  1.451982585800120E-002  6.969868942320513E-009  1.523626184450279E-001  1.010648082863320E-002  9.198691739705969E-011
  4.500000000000001E+000  7.217819081467850E-009  1.472230927726622E-002  6.924724806201757E-009  1.518671772491645E-001  1.028853962342737E-002  9.175185573214357E-011
  4.600000000000001E+000  7.194566371828028E-009  1.492366926512689E-002  6.880546351534215E-009  1.513724356918208E-001  1.046920246024933E-002  9.151579846046874E-011
  4.700000000000000E+000  7.171633392080342E-009  1.512394679084898E-002  6.837286918308054E-009  1.508789122570342E-001  1.064850644982213E-002  9.127905941195828E-011
  4.800000000000000E+000  7.148999727641124E-009  1.532317943953901E-002  6.794904092119846E-009  1.503870300312326E-001  1.082648780144507E-002  9.104190184900869E-011
  5.000000000000000E+000  7.104658889173249E-009  1.571769458639174E-002  6.712795692136183E-009  1.494116760457692E-001  1.117741740814548E-002  9.056770857288694E-011
  5.200000000000000E+000  7.061312447056442E-009  1.610848948230082E-002  6.633739441879472E-009  1.484463613636745E-001  1.152357621290627E-002  9.009419035721680E-011
  5.400000000000000E+000  7.018875374721541E-009  1.649576729593878E-002  6.557508652994024E-009  1.474921497935862E-001  1.186521013842591E-002  8.962223062543846E-011
  5.600000000000001E+000  6.977278220742896E-009  1.687970928638878E-002  6.483904728924173E-009  1.465497074118350E-001  1.220254939662389E-002  8.915248304452863E-011
  5.699999999999998E+000  6.956724712945904E-009  1.707120198209371E-002  6.447920605719461E-009  1.460804532298241E-001  1.237059684043898E-002  8.891764884169721E-011
  5.799999999999998E+000  6.936367382931142E-009  1.726177337558676E-002  6.412551940287878E-009  1.456149898371231E-001  1.253744820769285E-002  8.868385991696681E-011
  5.899999999999998E+000  6.916206013826104E-009  1.745138171428720E-002  6.377788691858163E-009  1.451534813077635E-001  1.270305574692319E-002  8.845117803769352E-011
  5.999999999999997E+000  6.896223459958515E-009  1.764024038800310E-002  6.343583767674198E-009  1.446951264208697E-001  1.286769794179725E-002  8.821931225171572E-011
  6.199999999999998E+000  6.856823884309764E-009  1.801506637710909E-002  6.276883413430212E-009  1.437903959528247E-001  1.319329765512643E-002  8.775908414116102E-011
  6.399999999999998E+000  6.818084876605258E-009  1.838712601547675E-002  6.212212697872403E-009  1.428977505503885E-001  1.351538837325403E-002  8.730222716414719E-011
  6.599999999999998E+000  6.779971933449824E-009  1.875653467610372E-002  6.149454486117719E-009  1.420171700963662E-001  1.383413390920592E-002  8.684896753142376E-011
  6.799999999999998E+000  6.742454937616641E-009  1.912339918686399E-002  6.088502315381820E-009  1.411485553173683E-001  1.414968725203323E-002  8.639946303871737E-011
  6.999999999999998E+000  6.705507200601694E-009  1.948781881331341E-002  6.029258924986205E-009  1.402917558372724E-001  1.446219145137223E-002  8.595382431861645E-011
  7.199999999999998E+000  6.669104786079147E-009  1.984988610547355E-002  5.971635082370565E-009  1.394465884478934E-001  1.477178040131706E-002  8.551212806054270E-011
  7.399999999999999E+000  6.633226018311478E-009  2.020968761527033E-002  5.915548626357791E-009  1.386128493740906E-001  1.507857954945733E-002  8.507442573084221E-011
  7.599999999999999E+000  6.597851115379675E-009  2.056730450330449E-002  5.860923673810711E-009  1.377903226103952E-001  1.538270654398870E-002  8.464074957712053E-011
  7.799999999999999E+000  6.562961908678615E-009  2.092281305487733E-002  5.807689951921967E-009  1.369787856197529E-001  1.568427182642637E-002  8.421111689570097E-011
  7.999999999999999E+000  6.528541623366145E-009  2.127628512266768E-002  5.755782229001679E-009  1.361780132390962E-001  1.598337917512245E-002  8.378553314727545E-011
  8.199999999999999E+000  6.494574702806424E-009  2.162778851012371E-002  5.705139823897702E-009  1.353877803574384E-001  1.628012620373528E-002  8.336399428850055E-011
  8.399999999999999E+000  6.461046665440789E-009  2.197738730658211E-002  5.655706179255320E-009  1.346078637493302E-001  1.657460481828468E-002  8.294648855784953E-011
  8.599999999999998E+000  6.427943986068462E-009  2.232514218264984E-002  5.607428487410045E-009  1.338380433241325E-001  1.686690163613186E-002  8.253299787332249E-011
  8.799999999999997E+000  6.395253995889363E-009  2.267111065247380E-002  5.560257360274233E-009  1.330781029689281E-001  1.715709837000792E-002  8.212349894794169E-011
  8.999999999999996E+000  6.362964797263653E-009  2.301534730808406E-002  5.514146536439809E-009  1.323278311069139E-001  1.744527218002326E-002  8.171796419532820E-011
  9.199999999999996E+000  6.331065190238154E-009  2.335790402991771E-002  5.469052620089291E-009  1.315870210551237E-001  1.773149599640140E-002  8.131636247551504E-011
  9.399999999999995E+000  6.299544608647165E-009  2.369883017682118E-002  5.424934847331405E-009  1.308554712395382E-001  1.801583881548904E-002  8.091865971644219E-011
  9.599999999999994E+000  6.268393064125888E-009  2.403817275821575E-002  5.381754876356526E-009  1.301329853080684E-001  1.829836597140319E-002  8.052481943669605E-011
  9.799999999999994E+000  6.237601096751510E-009  2.437597659064214E-002  5.339476598409754E-009  1.294193721699235E-001  1.857913938548587E-002  8.013480318835220E-011
  9.999999999999993E+000  6.207159731299500E-009  2.471228444053515E-002  5.298065967053738E-009  1.287144459816452E-001  1.885821779555450E-002  7.974857093415444E-011
  1.049999999999999E+001  6.132685583212157E-009  2.554411469031832E-002  5.198381088274325E-009  1.269972955045459E-001  1.954610231253130E-002  7.880307300386721E-011
  1.099999999999999E+001  6.060245414780040E-009  2.636762435425953E-002  5.103448604671878E-009  1.253274498496749E-001  2.022489846768152E-002  7.787866928899862E-011
  1.149999999999999E+001  5.989703486373536E-009  2.718334092586167E-002  5.012857751723519E-009  1.237041779160014E-001  2.089525103352742E-002  7.697570115219274E-011
  1.199999999999999E+001  5.920954681707753E-009  2.799172918963762E-002  4.926258028631969E-009  1.221258275475208E-001  2.155773854084480E-002  7.609381758839994E-011
  1.249999999999999E+001  5.853909576826011E-009  2.879320633932385E-002  4.843343136834096E-009  1.205905107763754E-001  2.221288161427304E-002  7.523244494694565E-011
  1.299999999999999E+001  5.788488585429638E-009  2.958815070911754E-002  4.763842038166279E-009  1.190963425748165E-001  2.286114991001220E-002  7.439094771005209E-011
  1.349999999999999E+001  5.724619377334302E-009  3.037690749895377E-002  4.687513084438656E-009  1.176415191421449E-001  2.350296816142916E-002  7.356868407614085E-011
  1.399999999999999E+001  5.662235521090768E-009  3.115979299064451E-002  4.614139676583875E-009  1.162243390251951E-001  2.413872146392537E-002  7.276502521640904E-011
  1.449999999999999E+001  5.601275621980544E-009  3.193709790750376E-002  4.543526825452111E-009  1.148432044291819E-001  2.476875987656726E-002  7.197936189498830E-011
  1.499999999999999E+001  5.541682690460891E-009  3.270909021431703E-002  4.475498327349306E-009  1.134966160909424E-001  2.539340241776179E-002  7.121110662295423E-011
  1.549999999999999E+001  5.483403639391687E-009  3.347601750713822E-002  4.409894400727617E-009  1.121831664171288E-001  2.601294053270650E-002  7.045969416434286E-011
  1.599999999999999E+001  5.426388866542189E-009  3.423810907970463E-002  4.346569687508341E-009  1.109015324928266E-001  2.662764110554011E-002  6.972458137740675E-011
  1.649999999999999E+001  5.370591900401738E-009  3.499557772440765E-002  4.285391550682254E-009  1.096504694754048E-001  2.723774908126547E-002  6.900524674947789E-011
  1.699999999999999E+001  5.315969095998121E-009  3.574862131064883E-002  4.226238616217649E-009  1.084288045108570E-001  2.784348975384568E-002  6.830118977030342E-011
  1.749999999999999E+001  5.262479371481041E-009  3.649742417423125E-002  4.168999518253834E-009  1.072354311824656E-001  2.844507076860969E-002  6.761193021327444E-011
  1.799999999999999E+001  5.210083978497828E-009  3.724215834511000E-002  4.113571814553552E-009  1.060693044608465E-001  2.904268387974998E-002  6.693700736460441E-011
  1.849999999999999E+001  5.158746300874622E-009  3.798298463609136E-002  4.059861045320434E-009  1.049294361133678E-001  2.963650649737056E-002  6.627597922685487E-011
  1.899999999999999E+001  5.108431677191869E-009  3.872005361135530E-002  4.007779913312323E-009  1.038148905299388E-001  3.022670305319634E-002  6.562842171535201E-011
  1.949999999999999E+001  5.059107243663581E-009  3.945350645068604E-002  3.957247567031434E-009  1.027247809245022E-001  3.081342620957291E-002  6.499392786075583E-011
  1.999999999999999E+001  5.010741794372686E-009  4.018347572285436E-002  3.908188971872079E-009  1.016582658748827E-001  3.139681793263722E-002  6.437210702718733E-011
  2.099999999999999E+001  4.916926782245845E-009  4.163006645362605E-002  3.814404208808555E-009  9.959951857891067E-002  3.255127918123456E-002  6.316842532090145E-011
  2.199999999999999E+001  4.826608259980441E-009  4.306435569931026E-002  3.725718008773354E-009  9.762288269311249E-002  3.369426443341420E-002  6.200940865241487E-011
  2.299999999999999E+001  4.739566610209896E-009  4.448715877867622E-002  3.641682721480900E-009  9.572526880746959E-002  3.482653443738754E-002  6.089378356140536E-011
  2.399999999999999E+001  4.655618315982890E-009  4.589918292675497E-002  3.561914828502116E-009  9.390219302585383E-002  3.594877048416013E-002  5.981933256270846E-011
  2.499999999999999E+001  4.574597115261513E-009  4.730105961916013E-002  3.486076474675521E-009  9.214928755914721E-002  3.706158137689289E-002  5.878385328526179E-011
  2.599999999999999E+001  4.496349906845442E-009  4.869335802561504E-002  3.413867331165110E-009  9.046250365484600E-002  3.816551161608123E-002  5.778528424687704E-011
  2.699999999999999E+001  4.420735052503343E-009  5.007659361989029E-002  3.345019025344334E-009  8.883811086407264E-002  3.926104929165797E-002  5.682170862483793E-011
  2.799999999999999E+001  4.347621162062385E-009  5.145123490133256E-002  3.279290707678143E-009  8.727266845427682E-002  4.034863314075600E-002  5.589134258134544E-011
  2.899999999999999E+001  4.276886070454904E-009  5.281770898711915E-002  3.216465389820557E-009  8.576299635084018E-002  4.142865868981865E-002  5.499252328105296E-011
  2.999999999999999E+001  4.208415949224805E-009  5.417640636532037E-002  3.156346882449503E-009  8.430614922295328E-002  4.250148355101481E-002  5.412369824183417E-011
  3.099999999999999E+001  4.142104529088052E-009  5.552768497461510E-002  3.098757215830773E-009  8.289939374720770E-002  4.356743197991761E-002  5.328341593098561E-011
  3.199999999999999E+001  4.077852416773972E-009  5.687187372846640E-002  3.043534453583705E-009  8.154018863849108E-002  4.462679880093159E-002  5.247031739950567E-011
  3.299999999999999E+001  4.015566492336800E-009  5.820927557483727E-002  2.990530829134213E-009  8.022616704872168E-002  4.567985279550722E-002  5.168312879315969E-011
  3.399999999999999E+001  3.955159375388633E-009  5.954017016430215E-002  2.939611148715219E-009  7.895512099495498E-002  4.672683963465702E-002  5.092065461868136E-011
  3.599999999999999E+001  3.839878349090811E-009  6.217707319468946E-002  2.843759157501761E-009  7.654062648570877E-002  4.879838379986608E-002  4.946900698494536E-011
  3.799999999999999E+001  3.731155860271622E-009  6.479128373266257E-002  2.754840850924470E-009  7.427179336530684E-002  5.084880836502641E-002  4.810191210221032E-011
  3.999999999999999E+001  3.628454768314395E-009  6.738438435158230E-002  2.672110556953572E-009  7.213778296651088E-002  5.287930599933093E-002  4.681339268386169E-011
  4.199999999999999E+001  3.531303369065280E-009  6.995772346654040E-002  2.594933388722911E-009  7.012720670585033E-002  5.489093329181111E-002  4.559704170209520E-011
  4.399999999999999E+001  3.439277962728038E-009  7.251248049922615E-002  2.522760349896720E-009  6.822982436931688E-002  5.688462046697210E-002  4.444707910746548E-011
  4.599999999999999E+001  3.351996434432641E-009  7.504969648195801E-002  2.455113662189251E-009  6.643649072098150E-002  5.886118786010182E-002  4.335832074229032E-011
  4.799999999999999E+001  3.269113192273854E-009  7.757029612790138E-002  2.391575319504940E-009  6.473901583698563E-002  6.082136194206312E-002  4.232610250654889E-011
  4.999999999999999E+001  3.190314853908824E-009  8.007510531453658E-002  2.331777846896999E-009  6.313004215866176E-002  6.276578931366768E-002  4.134621554595262E-011
  5.199999999999999E+001  3.115316548595568E-009  8.256486531183709E-002  2.275396761042582E-009  6.160294036459142E-002  6.469504854384847E-002  4.041485170213080E-011
  5.399999999999999E+001  3.043858733455824E-009  8.504024451571687E-002  2.222144369033177E-009  6.015172087195192E-002  6.660966008311256E-002  3.952855699995025E-011
  5.599999999999999E+001  2.975704439551560E-009  8.750184821204926E-002  2.171764630396828E-009  5.877095820284174E-002  6.851009454668114E-002  3.868419163413412E-011
  5.799999999999999E+001  2.910636878654681E-009  8.995022676039234E-002  2.124028871284077E-009  5.745572601495724E-002  7.039677964272922E-002  3.787889533676617E-011
  5.999999999999999E+001  2.848457354351858E-009  9.238588249550923E-002  2.078732187234655E-009  5.620154103365078E-002  7.227010598209949E-002  3.711005726032553E-011
  6.500000000000000E+001  2.704959046378522E-009  9.839931587221566E-002  1.975438953995033E-009  5.331800646893758E-002  7.687681099612008E-002  3.533795406477155E-011
  7.000000000000000E+001  2.575805457461738E-009  1.043442504754044E-001  1.883748279793906E-009  5.073212389543622E-002  8.141004852997479E-002  3.374502664504759E-011
  7.500000000000000E+001  2.459003139669324E-009  1.102256114366671E-001  1.801792350923685E-009  4.840207357766819E-002  8.587305677270282E-002  3.230635904505343E-011
  8.000000000000000E+001  2.352902002361375E-009  1.160474883750527E-001  1.728085080636768E-009  4.629214070714620E-002  9.026883053605815E-002  3.100068394574941E-011
  8.500000000000000E+001  2.256125591065610E-009  1.218133706355218E-001  1.661427862811573E-009  4.437284472141392E-002  9.460008799628189E-002  2.981042980374009E-011
  9.000000000000000E+001  2.167518144323238E-009  1.275262817633594E-001  1.600843370397301E-009  4.261967164551315E-002  9.886929801501665E-002  2.872095489549077E-011
  9.009999999999999E+001  2.165813991645808E-009  1.276405271768343E-001  1.599681119216953E-009  4.258544012796846E-002  9.895465554412335E-002  2.869967129485598E-011
  9.019999999999999E+001  2.164112858950041E-009  1.277547555675318E-001  1.598520715243191E-009  4.255159464588795E-002  9.903998636487213E-002  2.867864490478912E-011
  9.039999999999999E+001  2.160719791741182E-009  1.279831345410911E-001  1.596206260458631E-009  4.248445364146982E-002  9.921054185931875E-002  2.863694332460296E-011
  9.059999999999999E+001  2.157338330673150E-009  1.282114333279815E-001  1.593900182272755E-009  4.241763115342360E-002  9.938099185215654E-002  2.859543476502415E-011
  9.080000000000000E+001  2.153968390004697E-009  1.284396512065467E-001  1.591602488368657E-009  4.235106326779659E-002  9.955133694446340E-002  2.855407730106984E-011
  9.100000000000000E+001  2.150609898331956E-009  1.286677879501005E-001  1.589313146639420E-009  4.228473171086801E-002  9.972157768139556E-002  2.851285959291395E-011
  9.150000000000000E+001  2.142265850044790E-009  1.292376183457387E-001  1.583628211627693E-009  4.211999957604207E-002  1.001465369706826E-001  2.841045596250279E-011
  9.200000000000000E+001  2.133991874899551E-009  1.298069414818230E-001  1.577994477730408E-009  4.195663637353306E-002  1.005708595378618E-001  2.830886801991221E-011
  9.300000000000000E+001  2.117658531539541E-009  1.309435577072130E-001  1.566884659979456E-009  4.163428890503391E-002  1.014170112589477E-001  2.810829273123996E-011
  9.400000000000000E+001  2.101594569082422E-009  1.320781733683660E-001  1.555970922142915E-009  4.131729128411811E-002  1.022606993589819E-001  2.791094544856268E-011
  9.600000000000000E+001  2.070277775287406E-009  1.343394628489999E-001  1.534736392171317E-009  4.069973216622372E-002  1.039385228821223E-001  2.752611612125743E-011
  9.800000000000000E+001  2.039959663646182E-009  1.365930086446322E-001  1.514223067966163E-009  4.010212038000814E-002  1.056069407196840E-001  2.715341765514949E-011
  1.000000000000000E+002  2.010593822890886E-009  1.388389551265178E-001  1.494393979685256E-009  3.952364815102755E-002  1.072660961225726E-001  2.679237343029804E-011
  1.050000000000000E+002  1.941238820975124E-009  1.444074850778395E-001  1.447750578928321E-009  3.815906429704435E-002  1.113593576136573E-001  2.593908944637410E-011
  1.100000000000000E+002  1.876918803006516E-009  1.499319966576892E-001  1.404668636823839E-009  3.689492109208423E-002  1.153992452601902E-001  2.514732240364626E-011
  1.150000000000000E+002  1.817110008769120E-009  1.554142462340732E-001  1.364747588021790E-009  3.572085767401525E-002  1.193871897782458E-001  2.441073715323396E-011
  1.200000000000000E+002  1.761356977239074E-009  1.608558179541407E-001  1.327644876451799E-009  3.462756767289548E-002  1.233246358112943E-001  2.372366909981022E-011
  1.250000000000000E+002  1.709262508743372E-009  1.662581618261005E-001  1.293065713221495E-009  3.360696964892974E-002  1.272129912730055E-001  2.308120982706475E-011
  1.300000000000000E+002  1.660478879157369E-009  1.716226141653704E-001  1.260755075055414E-009  3.265201715967894E-002  1.310536117283409E-001  2.247908039451341E-011
  1.350000000000000E+002  1.614700513183688E-009  1.769504128068302E-001  1.230491241139792E-009  3.175653964552938E-002  1.348477967070760E-001  2.191353179256838E-011
  1.400000000000000E+002  1.571657885905281E-009  1.822427092716356E-001  1.202080541655973E-009  3.091511158584744E-002  1.385967904065598E-001  2.138126504266457E-011
  1.450000000000000E+002  1.531112432407706E-009  1.875005787807619E-001  1.175353064976606E-009  3.012294425160993E-002  1.423017840238265E-001  2.087936573363562E-011
  1.500000000000000E+002  1.492852282343862E-009  1.927250286315437E-001  1.150159127158029E-009  2.937579564945016E-002  1.459639186230663E-001  2.040524977170071E-011
  1.600000000000000E+002  1.422677487445986E-009  2.030458348486461E-001  1.104056720070043E-009  2.800624296875440E-002  1.531286537212358E-001  1.953363396764773E-011
  1.700000000000000E+002  1.359566500564169E-009  2.132457544365755E-001  1.062635077962697E-009  2.677528491830987E-002  1.601394431722786E-001  1.874813295242061E-011
  1.800000000000000E+002  1.302498859565982E-009  2.233308065242806E-001  1.025194159906201E-009  2.566280165523336E-002  1.670025886176756E-001  1.803626528598808E-011
  1.900000000000000E+002  1.250639511287931E-009  2.333064155776605E-001  9.911672051776383E-010  2.465225128213468E-002  1.737243649599328E-001  1.738782845742664E-011
  2.000000000000000E+002  1.203299543900670E-009  2.431775151699597E-001  9.600906139609080E-010  2.373002943310334E-002  1.803108047994196E-001  1.679444456804758E-011
  2.100000000000000E+002  1.159905916384884E-009  2.529486199438077E-001  9.315815619449503E-010  2.288484832733489E-002  1.867676356327482E-001  1.624916114548225E-011
  2.200000000000000E+002  1.119978278077664E-009  2.626238818465142E-001  9.053211586524348E-010  2.210726577774966E-002  1.931002682206240E-001  1.574615785246748E-011
  2.300000000000000E+002  1.083111075646795E-009  2.722071355597202E-001  8.810416336776069E-010  2.138932406122129E-002  1.993138040583213E-001  1.528052423601448E-011
  2.400000000000000E+002  1.048959615755225E-009  2.817019359033212E-001  8.585164784836680E-010  2.072427001012210E-002  2.054130502273412E-001  1.484808825660791E-011
  2.500000000000000E+002  1.017229110908086E-009  2.911115890692787E-001  8.375527814739658E-010  2.010633588720507E-002  2.114025368371623E-001  1.444528229258325E-011
  2.600000000000000E+002  9.876659954960689E-010  3.004391790053120E-001  8.179852090943322E-010  1.953056625144036E-002  2.172865349526912E-001  1.406903732399818E-011
  2.700000000000000E+002  9.600509852067755E-010  3.096875899210354E-001  7.996712356697867E-010  1.899267997871479E-002  2.230690740536219E-001  1.371669859537339E-011
  2.800000000000000E+002  9.341934870466551E-010  3.188595256507367E-001  7.824873302673061E-010  1.848895941148541E-002  2.287539586016816E-001  1.338595783320972E-011
  3.000000000000000E+002  8.873069002303122E-010  3.369138100929524E-001  7.512784375434223E-010  1.757524996265037E-002  2.397673787639379E-001  1.278349640744564E-011
  3.200000000000000E+002  8.456435911598545E-010  3.546965879556108E-001  7.234154767391714E-010  1.676305537350825E-002  2.504435784394458E-001  1.224582186160728E-011
  3.400000000000000E+002  8.083589062467065E-010  3.722237582551624E-001  6.983572430954043E-010  1.603593875470536E-002  2.608028550364317E-001  1.176249007524782E-011
  3.600000000000000E+002  7.747809203393078E-010  3.895096367490651E-001  6.756744602486686E-010  1.538082413959484E-002  2.708645610725461E-001  1.132525783007221E-011
  3.800000000000000E+002  7.443689464521734E-010  4.065671773022776E-001  6.550223664011673E-010  1.478720258905303E-002  2.806466539263885E-001  1.092750769476927E-011
  4.000000000000000E+002  7.166831136498461E-010  4.234081532066639E-001  6.361208671317570E-010  1.424653119111569E-002  2.901656564552811E-001  1.056385515151464E-011
  4.200000000000000E+002  6.913619493315606E-010  4.400433076666769E-001  6.187400008628981E-010  1.375179325366807E-002  2.994367333762983E-001  1.022987024887346E-011
  4.400000000000000E+002  6.681056579160810E-010  4.564824795801370E-001  6.026891493711661E-010  1.329717138036121E-002  3.084738001294386E-001  9.921872944143322E-012
  4.600000000000000E+002  6.466634914191199E-010  4.727347095226918E-001  5.878089202304752E-010  1.287780107383667E-002  3.172896365307726E-001  9.636779464964569E-012
  4.800000000000000E+002  6.268240958283756E-010  4.888083297545453E-001  5.739649618942410E-010  1.248958268031083E-002  3.258959952260965E-001  9.371985199186873E-012
  5.000000000000000E+002  6.084080490414145E-010  5.047110412094288E-001  5.610431957129797E-010  1.212903619401311E-002  3.343037014672156E-001  9.125274283289484E-012
  5.200000000000000E+002  5.912620324827006E-010  5.204499797775198E-001  5.489461001918301E-010  1.179318795337314E-002  3.425227433502199E-001  8.894749013149160E-012
  5.400000000000000E+002  5.752542345222474E-010  5.360317737065922E-001  5.375897860768121E-010  1.147948134992779E-002  3.505623527446518E-001  8.678774167811583E-012
  5.600000000000000E+002  5.602706926626647E-010  5.514625935763500E-001  5.269016724668893E-010  1.118570581675194E-002  3.584310775814099E-001  8.475932684910515E-012
  5.800000000000000E+002  5.462123583509969E-010  5.667481960179955E-001  5.168186244648012E-010  1.090993987445185E-002  3.661368463149215E-001  8.284990069018160E-012
  6.000000000000000E+002  5.329927232478835E-010  5.818939621318425E-001  5.072854486900709E-010  1.065050509080737E-002  3.736870253899717E-001  8.104865584053010E-012
  6.200000000000000E+002  5.205358855500063E-010  5.969049313840581E-001  4.982536687748062E-010  1.040592858845949E-002  3.810884704992413E-001  7.934608763451860E-012
  6.400000000000000E+002  5.087749640373021E-010  6.117858316276960E-001  4.896805217595553E-010  1.017491230329233E-002  3.883475723493777E-001  7.773380123760324E-012
  6.600000000000000E+002  4.976507889964531E-010  6.265411057846049E-001  4.815281301495572E-010  9.956307615433778E-003  3.954702975784843E-001  7.620435226849111E-012
  6.800000000000000E+002  4.871108151953344E-010  6.411749356373326E-001  4.737628146894799E-010  9.749094287219033E-003  4.024622253944720E-001  7.475111429348932E-012
  7.000000000000000E+002  4.771082141451933E-010  6.556912631091139E-001  4.663545206477271E-010  9.552362877427324E-003  4.093285804355009E-001  7.336816803364232E-012
  7.500000000000000E+002  4.543329713680178E-010  6.912929450429705E-001  4.493883544553367E-010  9.104025093895556E-003  4.257906684990147E-001  7.020205530617846E-012
  8.000000000000000E+002  4.340779211636640E-010  7.262548741238529E-001  4.341039502023354E-010  8.704945985414729E-003  4.415989045641650E-001  6.737034004263473E-012
  8.500000000000000E+002  4.159316286787419E-010  7.606206002746121E-001  4.202368683758469E-010  8.347101132496161E-003  4.568039342716949E-001  6.481919175308207E-012
  9.000000000000000E+002  3.995683850283147E-010  7.944287379745779E-001  4.075769479861870E-010  8.024144050061743E-003  4.714519510418556E-001  6.250640105517381E-012
  9.500000000000000E+002  3.847271010246319E-010  8.277136944261031E-001  3.959550083308168E-010  7.730987303683171E-003  4.855843042209250E-001  6.039809531830953E-012
  1.000000000000000E+003  3.711960078382449E-010  8.605062862806337E-001  3.852332218653197E-010  7.463502900179947E-003  4.992378926648255E-001  5.846670498138725E-012
  1.050000000000000E+003  3.588014827203919E-010  8.928342492981328E-001  3.752980760660195E-010  7.218304694235854E-003  5.124456854205051E-001  5.668953319275246E-012
  1.100000000000000E+003  3.473997781086650E-010  9.247226596486062E-001  3.660551563205837E-010  6.992587614469477E-003  5.252372223644327E-001  5.504770741630722E-012
  1.150000000000000E+003  3.368708159103290E-010  9.561942840914093E-001  3.574252246003263E-010  6.784007104050162E-003  5.376390593441409E-001  5.352539440781052E-012
  1.200000000000000E+003  3.271134708057414E-010  9.872698729387762E-001  3.493412331996157E-010  6.590587499333530E-003  5.496751532793109E-001  5.210920307281585E-012
  1.250000000000000E+003  3.180419419597038E-010  1.017968406745865E+000  3.417460227422048E-010  6.410651542866339E-003  5.613671919189567E-001  5.078772418051452E-012
  1.300000000000000E+003  3.095829307801293E-010  1.048307305323901E+000  3.345905276138385E-010  6.242765542596109E-003  5.727348753326436E-001  4.955117138483195E-012
  1.350000000000000E+003  3.016734229753436E-010  1.078302605863819E+000  3.278323623809287E-010  6.085696260246542E-003  5.837961562660333E-001  4.839109827461804E-012
  1.400000000000000E+003  2.942589288597753E-010  1.107969115566080E+000  3.214346975814032E-010  5.938376694795801E-003  5.945674457800352E-001  4.730017318264542E-012
  1.450000000000000E+003  2.872920748657222E-010  1.137320543096864E+000  3.153653576725582E-010  5.799878684453044E-003  6.050637896955173E-001  4.627199836178009E-012
  1.500000000000000E+003  2.807314668954828E-010  1.166369612354098E+000  3.095960912414922E-010  5.669390787555528E-003  6.152990204954492E-001  4.530096358900705E-012
  1.550000000000000E+003  2.745407660287756E-010  1.195128161370898E+000  3.041019760342945E-010  5.546200288405989E-003  6.252858885654334E-001  4.438212673586189E-012
  1.600000000000000E+003  2.686879315478418E-010  1.223607228666253E+000  2.988609304157468E-010  5.429678454230078E-003  6.350361759974150E-001  4.351111564501766E-012
  1.650000000000000E+003  2.631445968569984E-010  1.251817128941002E+000  2.938533095305777E-010  5.319268375249421E-003  6.445607956337218E-001  4.268404697735861E-012
  1.700000000000000E+003  2.578855517519397E-010  1.279767519687679E+000  2.890615693853080E-010  5.214474872636568E-003  6.538698775759991E-001  4.189745867841665E-012
  1.750000000000000E+003  2.528883103985104E-010  1.307467460017359E+000  2.844699857820141E-010  5.114856073620298E-003  6.629728450111980E-001  4.114825345214289E-012
  1.800000000000000E+003  2.481327488458419E-010  1.334925462791593E+000  2.800644178460553E-010  5.020016339613227E-003  6.718784809008040E-001  4.043365118997743E-012
  1.900000000000000E+003  2.393183713443754E-010  1.388925949646763E+000  2.718300245756584E-010  4.844111012691308E-003  6.889671385524579E-001  3.910429942232896E-012
  2.000000000000000E+003  2.312664786976689E-010  1.442066917725999E+000  2.641906369649407E-010  4.683310541851159E-003  7.053816520671362E-001  3.788524481732864E-012
  2.100000000000000E+003  2.238775240250094E-010  1.494398747244768E+000  2.570752856049407E-010  4.535649428899970E-003  7.211691557029074E-001  3.676236861124545E-012
  2.200000000000000E+003  2.170688234045706E-010  1.545966872253798E+000  2.504244668315678E-010  4.399496160367152E-003  7.363726758744820E-001  3.572400052620289E-012
  2.300000000000000E+003  2.107711372012066E-010  1.596812427218953E+000  2.441878799234797E-010  4.273484105829623E-003  7.510311124219501E-001  3.476034629098064E-012
  2.400000000000000E+003  2.049260302216807E-010  1.646972803966827E+000  2.383226724437184E-010  4.156459303604931E-003  7.651796104851807E-001  3.386311163659577E-012
  2.500000000000000E+003  1.994838271409448E-010  1.696482121488320E+000  2.327920740428487E-010  4.047440224754168E-003  7.788499786464368E-001  3.302521976118243E-012
  2.600000000000000E+003  1.944020155966275E-010  1.745371622357025E+000  2.275643234775488E-010  3.945586387991642E-003  7.920710789509775E-001  3.224059210201982E-012
  2.700000000000000E+003  1.896439874352327E-010  1.793670008820425E+000  2.226118180597899E-010  3.850173626299857E-003  8.048691727887815E-001  3.150397558141948E-012
  2.800000000000000E+003  1.851780375679392E-010  1.841403729359976E+000  2.179104333182036E-010  3.760574412199090E-003  8.172682223911352E-001  3.081080495607799E-012
  2.900000000000000E+003  1.809765609158479E-010  1.888597224401567E+000  2.134389741462532E-010  3.676242070766091E-003  8.292901521473303E-001  3.015709210931129E-012
  3.000000000000000E+003  1.770154030866928E-010  1.935273138135552E+000  2.091787284693641E-010  3.596698009664541E-003  8.409550748963733E-001  2.953933626919307E-012
  3.100000000000000E+003  1.732733314151151E-010  1.981452502046398E+000  2.051131015567775E-010  3.521521311756432E-003  8.522814881489770E-001  2.895445064235813E-012
  3.200000000000000E+003  1.697316010307817E-010  2.027154894685199E+000  2.012273143045582E-010  3.450340193536761E-003  8.632864446439698E-001  2.839970204025566E-012
  3.300000000000000E+003  1.663735965434205E-010  2.072398581378333E+000  1.975081526647859E-010  3.382824948796674E-003  8.739857010281615E-001  2.787266087222700E-012
  3.400000000000000E+003  1.631845343450733E-010  2.117200636900544E+000  1.939437582709007E-010  3.318682083361015E-003  8.843938478725035E-001  2.737115947262804E-012
  3.500000000000000E+003  1.601512138441292E-010  2.161577053610631E+000  1.905234524764801E-010  3.257649411680816E-003  8.945244237319534E-001  2.689325717473168E-012
  3.600000000000000E+003  1.572618084575584E-010  2.205542837122737E+000  1.872375876729496E-010  3.199491935276340E-003  9.043900155262664E-001  2.643721088221194E-012
  3.700000000000000E+003  1.545056891073166E-010  2.249112091242822E+000  1.840774210156490E-010  3.143998360642579E-003  9.140023471578665E-001  2.600145014782415E-012
  3.800000000000000E+003  1.518732744454010E-010  2.292298093620943E+000  1.810350066646055E-010  3.090978143209315E-003  9.233723579819624E-001  2.558455596866660E-012
  3.900000000000000E+003  1.493559031793486E-010  2.335113363342002E+000  1.781031034071117E-010  3.040258966442639E-003  9.325102724937578E-001  2.518524266278658E-012
  4.000000000000000E+003  1.469457247665988E-010  2.377569721490215E+000  1.752750951258323E-010  2.991684582760101E-003  9.414256623894595E-001  2.480234231361507E-012
  4.200000000000000E+003  1.424401318832199E-010  2.461119012988943E+000  1.699581539207330E-010  2.900832708159982E-003  9.584367692431887E-001  2.408480313927645E-012
  4.400000000000000E+003  1.382813817191157E-010  2.543383790407533E+000  1.649832040809998E-010  2.816930676540218E-003  9.746832117753752E-001  2.342074954457850E-012
  4.600000000000000E+003  1.344286574316901E-010  2.624435563832725E+000  1.603150006929598E-010  2.739163201500056E-003  9.902179757185727E-001  2.280399392721558E-012
  4.800000000000000E+003  1.308474261380497E-010  2.704339230161493E+000  1.559232830712522E-010  2.666840884417168E-003  1.005089391961595E+000  2.222931804934257E-012
  5.000000000000000E+003  1.275082743777618E-010  2.783153885962196E+000  1.517819000802595E-010  2.599376356417750E-003  1.019341226859423E+000  2.169226879797703E-012
  5.200000000000000E+003  1.243859863573517E-010  2.860933535766874E+000  1.478681116414808E-010  2.536265844964440E-003  1.033013115682119E+000  2.118901832750632E-012
  5.400000000000000E+003  1.214588135080221E-010  2.937727696036412E+000  1.441620296669000E-010  2.477074633912850E-003  1.046141021266234E+000  2.071625586990335E-012
  5.600000000000000E+003  1.187078916958383E-010  3.013581910337959E+000  1.406461674413606E-010  2.421425475281679E-003  1.058757655908640E+000  2.027110179910894E-012
  5.800000000000000E+003  1.161167726606591E-010  3.088538190638297E+000  1.373050736111414E-010  2.368989273837037E-003  1.070892854812344E+000  1.985103852696401E-012
  6.000000000000000E+003  1.136710444325004E-010  3.162635397149354E+000  1.341250326430340E-010  2.319477539365112E-003  1.082573902294615E+000  1.945385442960289E-012
  6.200000000000000E+003  1.113580215971894E-010  3.235909566856777E+000  1.310938179175152E-010  2.272636225964879E-003  1.093825815497914E+000  1.907759799183622E-012
  6.400000000000000E+003  1.091664908246066E-010  3.308394198969772E+000  1.282004868273085E-010  2.228240668665201E-003  1.104671591006322E+000  1.872054004236602E-012
  6.600000000000000E+003  1.070865004496342E-010  3.380120504016622E+000  1.254352096524060E-010  2.186091394921005E-003  1.115132419486583E+000  1.838114244935064E-012
  6.800000000000000E+003  1.051091854228166E-010  3.451117622104105E+000  1.227891257897126E-010  2.146010638734699E-003  1.125227872901207E+000  1.805803201358114E-012
  7.000000000000000E+003  1.032266208530042E-010  3.521412814894436E+000  1.202542222867746E-010  2.107839422946243E-003  1.134976068222553E+000  1.774997857262350E-012
  7.200000000000000E+003  1.014316988121551E-010  3.591031635078300E+000  1.178232306779687E-010  2.071435103943011E-003  1.144393810999479E+000  1.745587653882169E-012
  7.400000000000000E+003  9.971802418138113E-011  3.659998076495706E+000  1.154895389301736E-010  2.036669295022986E-003  1.153496721619467E+000  1.717472925457334E-012
  7.600000000000000E+003  9.807982617304590E-011  3.728334707546900E+000  1.132471159330776E-010  2.003426101607922E-003  1.162299346673174E+000  1.690563567228320E-012
  7.800000000000000E+003  9.651188282881840E-011  3.796062790118897E+000  1.110904464607502E-010  1.971600614689451E-003  1.170815257459521E+000  1.664777896291727E-012
  8.000000000000000E+003  9.500945631413116E-011  3.863202385910616E+000  1.090144749183104E-010  1.941097619213373E-003  1.179057137359458E+000  1.640041673275158E-012
  8.200000000000000E+003  9.356823723956016E-011  3.929772451756598E+000  1.070145564945922E-010  1.911830482241186E-003  1.187036859546705E+000  1.616287258763541E-012
  8.400000000000000E+003  9.218429656472889E-011  3.995790925314309E+000  1.050864145867495E-010  1.883720192177627E-003  1.194765556286002E+000  1.593452883152847E-012
  8.600000000000000E+003  9.085404389958009E-011  4.061274802284031E+000  1.032261035594474E-010  1.856694525498109E-003  1.202253680886839E+000  1.571482012398007E-012
  8.800000000000000E+003  8.957419122577432E-011  4.126240206166117E+000  1.014299760600938E-010  1.830687321537491E-003  1.209511063227170E+000  1.550322795168071E-012
  9.000000000000000E+003  8.834172122862755E-011  4.190702451422330E+000  9.969465424045245E-011  1.805637849231032E-003  1.216546959632504E+000  1.529927579383033E-012
  9.200000000000000E+003  8.715385956588699E-011  4.254676100791310E+000  9.801700434013507E-011  1.781490252397761E-003  1.223370097786742E+000  1.510252488105585E-012
  9.400000000000000E+003  8.600805051032561E-011  4.318175017409282E+000  9.639411417367586E-011  1.758193062355864E-003  1.229988717258850E+000  1.491257046392380E-012
  9.600000000000000E+003  8.490193549371216E-011  4.381212412303088E+000  9.482327313389443E-011  1.735698768460131E-003  1.236410606151235E+000  1.472903852046837E-012
  9.800000000000000E+003  8.383333415417255E-011  4.443800887750708E+000  9.330195438299847E-011  1.713963438632008E-003  1.242643134309016E+000  1.455158284317076E-012
  1.000000000000000E+004  8.280022755042881E-011  4.505952476942976E+000  9.182779895168343E-011  1.692946383175447E-003  1.248693283472584E+000  1.437988245493679E-012
  1.020000000000000E+004  8.180074325735822E-011  4.567678680327302E+000  9.039860150720734E-011  1.672609856185593E-003  1.254567674707218E+000  1.421363931118475E-012
  1.040000000000000E+004  8.083314209972856E-011  4.628990498968635E+000  8.901229758551756E-011  1.652918789701397E-003  1.260272593401747E+000  1.405257625146492E-012
  1.060000000000000E+004  7.989580631639361E-011  4.689898465223602E+000  8.766695211117814E-011  1.633840556458602E-003  1.265814012092435E+000  1.389643516930957E-012
  1.080000000000000E+004  7.898722897694038E-011  4.750412670989511E+000  8.636074905303174E-011  1.615344757691094E-003  1.271197611337232E+000  1.374497537344661E-012
  1.100000000000000E+004  7.810600449777632E-011  4.810542793760300E+000  8.509198208400749E-011  1.597403032926532E-003  1.276428798838812E+000  1.359797211724634E-012
  1.120000000000000E+004  7.725082012574250E-011  4.870298120695677E+000  8.385904613088033E-011  1.579988889142558E-003  1.281512726991631E+000  1.345521527642953E-012
  1.140000000000000E+004  7.642044827521436E-011  4.929687570887058E+000  8.266042971460791E-011  1.563077547006146E-003  1.286454309008017E+000  1.331650815774580E-012
  1.160000000000000E+004  7.561373961983171E-011  4.988719715984163E+000  8.149470799454083E-011  1.546645802221273E-003  1.291258233760830E+000  1.318166642361106E-012
  1.180000000000000E+004  7.482961685294062E-011  5.047402799328771E+000  8.036053644066059E-011  1.530671900268170E-003  1.295928979464838E+000  1.305051711963899E-012
  1.200000000000000E+004  7.406706904188495E-011  5.105744753726881E+000  7.925664506733897E-011  1.515135423037918E-003  1.300470826305604E+000  1.292289779366733E-012
  1.220000000000000E+004  7.332514651076278E-011  5.163753217977008E+000  7.818183317015878E-011  1.500017186055216E-003  1.304887868112873E+000  1.279865569630865E-012
  1.240000000000000E+004  7.260295619440374E-011  5.221435552260528E+000  7.713496451429636E-011  1.485299145144676E-003  1.309184023165192E+000  1.267764705428570E-012
  1.260000000000000E+004  7.189965741334003E-011  5.278798852489392E+000  7.611496292899277E-011  1.470964311535991E-003  1.313363044203334E+000  1.255973640887224E-012
  1.280000000000000E+004  7.121445802560085E-011  5.335849963697254E+000  7.512080826787944E-011  1.456996674524318E-003  1.317428527722160E+000  1.244479601267799E-012
  1.300000000000000E+004  7.054661091640754E-011  5.392595492551691E+000  7.415153269948458E-011  1.443381130906991E-003  1.321383922603391E+000  1.233270527881228E-012
  1.320000000000000E+004  6.989541079139723E-011  5.449041819057890E+000  7.320621729622818E-011  1.430103420508584E-003  1.325232538145573E+000  1.222335027715155E-012
  1.340000000000000E+004  6.926019124296400E-011  5.505195107517508E+000  7.228398889369381E-011  1.417150067185502E-003  1.328977551541884E+000  1.211662327303880E-012
  1.360000000000000E+004  6.864032206275793E-011  5.561061316800582E+000  7.138401719502039E-011  1.404508324770239E-003  1.332622014851543E+000  1.201242230426795E-012
  1.380000000000000E+004  6.803520677639701E-011  5.616646209983092E+000  7.050551209793716E-011  1.392166127475727E-003  1.336168861506181E+000  1.191065079266574E-012
  1.400000000000000E+004  6.744428037908813E-011  5.671955363398053E+000  6.964772122432589E-011  1.380112044332979E-003  1.339620912388557E+000  1.181121718698726E-012
  1.420000000000000E+004  6.686700725316750E-011  5.726994175143728E+000  6.880992763427799E-011  1.368335237281540E-003  1.342980881517597E+000  1.171403463419390E-012
  1.440000000000000E+004  6.630287925060704E-011  5.781767873088875E+000  6.799144770845204E-011  1.356825422572969E-003  1.346251381370519E+000  1.161902067649477E-012
  1.460000000000000E+004  6.575141392532395E-011  5.836281522411344E+000  6.719162918416732E-011  1.345572835183406E-003  1.349434927870051E+000  1.152609697180640E-012
  1.480000000000000E+004  6.521215290171278E-011  5.890540032703382E+000  6.640984933211416E-011  1.334568195962945E-003  1.352533945062234E+000  1.143518903552815E-012
  1.500000000000000E+004  6.468466036721531E-011  5.944548164674140E+000  6.564551326184388E-011  1.323802681277464E-003  1.355550769508004E+000  1.134622600174484E-012
  1.520000000000000E+004  6.416852167798038E-011  5.998310536477378E+000  6.489805234534560E-011  1.313267894923339E-003  1.358487654409785E+000  1.125914040215862E-012
  1.540000000000000E+004  6.366334206776357E-011  6.051831629690035E+000  6.416692274903326E-011  1.302955842117423E-003  1.361346773492405E+000  1.117386796122003E-012
  1.560000000000000E+004  6.316874545118855E-011  6.105115794965359E+000  6.345160406537710E-011  1.292858905384178E-003  1.364130224656097E+000  1.109034740607864E-012
  1.580000000000000E+004  6.268437331336108E-011  6.158167257382257E+000  6.275159803622699E-011  1.282969822179208E-003  1.366840033417755E+000  1.100852029010728E-012
  1.600000000000000E+004  6.220988367859709E-011  6.210990121510977E+000  6.206642736060185E-011  1.273281664103916E-003  1.369478156155354E+000  1.092833082887237E-012
  1.620000000000000E+004  6.174495015171512E-011  6.263588376213543E+000  6.139563458037357E-011  1.263787817579800E-003  1.372046483169166E+000  1.084972574752981E-012
  1.640000000000000E+004  6.128926102596152E-011  6.315965899196024E+000  6.073878103786099E-011  1.254481965863278E-003  1.374546841572308E+000  1.077265413872096E-012
  1.660000000000000E+004  6.084251845218485E-011  6.368126461328407E+000  6.009544589987582E-011  1.245358072292930E-003  1.376980998022177E+000  1.069706733012818E-012
  1.680000000000000E+004  6.040443766437210E-011  6.420073730746644E+000  5.946522524323939E-011  1.236410364671012E-003  1.379350661303378E+000  1.062291876092617E-012
  1.700000000000000E+004  5.997474625710213E-011  6.471811276750389E+000  5.884773119721597E-011  1.227633320689918E-003  1.381657484771950E+000  1.055016386643397E-012
  1.720000000000000E+004  5.955318351086963E-011  6.523342573508919E+000  5.824259113869755E-011  1.219021654322321E-003  1.383903068669932E+000  1.047875997033427E-012
  1.740000000000000E+004  5.913949976159188E-011  6.574671003586891E+000  5.764944693632347E-011  1.210570303100864E-003  1.386088962318576E+000  1.040866618388220E-012
  1.760000000000000E+004  5.873345581093375E-011  6.625799861300646E+000  5.706795424003579E-011  1.202274416219783E-003  1.388216666197986E+000  1.033984331157617E-012
  1.780000000000000E+004  5.833482237437717E-011  6.676732355915153E+000  5.649778181285881E-011  1.194129343396693E-003  1.390287633920259E+000  1.027225376280851E-012
  1.800000000000000E+004  5.794337956422475E-011  6.727471614690860E+000  5.593861090195169E-011  1.186130624438001E-003  1.392303274102782E+000  1.020586146905454E-012
  1.820000000000000E+004  5.755891640496560E-011  6.778020685789124E+000  5.539013464621930E-011  1.178273979456277E-003  1.394264952147801E+000  1.014063180619592E-012
  1.840000000000000E+004  5.718123037864639E-011  6.828382541044346E+000  5.485205751798333E-011  1.170555299692136E-003  1.396173991933944E+000  1.007653152160768E-012
  1.860000000000000E+004  5.681012699808575E-011  6.878560078610276E+000  5.432409479641005E-011  1.162970638897189E-003  1.398031677424997E+000  1.001352866566862E-012
  1.880000000000000E+004  5.644541940594801E-011  6.928556125487575E+000  5.380597207057179E-011  1.155516205238126E-003  1.399839254200827E+000  9.951592527382685E-013
  1.900000000000000E+004  5.608692799785266E-011  6.978373439939168E+000  5.329742477018020E-011  1.148188353685256E-003  1.401597930915021E+000  9.890693573823783E-013
  1.920000000000000E+004  5.573448006784224E-011  7.028014713799528E+000  5.279819772218087E-011  1.140983578851749E-003  1.403308880683502E+000  9.830803393139777E-013
  1.940000000000000E+004  5.538790947466494E-011  7.077482574683626E+000  5.230804473153273E-011  1.133898508252512E-003  1.404973242408080E+000  9.771894640871676E-013
  1.960000000000000E+004  5.504705632744891E-011  7.126779588100937E+000  5.182672818462180E-011  1.126929895954066E-003  1.406592122038623E+000  9.713940989363607E-013
  1.980000000000000E+004  5.471176668945707E-011  7.175908259479474E+000  5.135401867387317E-011  1.120074616589016E-003  1.408166593777306E+000  9.656917080056108E-013
  2.000000000000000E+004  5.438189229871059E-011  7.224871036104648E+000  5.088969464222845E-011  1.113329659710741E-003  1.409697701228156E+000  9.600798478471290E-013
