! time                    int_density             frank_density           perfect_density         vac_density             faulted_density         void_density            
  0.000000000000000E+000  0.000000000000000E+000  0.000000000000000E+000  0.000000000000000E+000  2.140585232712487E-007  0.000000000000000E+000  0.000000000000000E+000
  1.000000000000000E-001  4.297529582373180E-008  6.822900698372443E-004  1.333817675947860E-007  4.744254064983557E-002  3.291627819753518E-004  2.728683014777708E-011
  2.000000000000001E-001  3.679761597151271E-008  1.364570247192247E-003  9.780585408714143E-008  8.799240245154856E-002  5.524745788521799E-004  5.200375756702959E-011
  3.000000000000002E-001  3.272550601507999E-008  2.046845629648561E-003  7.736799144279326E-008  1.253695740888018E-001  7.426247692302521E-004  7.511340776025077E-011
  4.000000000000003E-001  2.957399727047243E-008  2.729117564729769E-003  6.409918096019847E-008  1.602785241242835E-001  9.211315070037171E-004  9.674194925420075E-011
  5.000000000000003E-001  2.699713351667978E-008  3.411387060614418E-003  5.482036752492015E-008  1.932102407206812E-001  1.097348989115216E-003  1.170836863282717E-010
  6.000000000000004E-001  2.483019824574131E-008  4.093654670462644E-003  4.797334261940602E-008  2.243701871068532E-001  1.275731303272477E-003  1.361946327131902E-010
  7.000000000000005E-001  2.297123197126981E-008  4.775920589025925E-003  4.269856406801621E-008  2.536616828967695E-001  1.460258802886330E-003  1.539573677921050E-010
  8.000000000000006E-001  2.135869432213618E-008  5.458185345546594E-003  3.852311346727447E-008  2.814173713417214E-001  1.652171060097089E-003  1.705692175842248E-010
  9.000000000000007E-001  1.994497131722366E-008  6.140449153264073E-003  3.513403915358293E-008  3.076848789157436E-001  1.852867565440142E-003  1.860330929217226E-010
  1.000000000000001E+000  1.869446606110967E-008  6.822712176748853E-003  3.232648860850792E-008  3.324934624078531E-001  2.063481633028668E-003  2.003562255952638E-010
  1.100000000000001E+000  1.757990146563216E-008  7.504974545025799E-003  2.996096087288515E-008  3.558587691936430E-001  2.284886363015484E-003  2.135516686979765E-010
  1.200000000000001E+000  1.657997902813549E-008  8.187236360681791E-003  2.793930121989637E-008  3.777862604297444E-001  2.517699542228643E-003  2.256395380418147E-010
  1.300000000000001E+000  1.567781259235120E-008  8.869497706314343E-003  2.619052664579357E-008  3.982738920427871E-001  2.762288945028414E-003  2.366473882110526E-010
  1.400000000000001E+000  1.485983722878032E-008  9.551758649191954E-003  2.466208980004345E-008  4.173143697763426E-001  3.018781902666656E-003  2.466094799562716E-010
  1.500000000000001E+000  1.411667764484580E-008  1.023401929809728E-002  2.331875753322619E-008  4.351278595483641E-001  3.285100554789128E-003  2.557212745546082E-010
  1.600000000000001E+000  1.343716933646894E-008  1.091627963623062E-002  2.212420923716262E-008  4.514544881275792E-001  3.563014147395270E-003  2.638446258474477E-010
  1.700000000000001E+000  1.281392144667058E-008  1.159853970641021E-002  2.105512600319904E-008  4.662971161356900E-001  3.852032365970706E-003  2.710345415085789E-010
  1.800000000000001E+000  1.224064825342576E-008  1.228079954177189E-002  2.009276286392258E-008  4.796452883620362E-001  4.151618982578961E-003  2.773329724472580E-010
  1.900000000000001E+000  1.171202814861262E-008  1.296305917043769E-002  1.922206211627124E-008  4.914913738497006E-001  4.461121956282340E-003  2.827773011343591E-010
  2.000000000000001E+000  1.122351070602823E-008  1.364531861641974E-002  1.843079105772067E-008  5.018319358282582E-001  4.779816432176314E-003  2.873997168693947E-010
  2.100000000000001E+000  1.077116939364101E-008  1.432757790033180E-002  1.770891396300960E-008  5.106689423591827E-001  5.106942569518613E-003  2.912274289460544E-010
  2.200000000000002E+000  1.035158824403205E-008  1.500983703995601E-002  1.704812492844459E-008  5.180107998990549E-001  5.441736996346068E-003  2.942835443340588E-010
  2.300000000000002E+000  9.961773995414929E-009  1.569209605069881E-002  1.644149143899108E-008  5.238731934418596E-001  5.783457218045069E-003  2.965884047471816E-010
  2.400000000000002E+000  9.599087417120199E-009  1.637435494596155E-002  1.588317509730516E-008  5.282797205384757E-001  6.131398903511881E-003  2.981611471498833E-010
  2.500000000000002E+000  9.261189078725962E-009  1.705661373744424E-002  1.536820853788722E-008  5.312623109065037E-001  6.484906570096786E-003  2.990212625824105E-010
  2.600000000000002E+000  8.945995946573857E-009  1.773887243539657E-002  1.489231657621322E-008  5.328614276656843E-001  6.843378679475854E-003  2.991899716070597E-010
  2.700000000000002E+000  8.651646052985223E-009  1.842113104882661E-002  1.445177492487095E-008  5.331260500348510E-001  7.206268455548065E-003  2.986912955931747E-010
  2.800000000000002E+000  8.376469180962487E-009  1.910338958567548E-002  1.404330172738692E-008  5.321134407193886E-001  7.573081802464716E-003  2.975527675090074E-010
  2.900000000000002E+000  8.118962088757053E-009  1.978564805296407E-002  1.366397696559563E-008  5.298887047596291E-001  7.943373557257797E-003  2.958057819499400E-010
  3.000000000000002E+000  7.877767275139320E-009  2.046790645691696E-002  1.331118404541033E-008  5.265241509924943E-001  8.316743032027119E-003  2.934856236452275E-010
  3.100000000000002E+000  7.651654650311660E-009  2.115016480306723E-002  1.298256765695788E-008  5.220984729497316E-001  8.692829480507945E-003  2.906312342616147E-010
  3.200000000000002E+000  7.439505722432743E-009  2.183242309634558E-002  1.267600264491814E-008  5.166957728813302E-001  9.071307841105384E-003  2.872847821625884E-010
  3.300000000000002E+000  7.240300040594808E-009  2.251468134115643E-002  1.238956983115421E-008  5.104044598948348E-001  9.451884903395687E-003  2.834910949854996E-010
  3.400000000000002E+000  7.053073061329919E-009  2.319693953503546E-002  1.212134706450517E-008  5.032092431395696E-001  9.834538951571202E-003  2.792402492876492E-010
  3.500000000000002E+000  6.877017890394374E-009  2.387919768841906E-002  1.187001762713247E-008  4.953311281829544E-001  1.021873906123409E-002  2.746481581726863E-010
  3.600000000000001E+000  6.711338975160212E-009  2.456145580444347E-002  1.163415358682092E-008  4.868632180406982E-001  1.060427447434927E-002  2.697631983991967E-010
  3.700000000000001E+000  6.555304034957545E-009  2.524371388593392E-002  1.141247003155583E-008  4.778977612899802E-001  1.099095426953732E-002  2.646334051970113E-010
  3.800000000000001E+000  6.408237537258132E-009  2.592597193544076E-002  1.120381020277430E-008  4.685250647646265E-001  1.137860557036492E-002  2.593059150046778E-010
  3.900000000000000E+000  6.269514812857103E-009  2.660822995527063E-002  1.100713176574809E-008  4.588325003058149E-001  1.176707184976786E-002  2.538264191330938E-010
  4.000000000000000E+000  6.138556716075044E-009  2.729048794751382E-002  1.082149422032801E-008  4.489036184863253E-001  1.215621139038054E-002  2.482386656997506E-010
  4.100000000000000E+000  6.014824812999401E-009  2.797274591406782E-002  1.064604746352529E-008  4.388173783764489E-001  1.254589591368829E-002  2.425840231100504E-010
  4.199999999999999E+000  5.897817120269635E-009  2.865500385665800E-002  1.048002151339314E-008  4.286474997285727E-001  1.293600937291533E-002  2.369011116398909E-010
  4.299999999999999E+000  5.787064422098601E-009  2.933726177685569E-002  1.032271738231270E-008  4.184619419939075E-001  1.332644689690044E-002  2.312255066764274E-010
  4.399999999999999E+000  5.682127175187336E-009  3.001951967609385E-002  1.017349905697598E-008  4.083225127423238E-001  1.371711386887074E-002  2.255895153119125E-010
  4.499999999999998E+000  5.582592982534901E-009  3.070177755568104E-002  1.003178651170349E-008  3.982846058985081E-001  1.410792512278069E-002  2.200220263774818E-010
  4.599999999999998E+000  5.488074588285312E-009  3.138403541681353E-002  9.897049658028485E-009  3.883970675807152E-001  1.449880423982296E-002  2.145484323473014E-010
  4.699999999999998E+000  5.398208323232121E-009  3.206629326058630E-002  9.768803119899623E-009  3.787021843354936E-001  1.488968292839992E-002  2.091906198076208E-010
  4.799999999999997E+000  5.312581236922573E-009  3.274855108403765E-002  9.646608960033036E-009  3.692897814970242E-001  1.528047054170667E-002  2.039978139529078E-010
  4.899999999999997E+000  5.230941525032328E-009  3.343080889227686E-002  9.530046487047993E-009  3.601345993805043E-001  1.567112763247953E-002  1.989532451883916E-010
  4.999999999999996E+000  5.152991767625905E-009  3.411306668612924E-002  9.418739623981241E-009  3.512587191295377E-001  1.606161198992470E-002  1.940681752440190E-010
  5.099999999999996E+000  5.078454826336587E-009  3.479532446635349E-002  9.312342376974454E-009  3.426789422462687E-001  1.645188664898533E-002  1.893509886580516E-010
  5.199999999999996E+000  5.007073207128144E-009  3.547758223364777E-002  9.210536157059483E-009  3.344072016854530E-001  1.684191972086205E-002  1.848074456291785E-010
  5.299999999999995E+000  4.938608427675833E-009  3.615983998865527E-002  9.113027389175431E-009  3.264510102361897E-001  1.723168415174715E-002  1.804409398410527E-010
  5.399999999999995E+000  4.872840356584116E-009  3.684209773196924E-002  9.019545365652829E-009  3.188139303855017E-001  1.762115744280874E-002  1.762527612229830E-010
  5.499999999999995E+000  4.809566502951318E-009  3.752435546413750E-002  8.929840308175974E-009  3.114960518264542E-001  1.801032134868228E-002  1.722423591606611E-010
  5.599999999999994E+000  4.748601245033369E-009  3.820661318566652E-002  8.843681610183439E-009  3.044944646750921E-001  1.839916156417746E-002  1.684076011481501E-010
  5.699999999999994E+000  4.689774995343936E-009  3.888887089702522E-002  8.760856237420189E-009  2.978037183987173E-001  1.878766740525152E-002  1.647450222408803E-010
  5.799999999999994E+000  4.632933306470299E-009  3.957112859864827E-002  8.681167268628259E-009  2.914162583959628E-001  1.917583148854045E-002  1.612500613930572E-010
  5.899999999999993E+000  4.577935927188454E-009  4.025338629093917E-002  8.604432561570525E-009  2.853228340458041E-001  1.956364941290214E-002  1.579172816126965E-010
  5.999999999999993E+000  4.524655822167956E-009  4.093564397427301E-002  8.530483532007555E-009  2.795128738016099E-001  1.995111944601215E-002  1.547405717299691E-010
  6.099999999999993E+000  4.472978170757643E-009  4.161790164899900E-002  8.459164035098527E-009  2.739748245039956E-001  2.033824221880550E-002  1.517133283880495E-010
  6.199999999999992E+000  4.422799361187092E-009  4.230015931544268E-002  8.390329340127046E-009  2.686964534933886E-001  2.072502043034778E-002  1.488286175959185E-010
  6.299999999999992E+000  4.374025996203977E-009  4.298241697390800E-002  8.323845190573322E-009  2.636651133041846E-001  2.111145856548235E-002  1.460793158118332E-010
  6.399999999999991E+000  4.326573924929569E-009  4.366467462467914E-002  8.259586942447059E-009  2.588679697131570E-001  2.149756262731741E-002  1.434582310475613E-010
  6.499999999999991E+000  4.280367313803126E-009  4.434693226802223E-002  8.197438774519249E-009  2.542921947007745E-001  2.188333988628351E-002  1.409582048973822E-010
  6.599999999999991E+000  4.235337767148094E-009  4.502918990418681E-002  8.137292964688854E-009  2.499251264777817E-001  2.226879864712238E-002  1.385721967077883E-010
  6.799999999999991E+000  4.148278147830236E-009  4.639370514917566E-002  8.022580357886856E-009  2.418983315257196E-001  2.303853123696259E-002  1.341857065571768E-010
  6.999999999999991E+000  4.065360860251346E-009  4.775822036848393E-002  7.914744739586932E-009  2.345069728921904E-001  2.380716576471151E-002  1.301448764904454E-010
  7.199999999999991E+000  3.986205716715726E-009  4.912273556358972E-002  7.813163731363538E-009  2.276829812466501E-001  2.457478443766859E-002  1.264127040546463E-010
  7.399999999999991E+000  3.910492151006854E-009  5.048725073581522E-002  7.717290130363284E-009  2.213635584025362E-001  2.534146582629749E-002  1.229549720849717E-010
  7.599999999999992E+000  3.837946728479409E-009  5.185176588634790E-002  7.626640974846737E-009  2.154919314314445E-001  2.610728466355751E-002  1.197407421203921E-010
  7.799999999999992E+000  3.768333253867700E-009  5.321628101625826E-002  7.540788347976437E-009  2.100175679881008E-001  2.687231131865212E-002  1.167424972857779E-010
  7.999999999999992E+000  3.701445107028901E-009  5.458079612651468E-002  7.459351641760894E-009  2.048960164875356E-001  2.763661131115948E-002  1.139360585462546E-010
  8.199999999999992E+000  3.637099401968399E-009  5.594531121799576E-002  7.381991045719781E-009  2.000885080949646E-001  2.840024499674736E-002  1.113003629542319E-010
  8.399999999999991E+000  3.575132582372587E-009  5.730982629150095E-002  7.308402060672190E-009  1.955614267319143E-001  2.916326744912742E-002  1.088171677613378E-010
  8.599999999999991E+000  3.515397113787000E-009  5.867434134775962E-002  7.238310868661011E-009  1.912857244751743E-001  2.992572851643354E-002  1.064707251118331E-010
  8.799999999999990E+000  3.457758991428761E-009  6.003885638743866E-002  7.171470416599870E-009  1.872363352309036E-001  3.068767301329966E-002  1.042474570948537E-010
  8.999999999999989E+000  3.402095842116651E-009  6.140337141114929E-002  7.107657094267814E-009  1.833916201001591E-001  3.144914100756272E-002  1.021356495771341E-010
  9.199999999999989E+000  3.348295452450468E-009  6.276788641945279E-002  7.046667907109039E-009  1.797328632262907E-001  3.221016816491514E-002  1.001251749312156E-010
  9.399999999999988E+000  3.296254600230852E-009  6.413240141286544E-002  6.988318061211340E-009  1.762438265082246E-001  3.297078612180045E-002  9.820724797434140E-011
  9.599999999999987E+000  3.245878101565844E-009  6.549691639186313E-002  6.932438892130175E-009  1.729103645914391E-001  3.373102286419150E-002  9.637421560901095E-011
  9.799999999999986E+000  3.197078012886286E-009  6.686143135688515E-002  6.878876081194148E-009  1.697200972190668E-001  3.449090309653716E-002  9.461937832132236E-011
  9.999999999999986E+000  3.149772946540160E-009  6.822594630833760E-002  6.827488112869788E-009  1.666621336278118E-001  3.525044859067046E-002  9.293684043057972E-011
  1.019999999999999E+001  3.103887472277324E-009  6.959046124659650E-002  6.778144934966437E-009  1.637268426146752E-001  3.600967850875250E-002  9.132138545455213E-011
  1.039999999999998E+001  3.059351586200694E-009  7.095497617201044E-002  6.730726790192845E-009  1.609056617154459E-001  3.676860969748225E-002  8.976837289786112E-011
  1.059999999999998E+001  3.016100234863113E-009  7.231949108490303E-002  6.685123193078413E-009  1.581909392775603E-001  3.752725695300397E-002  8.827365299390244E-011
  1.079999999999998E+001  2.974072886095739E-009  7.368400598557506E-002  6.641232030756673E-009  1.555758038321163E-001  3.828563325739288E-002  8.683349629860014E-011
  1.099999999999998E+001  2.933213140589551E-009  7.504852087430641E-002  6.598958769760337E-009  1.530540559071991E-001  3.904374998847693E-002  8.544453545760417E-011
  1.149999999999998E+001  2.835663335420130E-009  7.845980802423198E-002  6.499694638447567E-009  1.471736300682214E-001  4.093764066082965E-002  8.220387240466590E-011
  1.199999999999998E+001  2.744466116450622E-009  8.187109510569358E-002  6.408819158625676E-009  1.417234521100496E-001  4.283020542186479E-002  7.919963123142236E-011
  1.249999999999998E+001  2.658929122122473E-009  8.528238212160043E-002  6.325318126951348E-009  1.366738173415023E-001  4.472148602421862E-002  7.641591358255339E-011
  1.299999999999998E+001  2.578492686453861E-009  8.869366907442819E-002  6.248332913244181E-009  1.319860648866863E-001  4.661151032064187E-002  7.383154424368659E-011
  1.349999999999998E+001  2.502685887325900E-009  9.210495596629374E-002  6.177132670486161E-009  1.276224579959797E-001  4.850029708672225E-002  7.142578429594540E-011
  1.399999999999998E+001  2.431103214332832E-009  9.551624279901547E-002  6.111091711047481E-009  1.235491672754134E-001  5.038785753266868E-002  6.918003332642036E-011
  1.449999999999998E+001  2.363390619657857E-009  9.892752957416143E-002  6.049671324296215E-009  1.197367081661101E-001  5.227419631388267E-002  6.707807899978463E-011
  1.499999999999998E+001  2.299236137473824E-009  1.023388162930887E-001  5.992405178738879E-009  1.161595578987451E-001  5.415931254841407E-002  6.510588549044974E-011
  1.549999999999998E+001  2.238362990993862E-009  1.057501029569760E-001  5.938887553940676E-009  1.127955882594441E-001  5.604320082952476E-002  6.325128033206858E-011
  1.599999999999998E+001  2.180524239653348E-009  1.091613895668498E-001  5.888763795680206E-009  1.096255243636082E-001  5.792585216104455E-002  6.150365658630890E-011
  1.649999999999998E+001  2.125498488610180E-009  1.125726761236070E-001  5.841722522557992E-009  1.066324835631194E-001  5.980725477338834E-002  5.985371975384514E-011
  1.699999999999998E+001  2.073086385354638E-009  1.159839626280327E-001  5.797489220429525E-009  1.038015967189490E-001  6.168739480922566E-002  5.829328023637581E-011
  1.749999999999998E+001  2.023107724051800E-009  1.193952490808162E-001  5.755820944097416E-009  1.011196999157841E-001  6.356625688581818E-002  5.681508454720477E-011
  1.799999999999998E+001  1.975399030065553E-009  1.228065354825637E-001  5.716501908629478E-009  9.857508304895538E-002  6.544382454882526E-002  5.541267770075872E-011
  1.849999999999998E+001  1.929811529228487E-009  1.262178218338093E-001  5.679339800314166E-009  9.615728356148175E-002  6.732008063434559E-002  5.408029030387133E-011
  1.899999999999998E+001  1.886209428451507E-009  1.296291081350244E-001  5.644162673507351E-009  9.385691598910807E-002  6.919500755515016E-002  5.281274521566119E-011
  1.949999999999998E+001  1.844468450323410E-009  1.330403943866258E-001  5.610816327384137E-009  9.166553005220997E-002  7.106858752515471E-002  5.160537980035821E-011
  1.999999999999998E+001  1.804474576437485E-009  1.364516805889819E-001  5.579162078031622E-009  8.957549167416287E-002  7.294080273401263E-002  5.045398070250474E-011
  2.049999999999998E+001  1.766122963439365E-009  1.398629667424194E-001  5.549074857973980E-009  8.757988255765807E-002  7.481163548165350E-002  4.935472876092280E-011
  2.099999999999998E+001  1.729317002953978E-009  1.432742528472277E-001  5.520441588263335E-009  8.567241489894231E-002  7.668106828078691E-002  4.830415219654228E-011
  2.149999999999998E+001  1.693967502134813E-009  1.466855389036634E-001  5.493159778552434E-009  8.384735854084019E-002  7.854908393386861E-002  4.729908660255543E-011
  2.199999999999998E+001  1.659991965961325E-009  1.500968249119543E-001  5.467136318723708E-009  8.209947841714225E-002  8.041566558976661E-002  4.633664056602356E-011
  2.249999999999998E+001  1.627313965870073E-009  1.535081108723022E-001  5.442286432162174E-009  8.042398056665573E-002  8.228079678433940E-002  4.541416598188349E-011
  2.299999999999998E+001  1.595862582052299E-009  1.569193967848863E-001  5.418532765988408E-009  7.881646532642358E-002  8.414446146830695E-002  4.452923230060279E-011
  2.349999999999998E+001  1.565571908944935E-009  1.603306826498654E-001  5.395804597788363E-009  7.727288657336187E-002  8.600664402512578E-002  4.367960409212740E-011
  2.399999999999998E+001  1.536380615204684E-009  1.637419684673800E-001  5.374037141801348E-009  7.578951608880916E-002  8.786732928103938E-002  4.286322142051420E-011
  2.449999999999998E+001  1.508231550879237E-009  1.671532542375543E-001  5.353170940319356E-009  7.436291228382312E-002  8.972650250904329E-002  4.207818261260513E-011
  2.499999999999998E+001  1.481071395647098E-009  1.705645399604981E-001  5.333151328337940E-009  7.298989265393555E-002  9.158414942815636E-002  4.132272907541421E-011
  2.549999999999998E+001  1.454850342943555E-009  1.739758256363081E-001  5.313927961380419E-009  7.166750943761130E-002  9.344025619910810E-002  4.059523187443476E-011
  2.599999999999998E+001  1.429521815567734E-009  1.773871112650690E-001  5.295454397971773E-009  7.039302803827499E-002  9.529480941733151E-002  3.989417983177973E-011
  2.649999999999998E+001  1.405042209008171E-009  1.807983968468550E-001  5.277687729528387E-009  6.916390783963067E-002  9.714779610396612E-002  3.921816894120176E-011
  2.699999999999998E+001  1.381370659258024E-009  1.842096823817308E-001  5.260588251503786E-009  6.797778510132001E-002  9.899920369543407E-002  3.856589292834671E-011
  2.799999999999998E+001  1.336295076965678E-009  1.910322532641163E-001  5.228235849386392E-009  6.572984716698167E-002  1.026956800595230E-001  3.732988795131966E-011
  2.899999999999998E+001  1.294025158122197E-009  1.978548239594852E-001  5.198145459086274E-009  6.362525074281639E-002  1.063857138637904E-001  3.617297975466879E-011
  2.999999999999998E+001  1.254310404046623E-009  2.046773944680802E-001  5.170088363365505E-009  6.165385397538563E-002  1.100692088468213E-001  3.508960076161980E-011
  3.099999999999998E+001  1.216930700067606E-009  2.114999647900578E-001  5.143865565283805E-009  5.980380680210017E-002  1.137460778060371E-001  3.407319473948893E-011
  3.199999999999998E+001  1.181690238058391E-009  2.183225349255031E-001  5.119303167488756E-009  5.806434769766090E-002  1.174162410029141E-001  3.311780807629416E-011
  3.299999999999999E+001  1.148414125252121E-009  2.251451048744428E-001  5.096248547162773E-009  5.642591938801320E-002  1.210796249055238E-001  3.221815551240183E-011
  3.399999999999999E+001  1.116945685941939E-009  2.319676746368539E-001  5.074567204671132E-009  5.488002868801174E-002  1.247361613098084E-001  3.136954167332561E-011
  3.499999999999999E+001  1.087144181605352E-009  2.387902442126719E-001  5.054140155012954E-009  5.341910467654725E-002  1.283857867028219E-001  3.056778196859130E-011
  3.599999999999999E+001  1.058882863441358E-009  2.456128136017974E-001  5.034861756539093E-009  5.203637701447901E-002  1.320284417791069E-001  2.980913491971640E-011
  3.699999999999999E+001  1.032047301051384E-009  2.524353828041008E-001  5.016637893893197E-009  5.072577290770126E-002  1.356640710583670E-001  2.909024496576274E-011
  3.799999999999999E+001  1.006533942696999E-009  2.592579518194277E-001  4.999384449628431E-009  4.948182961363876E-002  1.392926225735684E-001  2.840809395679528E-011
  3.899999999999999E+001  9.822488707227190E-010  2.660805206476013E-001  4.983026012438795E-009  4.829961982165418E-002  1.429140476103339E-001  2.775995981868301E-011
  3.999999999999999E+001  9.591067221474408E-010  2.729030892884263E-001  4.967494780392831E-009  4.717468774012793E-002  1.465283004852022E-001  2.714338116880951E-011
  4.099999999999999E+001  9.370297495818717E-010  2.797256577416917E-001  4.952729625707726E-009  4.610299413234581E-002  1.501353383543043E-001  2.655612689836216E-011
  4.199999999999999E+001  9.159470018016832E-010  2.865482260071721E-001  4.938675294000449E-009  4.508086886785088E-002  1.537351210464478E-001  2.599616992154341E-011
  4.299999999999999E+001  8.957936067032013E-010  2.933707940846305E-001  4.925281716008162E-009  4.410496981397839E-002  1.573276109161719E-001  2.546166443762604E-011
  4.399999999999999E+001  8.765101421487897E-010  3.001933619738194E-001  4.912503413788395E-009  4.317224709879042E-002  1.609127727133805E-001  2.495092616759057E-011
  4.499999999999999E+001  8.580420824955371E-010  3.070159296744825E-001  4.900298986621242E-009  4.227991194288560E-002  1.644905734668914E-001  2.446241511997063E-011
  4.599999999999999E+001  8.403393104896309E-010  3.138384971863556E-001  4.888630664417520E-009  4.142540939218789E-002  1.680609823797671E-001  2.399472051554999E-011
  4.699999999999999E+001  8.233556857756205E-010  3.206610645091680E-001  4.877463918521914E-009  4.060639439342625E-002  1.716239707346844E-001  2.354654756152004E-011
  4.799999999999999E+001  8.070486625746377E-010  3.274836316426432E-001  4.866767121493270E-009  3.982071074370196E-002  1.751795118079019E-001  2.311670581552422E-011
  4.899999999999999E+001  7.913789501764045E-010  3.343061985864996E-001  4.856511248824966E-009  3.906637251927262E-002  1.787275807906237E-001  2.270409892093615E-011
  4.999999999999999E+001  7.763102108048443E-010  3.411287653404516E-001  4.846669616699600E-009  3.834154764957230E-002  1.822681547167460E-001  2.230771552848587E-011
  5.099999999999999E+001  7.618087901872338E-010  3.479513319042098E-001  4.837217650803315E-009  3.764454335298455E-002  1.858012123961296E-001  2.192662124733947E-011
  5.199999999999999E+001  7.478434768070608E-010  3.547738982774823E-001  4.828132681993974E-009  3.697379319293237E-002  1.893267343526694E-001  2.155995149203349E-011
  5.399999999999999E+001  7.214112936212906E-010  3.684190302604579E-001  4.810979222356549E-009  3.570664021341489E-002  1.963476701652254E-001  2.086737532789317E-011
  5.599999999999999E+001  6.968008339881957E-010  3.820641614775088E-001  4.795062213681007E-009  3.452756855475066E-002  2.033383643084483E-001  2.022314034680072E-011
  5.799999999999999E+001  6.738308699202365E-010  3.957092919262392E-001  4.780252739859493E-009  3.342831883962072E-002  2.102987030539570E-001  1.962271792443831E-011
  5.999999999999999E+001  6.523434023255914E-010  4.093544216042380E-001  4.766439195371156E-009  3.240107639241076E-002  2.172285991319288E-001  1.906179469889680E-011
  6.199999999999999E+001  6.321999644079083E-010  4.229995505090909E-001  4.753524477411204E-009  3.143899331911336E-002  2.241279903573237E-001  1.853659027534517E-011
  6.399999999999999E+001  6.132787106720013E-010  4.366446786383879E-001  4.741423704701304E-009  3.053605928179737E-002  2.309968373612973E-001  1.804378788225241E-011
  6.599999999999999E+001  5.954720111802630E-010  4.502898059897300E-001  4.730062353566801E-009  2.968697810349258E-002  2.378351215656410E-001  1.758046614439592E-011
  6.799999999999999E+001  5.786844493642310E-010  4.639349325607334E-001  4.719374724974575E-009  2.888706508265174E-002  2.446428434995569E-001  1.714404208915782E-011
  6.999999999999999E+001  5.628311469533081E-010  4.775800583490332E-001  4.709302675967285E-009  2.813216148098800E-002  2.514200213820145E-001  1.673222369463143E-011
  7.199999999999999E+001  5.478363556848847E-010  4.912251833522877E-001  4.699794563793132E-009  2.741856294430479E-002  2.581666898915762E-001  1.634297020455271E-011
  7.399999999999999E+001  5.336322677829913E-010  5.048703075681806E-001  4.690804362265572E-009  2.674295928165550E-002  2.648828990687583E-001  1.597445876725148E-011
  7.599999999999999E+001  5.201580067661645E-010  5.185154309944235E-001  4.682290918450290E-009  2.610238355657085E-002  2.715687133152788E-001  1.562505625001131E-011
  7.799999999999999E+001  5.073587676349184E-010  5.321605536287581E-001  4.674217324354556E-009  2.549416885450232E-002  2.782242104673506E-001  1.529329531323356E-011
  7.999999999999999E+001  4.951850813847320E-010  5.458056754689581E-001  4.666550383384812E-009  2.491591141082904E-002  2.848494809282580E-001  1.497785401035822E-011
  8.199999999999999E+001  4.835921834581882E-010  5.594507965128299E-001  4.659260155306565E-009  2.436543903516412E-002  2.914446268504899E-001  1.467753832127696E-011
  8.399999999999999E+001  4.725394694660585E-010  5.730959167582151E-001  4.652319566554354E-009  2.384078396631395E-002  2.980097613608802E-001  1.439126713842433E-011
  8.599999999999999E+001  4.619900244814995E-010  5.867410362029905E-001  4.645704075198659E-009  2.334015945012011E-002  3.045450078242323E-001  1.411805931296777E-011
  8.799999999999999E+001  4.519102146043513E-010  6.003861548450690E-001  4.639391381830244E-009  2.286193945863121E-002  3.110504991422068E-001  1.385702243884829E-011
  8.999999999999999E+001  4.422693314269187E-010  6.140312726824012E-001  4.633361179183768E-009  2.240464107051209E-002  3.175263770850987E-001  1.360734310883482E-011
  9.499999999999999E+001  4.199211041308138E-010  6.481440622293243E-001  4.619404657410981E-009  2.134624795877912E-002  3.335343767974182E-001  1.302885478054326E-011
  9.999999999999999E+001  3.997647293049059E-010  6.822568466996178E-001  4.606852380019667E-009  2.039158641349033E-002  3.493628634646864E-001  1.250665169588255E-011
  1.050000000000000E+002  3.814922491169498E-010  7.163696260645712E-001  4.595502636349168E-009  1.952617004102238E-002  3.650143802998124E-001  1.203279009006834E-011
  1.100000000000000E+002  3.648507675642441E-010  7.504824002970510E-001  4.585190548163847E-009  1.873790225497763E-002  3.804917620284863E-001  1.160063500926214E-011
  1.150000000000000E+002  3.496306808224135E-010  7.845951693714417E-001  4.575780034499512E-009  1.801677744360330E-002  3.957980475857840E-001  1.120471656528639E-011
  1.200000000000000E+002  3.356568081673088E-010  8.187079332635819E-001  4.567157790806173E-009  1.735444977448307E-002  4.109364177468877E-001  1.084048552303953E-011
  1.250000000000000E+002  3.227816130020889E-010  8.528206919507078E-001  4.559228717546466E-009  1.674390318335712E-002  4.259101502028279E-001  1.050412707877355E-011
  1.300000000000000E+002  3.108799625063629E-010  8.869334454113922E-001  4.551912407035369E-009  1.617919703073206E-002  4.407225853330884E-001  1.019241846803959E-011
  1.350000000000000E+002  2.998450341906760E-010  9.210461936254876E-001  4.545140413408006E-009  1.565526792738546E-002  4.553770990149118E-001  9.902618629568160E-012
  1.400000000000000E+002  2.895850872992966E-010  9.551589365740647E-001  4.538854109379041E-009  1.516777376736580E-002  4.698770805038524E-001  9.632381683790223E-012
  1.450000000000000E+002  2.800208934235647E-010  9.892716742393538E-001  4.533002987754030E-009  1.471296984403154E-002  4.842259142353626E-001  9.379688385871436E-012
  1.500000000000000E+002  2.710836746418395E-010  1.023384406604684E+000  4.527543303628473E-009  1.428760961084290E-002  4.984269647989357E-001  9.142791326089883E-012
  1.550000000000000E+002  2.627134360686635E-010  1.057497133654424E+000  4.522436980135790E-009  1.388886455675740E-002  5.124835645492737E-001  8.920170762721839E-012
  1.600000000000000E+002  2.548576075881133E-010  1.091609855373926E+000  4.517650719940030E-009  1.351425903987677E-002  5.263990034428798E-001  8.710498758941373E-012
  1.610000000000000E+002  2.533430248467202E-010  1.098432399503938E+000  4.516728970379887E-009  1.344186965738568E-002  5.291764479236436E-001  8.669970303692639E-012
  1.620000000000000E+002  2.518468400284053E-010  1.105254943419965E+000  4.515818636379397E-009  1.337038068006232E-002  5.319482794085312E-001  8.629924610521915E-012
  1.640000000000000E+002  2.489088004274894E-010  1.118900030395886E+000  4.514031502067116E-009  1.323000602311278E-002  5.374697598501558E-001  8.551186867469957E-012
  1.660000000000000E+002  2.460404010988601E-010  1.132545116514928E+000  4.512287549486806E-009  1.309289346621534E-002  5.429692915200461E-001  8.474185185236896E-012
  1.680000000000000E+002  2.432391782701485E-010  1.146190201776335E+000  4.510585227670690E-009  1.295893618528225E-002  5.484470982679215E-001  8.398867469802598E-012
  1.700000000000000E+002  2.405027837932133E-010  1.159835286179359E+000  4.508923059101908E-009  1.282802418623500E-002  5.539033969410233E-001  8.325177600302772E-012
  1.750000000000000E+002  2.339339033761004E-010  1.193947991819548E+000  4.504935062213704E-009  1.251382535151210E-002  5.674130286373761E-001  8.147837723572206E-012
  1.800000000000000E+002  2.277237587534537E-010  1.228060692080500E+000  4.501168962623116E-009  1.221643522867337E-002  5.807943924642577E-001  7.979562932476201E-012
  1.850000000000000E+002  2.218435723258516E-010  1.262173386951316E+000  4.497606685043284E-009  1.193452367157202E-002  5.940503534774708E-001  7.819630529048189E-012
  1.900000000000000E+002  2.162675664680324E-010  1.296286076421942E+000  4.494232063675742E-009  1.166688150929214E-002  6.071837590367397E-001  7.667386982744626E-012
  1.950000000000000E+002  2.109725835387244E-010  1.330398760483043E+000  4.491030597281873E-009  1.141242382998090E-002  6.201974109130730E-001  7.522250363061581E-012
  2.000000000000000E+002  2.059377618886161E-010  1.364511439125923E+000  4.487989240720327E-009  1.117017421833733E-002  6.330940509295880E-001  7.383699315871999E-012
  2.050000000000000E+002  2.011442584247238E-010  1.398624112342463E+000  4.485096226912987E-009  1.093925136572528E-002  6.458763540455225E-001  7.251264516312729E-012
  2.100000000000000E+002  1.965750102899031E-010  1.432736780125079E+000  4.482340914242391E-009  1.071885767566684E-002  6.585469251372590E-001  7.124521907861145E-012
  2.150000000000000E+002  1.922145294534990E-010  1.466849442466674E+000  4.479713655267668E-009  1.050826949709441E-002  6.711082976935387E-001  7.003087148666271E-012
  2.200000000000000E+002  1.880487250662635E-010  1.500962099360618E+000  4.477205683375519E-009  1.030682870647395E-002  6.835629335854392E-001  6.886610936359732E-012
  2.250000000000000E+002  1.840647493144103E-010  1.535074750800701E+000  4.474809014577335E-009  1.011393542042896E-002  6.959132234919639E-001  6.774775015197847E-012
  2.300000000000000E+002  1.802508632325756E-010  1.569187396781112E+000  4.472516362145884E-009  9.929041663098258E-003  7.081614877539739E-001  6.667288735273993E-012
  2.350000000000000E+002  1.765963195285690E-010  1.603300037296414E+000  4.470321062176858E-009  9.751645844312059E-003  7.203099775221001E-001  6.563886069151352E-012
  2.400000000000000E+002  1.730912599581209E-010  1.637412672341512E+000  4.468217008479518E-009  9.581287929492191E-003  7.323608761126085E-001  6.464323012937313E-012
  2.450000000000000E+002  1.697266251858232E-010  1.671525301911635E+000  4.466198595461294E-009  9.417545202003136E-003  7.443163005122508E-001  6.368375313464712E-012
  2.500000000000000E+002  1.664940753958834E-010  1.705637926002313E+000  4.464260667885128E-009  9.260028534744122E-003  7.561783029894684E-001  6.275836473919019E-012
  2.550000000000000E+002  1.633859201866151E-010  1.739750544609357E+000  4.462398476554268E-009  9.108379100915137E-003  7.679488727798165E-001  6.186515998425425E-012
  2.600000000000000E+002  1.603950565065663E-010  1.773863157728840E+000  4.460607639125039E-009  8.962265464717671E-003  7.796299378207148E-001  6.100237842571862E-012
  2.650000000000000E+002  1.575149135764425E-010  1.807975765357080E+000  4.458884105368825E-009  8.821381001720563E-003  7.912233665158034E-001  6.016839042056406E-012
  2.700000000000000E+002  1.547394038964377E-010  1.842088367490621E+000  4.457224126305236E-009  8.685441606085963E-003  8.027309695131115E-001  5.936168495910170E-012
  2.800000000000000E+002  1.494827479351444E-010  1.910313549783989E+000  4.454082115752322E-009  8.427795268242819E-003  8.254157854506403E-001  5.782613501887591E-012
  2.900000000000000E+002  1.445813817459471E-010  1.978538710075609E+000  4.451155535098544E-009  8.186937560414291E-003  8.477823864152058E-001  5.638435015461006E-012
  3.000000000000000E+002  1.400001857069529E-010  2.046763848342887E+000  4.448422817430043E-009  7.961233813960054E-003  8.698427040610239E-001  5.502725541840953E-012
  3.100000000000000E+002  1.357085307345400E-010  2.114988964566616E+000  4.445865185457232E-009  7.749255191039130E-003  8.916081378446936E-001  5.374707281825052E-012
  3.150000000000000E+002  1.336618196316489E-010  2.149101517158322E+000  4.444646468615620E-009  7.647857964660835E-003  9.024185790387949E-001  5.313321241451795E-012
  3.200000000000000E+002  1.316777753438318E-010  2.183214064229040E+000  4.443465561803263E-009  7.549445905554420E-003  9.131582431046342E-001  5.253597133960633E-012
  3.250000000000000E+002  1.297535351774230E-010  2.217326605777558E+000  4.442320717819334E-009  7.453883005167892E-003  9.238285083146607E-001  5.195470461833137E-012
  3.300000000000000E+002  1.278864096909752E-010  2.251439141802517E+000  4.441210296040783E-009  7.361044104678415E-003  9.344306730489331E-001  5.138878487463274E-012
  3.350000000000000E+002  1.260738693523896E-010  2.285551672302527E+000  4.440132754266347E-009  7.270811056817690E-003  9.449659785001925E-001  5.083759713803516E-012
  3.400000000000000E+002  1.243135326127135E-010  2.319664197276229E+000  4.439086641377830E-009  7.183072397961318E-003  9.554356198908329E-001  5.030055037866682E-012
  3.500000000000000E+002  1.209420115368984E-010  2.387889225130056E+000  4.437083823001665E-009  7.014904637122486E-003  9.761206736960454E-001  4.926758479077618E-012
  3.550000000000000E+002  1.193252719029419E-010  2.422001733525651E+000  4.436124078587588E-009  6.934036243940346E-003  9.864007087265737E-001  4.876984987031068E-012
  3.600000000000000E+002  1.177524917657291E-010  2.456114236389387E+000  4.435190746295380E-009  6.855276280940689E-003  9.966193886388933E-001  4.828409211268145E-012
  3.650000000000000E+002  1.162218846582460E-010  2.490226733720487E+000  4.434282741043823E-009  6.778539292700012E-003  1.006777777334640E+000  4.780988725676150E-012
  3.700000000000000E+002  1.147317603821533E-010  2.524339225518087E+000  4.433399036697538E-009  6.703746174400334E-003  1.016876887977865E+000  4.734682633654946E-012
  3.800000000000000E+002  1.118677350638464E-010  2.592564186991781E+000  4.431701100534338E-009  6.559889044122563E-003  1.036845094664739E+000  4.645332644560452E-012
  3.900000000000000E+002  1.091473432376979E-010  2.660789126333737E+000  4.430089294532989E-009  6.422934330577262E-003  1.056590110621585E+000  4.559991667382516E-012
  3.950000000000000E+002  1.078371579867423E-010  2.694901590465589E+000  4.429313468977442E-009  6.356800182269557E-003  1.066407725017000E+000  4.518703313043944E-012
  4.000000000000000E+002  1.065590093930166E-010  2.729014049058302E+000  4.428556824580169E-009  6.292212392594509E-003  1.076171376461160E+000  4.478305050720798E-012
  4.050000000000000E+002  1.053117246690305E-010  2.763126502111542E+000  4.427818652050709E-009  6.229114846469245E-003  1.085881927190452E+000  4.438770053963831E-012
  4.100000000000000E+002  1.040941881380425E-010  2.797238949624845E+000  4.427098276873991E-009  6.167455191983760E-003  1.095540195659611E+000  4.400071472405876E-012
  4.200000000000000E+002  1.017449750187018E-010  2.865463822504513E+000  4.425708684043332E-009  6.048400779889995E-003  1.114653327338772E+000  4.325139401321732E-012
  4.300000000000000E+002  9.950254431003496E-011  2.933688673230126E+000  4.424382920243316E-009  5.934512597634140E-003  1.133568592625868E+000  4.253250679927639E-012
  4.400000000000000E+002  9.735971197267036E-011  3.001913501796685E+000  4.423116648227612E-009  5.825450884744697E-003  1.152291440866599E+000  4.184206870781902E-012
  4.500000000000000E+002  9.530992621724458E-011  3.070138308200167E+000  4.421905916183880E-009  5.720905196942289E-003  1.170827116331722E+000  4.117831329263422E-012
  4.600000000000000E+002  9.334719974635540E-011  3.138363092437156E+000  4.420747115932867E-009  5.620591755876643E-003  1.189180635099600E+000  4.053963662684472E-012
  4.700000000000000E+002  9.146605024517046E-011  3.206587854504700E+000  4.419636946356791E-009  5.524250473057630E-003  1.207356788381527E+000  3.992456887013731E-012
  4.800000000000000E+002  8.966144817081331E-011  3.274812594400240E+000  4.418572381376640E-009  5.431642465383539E-003  1.225360152696927E+000  3.933175747342091E-012
  4.900000000000000E+002  8.792877086946983E-011  3.343037312121564E+000  4.417550641848798E-009  5.342547905621435E-003  1.243195101612900E+000  3.875995458412183E-012
  5.000000000000000E+002  8.626376215899409E-011  3.411262007666777E+000  4.416569170837589E-009  5.256764138514313E-003  1.260865817519923E+000  3.820800657216900E-012
  5.100000000000000E+002  8.466249663702249E-011  3.479486681034276E+000  4.415625611801444E-009  5.174104020003264E-003  1.278376302950673E+000  3.767484498243697E-012
  5.200000000000000E+002  8.312134808404542E-011  3.547711332222721E+000  4.414717789300666E-009  5.094394447700466E-003  1.295730391275860E+000  3.715947859673096E-012
  5.300000000000000E+002  8.163696142420657E-011  3.615935961231022E+000  4.413843691893367E-009  5.017475056748205E-003  1.312931756731285E+000  3.666098641355360E-012
  5.400000000000000E+002  8.020622778524323E-011  3.684160568058322E+000  4.413001456935466E-009  4.943197059430285E-003  1.329983923780063E+000  3.617851140814345E-012
  5.500000000000000E+002  7.882626226512427E-011  3.752385152703980E+000  4.412189357042033E-009  4.871422210201414E-003  1.346890275835835E+000  3.571125496531815E-012
  5.600000000000000E+002  7.749438406864073E-011  3.820609715167561E+000  4.411405788001903E-009  4.802021880482413E-003  1.363654063382195E+000  3.525847189740060E-012
  5.700000000000000E+002  7.620809872420741E-011  3.888834255448829E+000  4.410649257966682E-009  4.734876229792685E-003  1.380278411527064E+000  3.481946597390745E-012
  5.800000000000000E+002  7.496508213090653E-011  3.957058773547726E+000  4.409918377760066E-009  4.669873461654097E-003  1.396766327031171E+000  3.439358590084170E-012
  5.900000000000000E+002  7.376316621955070E-011  4.025283269464371E+000  4.409211852174286E-009  4.606909154271691E-003  1.413120704848820E+000  3.398022169640220E-012
  6.000000000000000E+002  7.260032604025315E-011  4.093507743199051E+000  4.408528472138225E-009  4.545885657328511E-003  1.429344334217197E+000  3.357880141729464E-012
  6.100000000000000E+002  7.147466811348985E-011  4.161732194752218E+000  4.407867107657025E-009  4.486711547365552E-003  1.445439904328374E+000  3.318878819597836E-012
  6.200000000000000E+002  7.038441990259346E-011  4.229956624124462E+000  4.407226701435890E-009  4.429301135186096E-003  1.461410009615797E+000  3.280967755436416E-012
  6.300000000000000E+002  6.932792028359111E-011  4.298181031316534E+000  4.406606263111889E-009  4.373574019553350E-003  1.477257154684764E+000  3.244099496387638E-012
  6.400000000000000E+002  6.830361090375501E-011  4.366405416329316E+000  4.406004864027151E-009  4.319454682163252E-003  1.492983758914140E+000  3.208229362554751E-012
  6.500000000000000E+002  6.731002833355556E-011  4.434629779163830E+000  4.405421632485073E-009  4.266872119488542E-003  1.508592160754456E+000  3.173315244703588E-012
  6.600000000000000E+002  6.634579692822000E-011  4.502854119821223E+000  4.404855749438123E-009  4.215759507620958E-003  1.524084621745508E+000  3.139317419623043E-012
  6.700000000000000E+002  6.540962232506964E-011  4.571078438302771E+000  4.404306444562172E-009  4.166053896697891E-003  1.539463330274753E+000  3.106198381350579E-012
  6.800000000000000E+002  6.450028551146428E-011  4.639302734609865E+000  4.403772992677445E-009  4.117695931898868E-003  1.554730405096041E+000  3.073922686676922E-012
  6.900000000000000E+002  6.361663740571118E-011  4.707527008744019E+000  4.403254710480858E-009  4.070629598344250E-003  1.569887898626650E+000  3.042456813524900E-012
  7.000000000000000E+002  6.275759389986283E-011  4.775751260706848E+000  4.402750953558600E-009  4.024801987531287E-003  1.584937800039132E+000  3.011769030955049E-012
  7.100000000000000E+002  6.192213131906007E-011  4.843975490500085E+000  4.402261113651257E-009  3.980163083207062E-003  1.599882038163118E+000  2.981829279688262E-012
  7.200000000000000E+002  6.110928225710005E-011  4.912199698125560E+000  4.401784616146885E-009  3.936665564809505E-003  1.614722484211022E+000  2.952609062156456E-012
  7.400000000000000E+002  5.954841327399366E-011  5.048648024779356E+000  4.400869726190949E-009  3.853052257931801E-003  1.644001053325395E+000  2.896293086574121E-012
  7.600000000000000E+002  5.806755229186393E-011  5.185096262843566E+000  4.400002016533672E-009  3.773482526908203E-003  1.672890336820729E+000  2.842548089362882E-012
  7.700000000000000E+002  5.735494327779918E-011  5.253320359714725E+000  4.399584618607830E-009  3.735060198757030E-003  1.687239492948716E+000  2.816550511963193E-012
  7.800000000000000E+002  5.666013286962244E-011  5.321544434429200E+000  4.399177706272153E-009  3.697542563765329E-003  1.701494864948685E+000  2.791125469357558E-012
  7.900000000000000E+002  5.598245557299145E-011  5.389768486990121E+000  4.398780885224038E-009  3.660896954242372E-003  1.715658031902384E+000  2.766255231518783E-012
  8.000000000000000E+002  5.532127890719088E-011  5.457992517400358E+000  4.398393780809222E-009  3.625092279491593E-003  1.729730508967430E+000  2.741921441580615E-012
  8.200000000000000E+002  5.404649054851551E-011  5.594440489691037E+000  4.397647476175655E-009  3.555990727647134E-003  1.757523106973801E+000  2.694848135736502E-012
  8.400000000000000E+002  5.283079740562277E-011  5.730888373466490E+000  4.396935955963382E-009  3.489905008490456E-003  1.784973900740447E+000  2.649715372652940E-012
  8.600000000000000E+002  5.167014464164118E-011  5.867336168746429E+000  4.396256820262802E-009  3.426634409497987E-003  1.812093162867454E+000  2.606395975600906E-012
  8.800000000000000E+002  5.056084143224486E-011  6.003783875552664E+000  4.395607885839134E-009  3.365996063915864E-003  1.838890735143297E+000  2.564775976514103E-012
  9.000000000000000E+002  4.949952104706742E-011  6.140231493908425E+000  4.394987162207539E-009  3.307822909141693E-003  1.865376022887403E+000  2.524751423519360E-012
  9.200000000000000E+002  4.848310600005952E-011  6.276679023838082E+000  4.394392830786558E-009  3.251961958167932E-003  1.891558012237086E+000  2.486227015043109E-012
  9.400000000000000E+002  4.750877758675925E-011  6.413126465366987E+000  4.393823226695728E-009  3.198272823408804E-003  1.917445292080078E+000  2.449115133103012E-012
  9.600000000000000E+002  4.657394918887284E-011  6.549573818521353E+000  4.393276822818189E-009  3.146626430298539E-003  1.943046076654493E+000  2.413335044624714E-012
  9.800000000000000E+002  4.567624281739497E-011  6.686021083328170E+000  4.392752215807468E-009  3.096903888717523E-003  1.968368227483317E+000  2.378812215594984E-012
  1.000000000000000E+003  4.481346844645686E-011  6.822468259815135E+000  4.392248113767706E-009  3.048995498733077E-003  1.993419274138373E+000  2.345477712735597E-012
  1.020000000000000E+003  4.398360575860709E-011  6.958915348010585E+000  4.391763325378538E-009  3.002799871750854E-003  2.018206433669624E+000  2.313267676863897E-012
  1.040000000000000E+003  4.318478797964125E-011  7.095362347943441E+000  4.391296750270714E-009  2.958223151431220E-003  2.042736628686333E+000  2.282122856653580E-012
  1.060000000000000E+003  4.241528752911187E-011  7.231809259643157E+000  4.390847370487779E-009  2.915178321229824E-003  2.067016504143053E+000  2.251988194129941E-012
  1.080000000000000E+003  4.167350325284684E-011  7.368256083139674E+000  4.390414242893296E-009  2.873584587425007E-003  2.091052442910879E+000  2.222812454933831E-012
  1.100000000000000E+003  4.095794903752397E-011  7.504702818463375E+000  4.389996492403640E-009  2.833366828133929E-003  2.114850580223252E+000  2.194547897594638E-012
  1.120000000000000E+003  4.026724363571228E-011  7.641149465645046E+000  4.389593305943359E-009  2.794455100178913E-003  2.138416817085734E+000  2.167149976964811E-012
  1.140000000000000E+003  3.960010155371557E-011  7.777596024715837E+000  4.389203927034574E-009  2.756784196803413E-003  2.161756832735030E+000  2.140577077688665E-012
  1.160000000000000E+003  3.895532487479476E-011  7.914042495707222E+000  4.388827650944134E-009  2.720293250195452E-003  2.184876096226751E+000  2.114790274163274E-012
  1.180000000000000E+003  3.833179590751891E-011  8.050488878650969E+000  4.388463820322438E-009  2.684925373587740E-003  2.207779877224964E+000  2.089753113933241E-012
  1.200000000000000E+003  3.772847056360932E-011  8.186935173579114E+000  4.388111821276768E-009  2.650627338393324E-003  2.230473256060167E+000  2.065431421867057E-012
  1.220000000000000E+003  3.714437238210973E-011  8.323381380523914E+000  4.387771079829359E-009  2.617349282423874E-003  2.252961133116290E+000  2.041793122805923E-012
  1.240000000000000E+003  3.657858712738673E-011  8.459827499517834E+000  4.387441058716902E-009  2.585044445741160E-003  2.275248237601646E+000  2.018808080668279E-012
  1.260000000000000E+003  3.603025789761693E-011  8.596273530593518E+000  4.387121254493639E-009  2.553668931124432E-003  2.297339135753641E+000  1.996447952243573E-012
  1.280000000000000E+003  3.549858068829126E-011  8.732719473783758E+000  4.386811194904945E-009  2.523181486508285E-003  2.319238238522387E+000  1.974686054124006E-012
  1.300000000000000E+003  3.498280036205472E-011  8.869165329121474E+000  4.386510436502309E-009  2.493543307066642E-003  2.340949808774165E+000  1.953497241408750E-012
  1.320000000000000E+003  3.448220698206793E-011  9.005611096639687E+000  4.386218562474268E-009  2.464717854896099E-003  2.362477968051915E+000  1.932857796975938E-012
  1.340000000000000E+003  3.399613247115952E-011  9.142056776371501E+000  4.385935180670717E-009  2.436670694492756E-003  2.383826702926537E+000  1.912745330257325E-012
  1.360000000000000E+003  3.352394756345271E-011  9.278502368350088E+000  4.385659921800783E-009  2.409369342425949E-003  2.404999870969760E+000  1.893138684572145E-012
  1.380000000000000E+003  3.306505901899033E-011  9.414947872608654E+000  4.385392437786729E-009  2.382783129794651E-003  2.426001206376587E+000  1.874017852182670E-012
  1.400000000000000E+003  3.261890707523168E-011  9.551393289180442E+000  4.385132400258298E-009  2.356883076211518E-003  2.446834325262921E+000  1.855363896326823E-012
  1.450000000000000E+003  3.155641714463716E-011  9.892506283430400E+000  4.384513083576429E-009  2.295126639963594E-003  2.497911159692475E+000  1.810762340336360E-012
  1.500000000000000E+003  3.056269899340204E-011  1.023361873093828E+001  4.383933968966876E-009  2.237079007848626E-003  2.548029839342803E+000  1.768706617879465E-012
  1.510000000000000E+003  3.037148619820685E-011  1.030184119855133E+001  4.383822579181376E-009  2.225844875434808E-003  2.558015818495736E+000  1.760558329467016E-012
  1.520000000000000E+003  3.018271733995885E-011  1.037006364428330E+001  4.383712616864925E-009  2.214743718130432E-003  2.567964526808121E+000  1.752499510876692E-012
  1.540000000000000E+003  2.981238681300140E-011  1.050650844828523E+001  4.383496886227374E-009  2.192949530487551E-003  2.587715842647578E+000  1.736657967634070E-012
  1.560000000000000E+003  2.945127745786503E-011  1.064295316485966E+001  4.383286541355096E-009  2.171658383919821E-003  2.607323952472051E+000  1.721162316428909E-012
  1.580000000000000E+003  2.909904536033730E-011  1.077939779404069E+001  4.383081380826081E-009  2.150852307515622E-003  2.626791656175294E+000  1.706000777412256E-012
  1.600000000000000E+003  2.875536360744554E-011  1.091584233586185E+001  4.382881213199972E-009  2.130514174367248E-003  2.646121657936265E+000  1.691162137788825E-012
  1.620000000000000E+003  2.841992124018136E-011  1.105228679035629E+001  4.382685856402785E-009  2.110627660798141E-003  2.665316575048444E+000  1.676635651368389E-012
  1.640000000000000E+003  2.809242228490672E-011  1.118873115755678E+001  4.382495137157633E-009  2.091177202461377E-003  2.684378944751877E+000  1.662411027619943E-012
  1.660000000000000E+003  2.777258485627211E-011  1.132517543749586E+001  4.382308890457212E-009  2.072147952543730E-003  2.703311229345268E+000  1.648478419031948E-012
  1.680000000000000E+003  2.746014032489454E-011  1.146161963020585E+001  4.382126959074237E-009  2.053525741826418E-003  2.722115820231489E+000  1.634828403953827E-012
  1.700000000000000E+003  2.715483254402085E-011  1.159806373571884E+001  4.381949193106558E-009  2.035297040890714E-003  2.740795041283333E+000  1.621451967466169E-012
  1.710000000000000E+003  2.700475572966246E-011  1.166628576667556E+001  4.381861819764541E-009  2.026319208976146E-003  2.750103630861867E+000  1.614859635181811E-012
  1.720000000000000E+003  2.685637309807758E-011  1.173450777583728E+001  4.381775435011457E-009  2.017435074225296E-003  2.759381501969834E+000  1.608332222395023E-012
  1.740000000000000E+003  2.656461803428725E-011  1.187095170703054E+001  4.381605578112225E-009  1.999955302251902E-003  2.777816430944967E+000  1.595476768880924E-012
  1.760000000000000E+003  2.627929913311917E-011  1.200739555112342E+001  4.381439476739470E-009  1.982832002810572E-003  2.796132633507741E+000  1.582870514762686E-012
  1.780000000000000E+003  2.600020348342537E-011  1.214383930814656E+001  4.381277006349788E-009  1.966053840482462E-003  2.814332169707331E+000  1.570505628442764E-012
  1.800000000000000E+003  2.572712750579510E-011  1.228028297813071E+001  4.381118047873866E-009  1.949609978470581E-003  2.832417053684950E+000  1.558374761205539E-012
  1.820000000000000E+003  2.545987644970264E-011  1.241672656110652E+001  4.380962487419815E-009  1.933490044931645E-003  2.850389250548749E+000  1.546470905804382E-012
  1.840000000000000E+003  2.519826392038686E-011  1.255317005710456E+001  4.380810215994643E-009  1.917684104507235E-003  2.868250676104488E+000  1.534787355833815E-012
  1.860000000000000E+003  2.494211143501651E-011  1.268961346615516E+001  4.380661129243252E-009  1.902182634050128E-003  2.886003197537371E+000  1.523317682328565E-012
  1.880000000000000E+003  2.469124800650425E-011  1.282605678828853E+001  4.380515127203765E-009  1.886976500639348E-003  2.903648634495829E+000  1.512055716064669E-012
  1.900000000000000E+003  2.444550975317105E-011  1.296250002353460E+001  4.380372114078169E-009  1.872056941289748E-003  2.921188760344444E+000  1.500995532747155E-012
  1.950000000000000E+003  2.385279070663361E-011  1.330360756926280E+001  4.380027133313811E-009  1.836032239504760E-003  2.964403260026838E+000  1.474240630125840E-012
  2.000000000000000E+003  2.328882229112993E-011  1.364471457300571E+001  4.379698919464926E-009  1.801616946563531E-003  3.007005886193722E+000  1.448627044761191E-012
  2.010000000000000E+003  2.317924073587770E-011  1.371293595206446E+001  4.379635163760141E-009  1.794899145186267E-003  3.015502226437332E+000  1.443623585684188E-012
  2.020000000000000E+003  2.307071209059270E-011  1.378115730943919E+001  4.379572021763213E-009  1.788240678276408E-003  3.023974629454757E+000  1.438661424390927E-012
  2.040000000000000E+003  2.285677810483906E-011  1.391759993749991E+001  4.379447551360202E-009  1.775107294300372E-003  3.040825216565891E+000  1.428865421929164E-012
  2.060000000000000E+003  2.264687474724767E-011  1.405404247890129E+001  4.379325430300179E-009  1.762201641647306E-003  3.057583071431339E+000  1.419230986509730E-012
  2.080000000000000E+003  2.244088795861742E-011  1.419048493367213E+001  4.379205591968746E-009  1.749517588678526E-003  3.074249635278397E+000  1.409754005115980E-012
  2.100000000000000E+003  2.223870797491001E-011  1.432692730184064E+001  4.379087972264052E-009  1.737049217331919E-003  3.090826305114314E+000  1.400430501996181E-012
  2.150000000000000E+003  2.174938915804353E-011  1.466803268158748E+001  4.378803279076494E-009  1.706842220092117E-003  3.131723644269985E+000  1.377806813322196E-012
  2.200000000000000E+003  2.128164499334334E-011  1.500913752103222E+001  4.378531160094512E-009  1.677859142289641E-003  3.172095423022760E+000  1.356060334852570E-012
  2.250000000000000E+003  2.083406588203298E-011  1.535024182056112E+001  4.378270792151340E-009  1.650023455713153E-003  3.211959886923005E+000  1.335136891352276E-012
  2.300000000000000E+003  2.040536295517634E-011  1.569134558055803E+001  4.378021422746384E-009  1.623265190924319E-003  3.251334411349539E+000  1.314987797805255E-012
  2.350000000000000E+003  1.999435544639075E-011  1.603244880139970E+001  4.377782362625359E-009  1.597520136124735E-003  3.290235455030361E+000  1.295568533879244E-012
  2.400000000000000E+003  1.959995957901362E-011  1.637355148345426E+001  4.377552979261116E-009  1.572729217655326E-003  3.328678584603877E+000  1.276838133267833E-012
  2.450000000000000E+003  1.922117878572653E-011  1.671465362708057E+001  4.377332691120514E-009  1.548837979277395E-003  3.366678519692206E+000  1.258758773898889E-012
  2.500000000000000E+003  1.885709508566966E-011  1.705575523262808E+001  4.377120962612146E-009  1.525796130366950E-003  3.404249182702087E+000  1.241295455969156E-012
  2.550000000000000E+003  1.850686146485249E-011  1.739685630043679E+001  4.376917299623420E-009  1.503557148725672E-003  3.441403748059439E+000  1.224415730436973E-012
  2.600000000000000E+003  1.816969512708573E-011  1.773795683083738E+001  4.376721245568622E-009  1.482077929097903E-003  3.478154689126733E+000  1.208089462762745E-012
  2.650000000000000E+003  1.784487150181584E-011  1.807905682415126E+001  4.376532377881054E-009  1.461318470871161E-003  3.514513822305293E+000  1.192288624323103E-012
  2.700000000000000E+003  1.753171891168755E-011  1.842015628069078E+001  4.376350304892133E-009  1.441241599759975E-003  3.550492348275898E+000  1.176987106890209E-012
  2.750000000000000E+003  1.722961381659383E-011  1.876125520075935E+001  4.376174663048448E-009  1.421812719151204E-003  3.586100890491676E+000  1.162160556896301E-012
  2.800000000000000E+003  1.693797656274031E-011  1.910235358465168E+001  4.376005114424882E-009  1.402999587446393E-003  3.621349531089377E+000  1.147786226912771E-012
  2.850000000000000E+003  1.665626757519659E-011  1.944345143265397E+001  4.375841344497569E-009  1.384772118261603E-003  3.656247844396103E+000  1.133842842222708E-012
  2.900000000000000E+003  1.638398394082728E-011  1.978454874504410E+001  4.375683060145603E-009  1.367102200778426E-003  3.690804928203804E+000  1.120310480690543E-012
  2.950000000000000E+003  1.612065633564361E-011  2.012564552209188E+001  4.375529987854458E-009  1.349963537903446E-003  3.725029432973507E+000  1.107170464386370E-012
  3.000000000000000E+003  1.586584625670070E-011  2.046674176405931E+001  4.375381872097767E-009  1.333331500201528E-003  3.758929589119171E+000  1.094405261630010E-012
  3.050000000000000E+003  1.561914352385886E-011  2.080783747120078E+001  4.375238473877094E-009  1.317182993830774E-003  3.792513232509147E+000  1.081998398293526E-012
  3.100000000000000E+003  1.538016402117135E-011  2.114893264376335E+001  4.375099569401990E-009  1.301496340931734E-003  3.825787828311863E+000  1.069934377348261E-012
  3.150000000000000E+003  1.514854765147466E-011  2.149002728198696E+001  4.374964948894815E-009  1.286251171116407E-003  3.858760493301974E+000  1.058198605768380E-012
  3.200000000000000E+003  1.492395648103818E-011  2.183112138610472E+001  4.374834415506776E-009  1.271428322868784E-003  3.891438016733731E+000  1.046777328011245E-012
  3.250000000000000E+003  1.470607305395926E-011  2.217221495634315E+001  4.374707784333289E-009  1.257009753812250E-003  3.923826879879722E+000  1.035657565388420E-012
  3.300000000000000E+003  1.449459885843568E-011  2.251330799292245E+001  4.374584881518173E-009  1.242978458923429E-003  3.955933274325423E+000  1.024827060722114E-012
  3.350000000000000E+003  1.428925292916657E-011  2.285440049605668E+001  4.374465543437466E-009  1.229318395879904E-003  3.987763119102927E+000  1.014274227752140E-012
  3.400000000000000E+003  1.408977057197363E-011  2.319549246595412E+001  4.374349615954706E-009  1.216014416823075E-003  4.019322076740947E+000  1.003988104819718E-012
  3.450000000000000E+003  1.389590219833597E-011  2.353658390281741E+001  4.374236953740478E-009  1.203052205899168E-003  4.050615568302343E+000  9.939583124078923E-013
  3.500000000000000E+003  1.370741225892933E-011  2.387767480684388E+001  4.374127419649853E-009  1.190418222012812E-003  4.081648787475309E+000  9.841750141649860E-013
  3.550000000000000E+003  1.352407826648129E-011  2.421876517822571E+001  4.374020884152013E-009  1.178099646290186E-003  4.112426713779511E+000  9.746288810785390E-013
  3.600000000000000E+003  1.334568989932354E-011  2.455985501715023E+001  4.373917224807058E-009  1.166084333803495E-003  4.142954124944170E+000  9.653110585030633E-013
  3.650000000000000E+003  1.317204817796049E-011  2.490094432380011E+001  4.373816325785470E-009  1.154360769156796E-003  4.173235608511119E+000  9.562131357766239E-013
  3.700000000000000E+003  1.300296470779861E-011  2.524203309835358E+001  4.373718077426226E-009  1.142918025575579E-003  4.203275572712217E+000  9.473271181891192E-013
  3.750000000000000E+003  1.283826098190695E-011  2.558312134098467E+001  4.373622375830005E-009  1.131745727179965E-003  4.233078256667166E+000  9.386454010897568E-013
  3.800000000000000E+003  1.267776773832078E-011  2.592420905186341E+001  4.373529122484245E-009  1.120834014154447E-003  4.262647739944712E+000  9.301607459430232E-013
  3.850000000000000E+003  1.252132436696645E-011  2.626529623115602E+001  4.373438223917172E-009  1.110173510556388E-003  4.291987951527338E+000  9.218662581617285E-013
  3.900000000000000E+003  1.236877836178716E-011  2.660638287902513E+001  4.373349591378238E-009  1.099755294531428E-003  4.321102678217033E+000  9.137553665628410E-013
  4.000000000000000E+003  1.207488250523680E-011  2.728855405072575E+001  4.373178810470071E-009  1.079648915553518E-003  4.378454156630394E+000  8.980877890203688E-013
  4.100000000000000E+003  1.179491770937308E-011  2.797072309957084E+001  4.373016130387514E-009  1.060411192237341E-003  4.434954441028546E+000  8.830805468463447E-013
  4.150000000000000E+003  1.165981723024024E-011  2.831180709332575E+001  4.372937640181948E-009  1.051083372569315E-003  4.462996006324937E+000  8.757983626472565E-013
  4.200000000000000E+003  1.152784349166409E-011  2.865289055657194E+001  4.372860967616019E-009  1.041952418915448E-003  4.490832264418652E+000  8.686658587699923E-013
  4.250000000000000E+003  1.139888842080219E-011  2.899397348945234E+001  4.372786049819179E-009  1.033011969702445E-003  4.518466212825248E+000  8.616785797518309E-013
  4.300000000000000E+003  1.127284889471013E-011  2.933505589210518E+001  4.372712826801850E-009  1.024255898773124E-003  4.545900726549015E+000  8.548320096088097E-013
  4.350000000000000E+003  1.114962645364211E-011  2.967613776466667E+001  4.372641241289476E-009  1.015678335379145E-003  4.573138595318328E+000  8.481217663047041E-013
  4.400000000000000E+003  1.102912703871162E-011  3.001721910727155E+001  4.372571238569813E-009  1.007273659082438E-003  4.600182533188668E+000  8.415436417014937E-013
  4.500000000000000E+003  1.079599569717075E-011  3.069937967407492E+001  4.372435788042847E-009  9.909888604549763E-004  4.653512194617514E+000  8.287887606079563E-013
  4.600000000000000E+003  1.057272144275042E-011  3.138153812349082E+001  4.372306067787932E-009  9.753315252775887E-004  4.706103419592321E+000  8.165143896560403E-013
  4.700000000000000E+003  1.035868799259907E-011  3.206369445653656E+001  4.372181719296846E-009  9.602646942637449E-004  4.757975211575687E+000  8.046925912933774E-013
  4.750000000000000E+003  1.025493492824225E-011  3.240477209400279E+001  4.372121449779860E-009  9.529301992362944E-004  4.783734202278549E+000  7.989343080254731E-013
  4.800000000000000E+003  1.015328479185933E-011  3.274584920254468E+001  4.372062402412434E-009  9.457312541640226E-004  4.809318586672659E+000  7.932799642784442E-013
  4.850000000000000E+003  1.005367385517560E-011  3.308692578228361E+001  4.372004540136789E-009  9.386640158937016E-004  4.834730500002769E+000  7.877268207622306E-013
  4.900000000000000E+003  9.956040949802205E-012  3.342800183333900E+001  4.371947827384354E-009  9.317247625109145E-004  4.859972015555227E+000  7.822720844042377E-013
  5.000000000000000E+003  9.766516349090110E-012  3.411015182199667E+001  4.371837724969275E-009  9.182368210210960E-004  4.909787113792516E+000  7.716631335401940E-013
  5.100000000000000E+003  9.584224377591981E-012  3.479229969813329E+001  4.371731826296457E-009  9.052179014726186E-004  4.958949761330871E+000  7.614152999125638E-013
  5.200000000000000E+003  9.408756088882580E-012  3.547444546268500E+001  4.371629893545726E-009  8.926430215020530E-004  5.007474952025819E+000  7.515095452902428E-013
  5.300000000000000E+003  9.239732899130901E-012  3.615658911657385E+001  4.371531706565383E-009  8.804889939845847E-004  5.055377029936378E+000  7.419283119291848E-013
  5.400000000000000E+003  9.076803812146434E-012  3.683873066071018E+001  4.371437061256258E-009  8.687342427802476E-004  5.102669746885973E+000  7.326552326654100E-013
  5.500000000000000E+003  8.919642943578589E-012  3.752087009599550E+001  4.371345768130332E-009  8.573586640668708E-004  5.149366320764218E+000  7.236750270300581E-013
  5.600000000000000E+003  8.767947308777475E-012  3.820300742332421E+001  4.371257651022805E-009  8.463435031998742E-004  5.195479479339635E+000  7.149734186573755E-013
  5.700000000000000E+003  8.621434841522002E-012  3.888514264358476E+001  4.371172545938595E-009  8.356712430414858E-004  5.241021494825270E+000  7.065370572909993E-013
  5.800000000000000E+003  8.479842615577569E-012  3.956727575766038E+001  4.371090300016997E-009  8.253255028190276E-004  5.286004213020131E+000  6.983534459175302E-013
  5.900000000000000E+003  8.342925245077798E-012  4.024940676642966E+001  4.371010770600491E-009  8.152909466358476E-004  5.330439078833812E+000  6.904108738418291E-013
  6.000000000000000E+003  8.210453443011395E-012  4.093153567076688E+001  4.370933824395698E-009  8.055532006862800E-004  5.374337159049984E+000  6.826983556772821E-013
  6.100000000000000E+003  8.082212719829874E-012  4.161366247154250E+001  4.370859336715912E-009  7.960987782586193E-004  5.417709162806182E+000  6.752055758404156E-013
  6.200000000000000E+003  7.958002206506651E-012  4.229578716962327E+001  4.370787190796153E-009  7.869150116922558E-004  5.460565460114907E+000  6.679228380410807E-013
  6.300000000000000E+003  7.837633588355363E-012  4.297790976587238E+001  4.370717277172713E-009  7.779899905470465E-004  5.502916098680641E+000  6.608410192696772E-013
  6.400000000000000E+003  7.720930137613805E-012  4.366003026114969E+001  4.370649493120207E-009  7.693125053296716E-004  5.544770819226176E+000  6.539515278254551E-013
  6.500000000000000E+003  7.607725834263878E-012  4.434214865631169E+001  4.370583742140026E-009  7.608719961990915E-004  5.586139069512363E+000  6.472462649780501E-013
  6.600000000000000E+003  7.497864565823716E-012  4.502426495221147E+001  4.370519933494746E-009  7.526585061410646E-004  5.627030017211371E+000  6.407175898998786E-013
  6.700000000000000E+003  7.391199397944780E-012  4.570637914969887E+001  4.370457981783782E-009  7.446626381608420E-004  5.667452561773115E+000  6.343582875477429E-013
  6.800000000000000E+003  7.287591908599559E-012  4.638849124962029E+001  4.370397806556034E-009  7.368755160947561E-004  5.707415345406439E+000  6.281615392078831E-013
  6.900000000000000E+003  7.186911579474849E-012  4.707060125281862E+001  4.370339331955854E-009  7.292887486864646E-004  5.746926763280927E+000  6.221208954501840E-013
  7.000000000000000E+003  7.089035238909017E-012  4.775270916013326E+001  4.370282486399003E-009  7.218943966129780E-004  5.785994973041185E+000  6.162302512648364E-013
  7.100000000000000E+003  6.993846551344343E-012  4.843481497239993E+001  4.370227202275683E-009  7.146849421801214E-004  5.824627903713296E+000  6.104838231789969E-013
  7.200000000000000E+003  6.901235548819254E-012  4.911691869045059E+001  4.370173415678033E-009  7.076532614373416E-004  5.862833264072377E+000  6.048761281722843E-013
  7.300000000000000E+003  6.811098200511625E-012  4.979902031511335E+001  4.370121066149774E-009  7.007925984883951E-004  5.900618550530955E+000  5.994019642287545E-013
  7.400000000000000E+003  6.723336016771605E-012  5.048111984721227E+001  4.370070096455921E-009  6.940965417978944E-004  5.937991054599618E+000  5.940563923795697E-013
  7.500000000000000E+003  6.637855684459011E-012  5.116321728756743E+001  4.370020452370695E-009  6.875590023143738E-004  5.974957869964394E+000  5.888347201052658E-013
  7.600000000000000E+003  6.554568730732503E-012  5.184531263699462E+001  4.369972082482019E-009  6.811741932488199E-004  6.011525899219266E+000  5.837324859795330E-013
  7.700000000000000E+003  6.473391212731453E-012  5.252740589630530E+001  4.369924938011051E-009  6.749366113638167E-004  6.047701860286742E+000  5.787454454479948E-013
  7.800000000000000E+003  6.394243430851420E-012  5.320949706630660E+001  4.369878972645459E-009  6.688410196428041E-004  6.083492292555063E+000  5.738695576457528E-013
  7.900000000000000E+003  6.317049663544870E-012  5.389158614780109E+001  4.369834142385212E-009  6.628824312217527E-004  6.118903562756535E+000  5.691009731666631E-013
  8.000000000000000E+003  6.241737921783509E-012  5.457367314158677E+001  4.369790405399800E-009  6.570560944769003E-004  6.153941870608115E+000  5.644360227054947E-013
  8.100000000000000E+003  6.168239721501149E-012  5.525575804845695E+001  4.369747721895944E-009  6.513574791723677E-004  6.188613254232540E+000  5.598712065014689E-013
  8.200000000000000E+003  6.096489872498228E-012  5.593784086920018E+001  4.369706053994838E-009  6.457822635805242E-004  6.222923595375714E+000  5.554031845182684E-013
  8.300000000000000E+003  6.026426282434300E-012  5.661992160460030E+001  4.369665365618199E-009  6.403263224960842E-004  6.256878624434044E+000  5.510287673014912E-013
  8.400000000000000E+003  5.957989774664312E-012  5.730200025543620E+001  4.369625622382358E-009  6.349857160721910E-004  6.290483925303467E+000  5.467449074598472E-013
  8.500000000000000E+003  5.891123918790453E-012  5.798407682248192E+001  4.369586791499740E-009  6.297566794132701E-004  6.323744940060539E+000  5.425486917211883E-013
  8.600000000000000E+003  5.825774872905392E-012  5.866615130650657E+001  4.369548841687160E-009  6.246356128652795E-004  6.356666973484513E+000  5.384373335187381E-013
  8.700000000000000E+003  5.761891236595866E-012  5.934822370827430E+001  4.369511743080363E-009  6.196190729492835E-004  6.389255197428263E+000  5.344081660668135E-013
  8.800000000000000E+003  5.699423913859580E-012  6.003029402854428E+001  4.369475467154323E-009  6.147037638890084E-004  6.421514655045076E+000  5.304586358888170E-013
  8.900000000000000E+003  5.638325985163660E-012  6.071236226807070E+001  4.369439986648881E-009  6.098865296873326E-004  6.453450264877371E+000  5.265862967634684E-013
  9.000000000000000E+003  5.578552587940897E-012  6.139442842760281E+001  4.369405275499274E-009  6.051643467105383E-004  6.485066824812911E+000  5.227888040581202E-013
  9.100000000000000E+003  5.520060804881316E-012  6.207649250788484E+001  4.369371308771188E-009  6.005343167426411E-004  6.516369015913434E+000  5.190639094206065E-013
  9.200000000000000E+003  5.462809559431943E-012  6.275855450965609E+001  4.369338062600030E-009  5.959936604752972E-004  6.547361406120175E+000  5.154094558034442E-013
  9.300000000000000E+003  5.406759517967619E-012  6.344061443365088E+001  4.369305514134045E-009  5.915397114016398E-004  6.578048453840407E+000  5.118233727963588E-013
  9.400000000000000E+003  5.351872998141049E-012  6.412267228059868E+001  4.369273641481062E-009  5.871699100850206E-004  6.608434511418766E+000  5.083036722450484E-013
  9.600000000000000E+003  5.245470806432763E-012  6.548677967316107E+001  4.369211845872649E-009  5.786895797013210E-004  6.668032327654218E+000  5.014687779291190E-013
  9.800000000000000E+003  5.143305670584762E-012  6.685087876994820E+001  4.369152511722979E-009  5.705163362115208E-004  6.726487448406975E+000  4.948766165289317E-013
  9.900000000000000E+003  5.093722554568368E-012  6.753292624481598E+001  4.369123719415742E-009  5.665318655432401E-004  6.755433984199428E+000  4.916614239618493E-013
  1.000000000000000E+004  5.045107123881850E-012  6.821497164687442E+001  4.369095489149346E-009  5.626181514797231E-004  6.784103373809143E+000  4.885021532596495E-013
  1.010000000000000E+004  4.997431117982228E-012  6.889701497682870E+001  4.369067804506790E-009  5.587732533087363E-004  6.812499370960751E+000  4.853973099084789E-013
  1.020000000000000E+004  4.950667370521980E-012  6.957905623537772E+001  4.369040649706806E-009  5.549953010424322E-004  6.840625635914353E+000  4.823454414017233E-013
  1.040000000000000E+004  4.859791488887778E-012  7.094313047331156E+001  4.368987873660651E-009  5.476467162040095E-004  6.895824182308176E+000  4.764057483264023E-013
  1.060000000000000E+004  4.772261951657489E-012  7.230719643737682E+001  4.368937041506052E-009  5.405441884875345E-004  6.949995220497665E+000  4.706611749559374E-013
  1.080000000000000E+004  4.687896009026108E-012  7.367125413284268E+001  4.368888047056836E-009  5.336750716077103E-004  7.003164329534296E+000  4.651017904366926E-013
  1.100000000000000E+004  4.606524020498436E-012  7.503530356493398E+001  4.368840791746406E-009  5.270275924166486E-004  7.055356140631614E+000  4.597183644242035E-013
  1.120000000000000E+004  4.527988299541768E-012  7.639934473882420E+001  4.368795183955846E-009  5.205907739760593E-004  7.106594346486207E+000  4.545022935800292E-013
  1.140000000000000E+004  4.452142077681054E-012  7.776337765963245E+001  4.368751138411533E-009  5.143543671261808E-004  7.156901730351283E+000  4.494455436773395E-013
  1.160000000000000E+004  4.378848574115674E-012  7.912740233242336E+001  4.368708575644234E-009  5.083087895639138E-004  7.206300207789280E+000  4.445405992744503E-013
  1.180000000000000E+004  4.307980158787092E-012  8.049141876220816E+001  4.368667421502534E-009  5.024450714725473E-004  7.254810872109894E+000  4.397804204345071E-013
  1.200000000000000E+004  4.239417598241824E-012  8.185542695394639E+001  4.368627606714461E-009  4.967548066432130E-004  7.302454039264343E+000  4.351584046025541E-013
  1.220000000000000E+004  4.173049374927628E-012  8.321942691254756E+001  4.368589066491825E-009  4.912301083205831E-004  7.349249290716239E+000  4.306683524552815E-013
  1.240000000000000E+004  4.108771071725104E-012  8.458341864287304E+001  4.368551740172449E-009  4.858635691989171E-004  7.395215513857687E+000  4.263044370585307E-013
  1.260000000000000E+004  4.046484814537580E-012  8.594740214973787E+001  4.368515570896194E-009  4.806482251018725E-004  7.440370939901685E+000  4.220611758964917E-013
  1.280000000000000E+004  3.986098766647464E-012  8.731137743791233E+001  4.368480505311069E-009  4.755775219482220E-004  7.484733179311692E+000  4.179334054387214E-013
  1.300000000000000E+004  3.927526669313191E-012  8.867534451212380E+001  4.368446493306224E-009  4.706452856572576E-004  7.528319254879408E+000  4.139162579676287E-013
  1.320000000000000E+004  3.870687423744226E-012  9.003930337705825E+001  4.368413487769012E-009  4.658456946899460E-004  7.571145632582090E+000  4.100051404279636E-013
  1.340000000000000E+004  3.815504710166995E-012  9.140325403736180E+001  4.368381444363582E-009  4.611732549578727E-004  7.613228250357490E+000  4.061957150903024E-013
  1.360000000000000E+004  3.761906640194781E-012  9.276719649764216E+001  4.368350321328863E-009  4.566227768630493E-004  7.654582544934971E+000  4.024838818457758E-013
  1.380000000000000E+004  3.709825439150261E-012  9.413113076246991E+001  4.368320079293941E-009  4.521893542586743E-004  7.695223476857789E+000  3.988657619708009E-013
  1.400000000000000E+004  3.659197155369482E-012  9.549505683637990E+001  4.368290681109124E-009  4.478683451444969E-004  7.735165553826003E+000  3.953376832190869E-013
  1.420000000000000E+004  3.609961393848419E-012  9.685897472387241E+001  4.368262091691166E-009  4.436553539310156E-004  7.774422852483122E+000  3.918961661142166E-013
  1.440000000000000E+004  3.562061071884384E-012  9.822288442941421E+001  4.368234277881259E-009  4.395462151248075E-004  7.813009038762046E+000  3.885379113300851E-013
  1.460000000000000E+004  3.515442194619888E-012  9.958678595743959E+001  4.368207208314602E-009  4.355369783030775E-004  7.850937386898834E+000  3.852597880586313E-013
  1.480000000000000E+004  3.470053648621292E-012  1.009506793123516E+002  4.368180853300455E-009  4.316238942594461E-004  7.888220797215185E+000  3.820588232749953E-013
  1.500000000000000E+004  3.425847011822201E-012  1.023145644985225E+002  4.368155184711690E-009  4.278034022152347E-004  7.924871812763430E+000  3.789321918195766E-013
  1.520000000000000E+004  3.382776378336175E-012  1.036784415202951E+002  4.368130175883006E-009  4.240721180013314E-004  7.960902634920936E+000  3.758772072247454E-013
  1.540000000000000E+004  3.340798196797549E-012  1.050423103819833E+002  4.368105801516980E-009  4.204268231252934E-004  7.996325138014095E+000  3.728913132212334E-013
  1.560000000000000E+004  3.299871121025741E-012  1.064061710878727E+002  4.368082037597312E-009  4.168644546468489E-004  8.031150883045905E+000  3.699720758657098E-013
  1.580000000000000E+004  3.259955871929543E-012  1.077700236422218E+002  4.368058861308574E-009  4.133820957925020E-004  8.065391130595289E+000  3.671171762367671E-013
  1.600000000000000E+004  3.221015109675493E-012  1.091338680492621E+002  4.368036250961929E-009  4.099769672466865E-004  8.099056852950673E+000  3.643244036516670E-013
  1.620000000000000E+004  3.183013315240168E-012  1.104977043131989E+002  4.368014185926321E-009  4.066464190629094E-004  8.132158745535380E+000  3.615916493607336E-013
  1.640000000000000E+004  3.145916680551481E-012  1.118615324382118E+002  4.367992646564638E-009  4.033879231436868E-004  8.164707237677623E+000  3.589169006803531E-013
  1.660000000000000E+004  3.109693006500219E-012  1.132253524284556E+002  4.367971614174449E-009  4.001990662428785E-004  8.196712502773453E+000  3.562982355291772E-013
  1.680000000000000E+004  3.074311608171008E-012  1.145891642880601E+002  4.367951070932958E-009  3.970775434483182E-004  8.228184467886965E+000  3.537338173353791E-013
  1.700000000000000E+004  3.039743226702786E-012  1.159529680211315E+002  4.367930999845774E-009  3.940211521064960E-004  8.259132822828475E+000  3.512218902857336E-013
  1.720000000000000E+004  3.005959947243317E-012  1.173167636317516E+002  4.367911384699262E-009  3.910277861545044E-004  8.289567028747808E+000  3.487607748899165E-013
  1.740000000000000E+004  2.972935122511250E-012  1.186805511239796E+002  4.367892210016116E-009  3.880954308275729E-004  8.319496326276903E+000  3.463488638357745E-013
  1.760000000000000E+004  2.940643301523126E-012  1.200443305018512E+002  4.367873461013965E-009  3.852221577133160E-004  8.348929743252839E+000  3.439846181134409E-013
  1.780000000000000E+004  2.909060163082237E-012  1.214081017693799E+002  4.367855123566720E-009  3.824061201263411E-004  8.377876102050081E+000  3.416665633880859E-013
  1.800000000000000E+004  2.878162453661903E-012  1.227718649305569E+002  4.367837184168498E-009  3.796455487791387E-004  8.406344026548053E+000  3.393932866028189E-013
  1.820000000000000E+004  2.847927929347715E-012  1.241356199893514E+002  4.367819629899879E-009  3.769387477272358E-004  8.434341948758252E+000  3.371634327948234E-013
  1.840000000000000E+004  2.818335301532365E-012  1.254993669497111E+002  4.367802448396363E-009  3.742840905684484E-004  8.461878115132942E+000  3.349757021092147E-013
  1.860000000000000E+004  2.789364186082787E-012  1.268631058155624E+002  4.367785627818839E-009  3.716800168777599E-004  8.488960592575753E+000  3.328288469963934E-013
  1.880000000000000E+004  2.760995055723064E-012  1.282268365908107E+002  4.367769156825923E-009  3.691250288608705E-004  8.515597274172878E+000  3.307216695798351E-013
  1.900000000000000E+004  2.733209195398009E-012  1.295905592793405E+002  4.367753024548023E-009  3.666176882108525E-004  8.541795884662088E+000  3.286530191822973E-013
  1.920000000000000E+004  2.705988660401750E-012  1.309542738850160E+002  4.367737220563014E-009  3.641566131536071E-004  8.567563985655298E+000  3.266217899994070E-013
  1.940000000000000E+004  2.679316237073377E-012  1.323179804116807E+002  4.367721734873411E-009  3.617404756689570E-004  8.592908980629417E+000  3.246269189104435E-013
  1.960000000000000E+004  2.653175405877690E-012  1.336816788631586E+002  4.367706557884915E-009  3.593679988752524E-004  8.617838119698929E+000  3.226673834169418E-013
  1.980000000000000E+004  2.627550306703747E-012  1.350453692432535E+002  4.367691680386251E-009  3.570379545663305E-004  8.642358504182562E+000  3.207421997004691E-013
  2.000000000000000E+004  2.602425706227149E-012  1.364090515557496E+002  4.367677093530222E-009  3.547491608905101E-004  8.666477090975844E+000  3.188504207915774E-013
