! time                    frank_diameter          perfect_diameter        faulted_diameter        void_diameter           
  0.000000000000000E+000  0.000000000000000E+000  0.000000000000000E+000  0.000000000000000E+000  0.000000000000000E+000
  1.000000000000000E-001  4.866484817107991E-001  4.264747898487871E-001  4.563384294008372E-001  2.556632617128502E-001
  2.000000000000001E-001  5.467304942231093E-001  4.370859433006413E-001  4.539645295582909E-001  2.556660810999603E-001
  3.000000000000002E-001  5.877156748157991E-001  4.491749741245518E-001  4.548654342500464E-001  2.556714655480826E-001
  4.000000000000003E-001  6.186403154061186E-001  4.623734242516099E-001  4.571270752011216E-001  2.556773218727477E-001
  5.000000000000003E-001  6.427948693710471E-001  4.764047113888817E-001  4.601163118791187E-001  2.556832426074182E-001
  6.000000000000004E-001  6.624054131372332E-001  4.910305875232382E-001  4.636786253540636E-001  2.556890834283129E-001
  7.000000000000005E-001  6.790427843666320E-001  5.060165410145344E-001  4.679251991845893E-001  2.556947378355660E-001
  8.000000000000006E-001  6.930748440366796E-001  5.213389110165570E-001  4.726318035013589E-001  2.557002085239947E-001
  9.000000000000007E-001  7.051019170981528E-001  5.369229429404409E-001  4.778458322713501E-001  2.557054705944225E-001
  1.000000000000001E+000  7.155365818421726E-001  5.527139611231712E-001  4.836029604758386E-001  2.557105047639264E-001
  1.100000000000001E+000  7.246752112579343E-001  5.686700452809106E-001  4.899326582646512E-001  2.557152954459450E-001
  1.200000000000001E+000  7.327382705891720E-001  5.847575183902802E-001  4.968585213946703E-001  2.557198294128179E-001
  1.300000000000001E+000  7.398945164082367E-001  6.009480136565746E-001  5.043970317325009E-001  2.557240951409011E-001
  1.400000000000001E+000  7.462762753293691E-001  6.172165280107681E-001  5.125560438815644E-001  2.557280824815005E-001
  1.500000000000001E+000  7.519659561590305E-001  6.335487094014081E-001  5.210351493919277E-001  2.557318313164562E-001
  1.600000000000001E+000  7.570878282309629E-001  6.499161722089264E-001  5.301804172300005E-001  2.557352820276818E-001
  1.700000000000001E+000  7.617077905935841E-001  6.662993244424961E-001  5.399384689398115E-001  2.557384306569240E-001
  1.800000000000001E+000  7.658832964847668E-001  6.826785937850213E-001  5.502708083243956E-001  2.557412714451440E-001
  1.900000000000001E+000  7.696634794924249E-001  6.990350125490616E-001  5.611319565153886E-001  2.557437997726441E-001
  2.000000000000001E+000  7.730907970100267E-001  7.153503810218188E-001  5.724696118170488E-001  2.557460122923546E-001
  2.100000000000001E+000  7.762022829567518E-001  7.316074180437248E-001  5.842255060573733E-001  2.557479071002409E-001
  2.200000000000002E+000  7.790305176690375E-001  7.477898533966586E-001  5.963366869462920E-001  2.557494839250269E-001
  2.300000000000002E+000  7.816043866962437E-001  7.638824360814196E-001  6.087370053287261E-001  2.557507443171295E-001
  2.400000000000002E+000  7.839496762411167E-001  7.798708659453524E-001  6.213586378237103E-001  2.557516918158295E-001
  2.500000000000002E+000  7.860895383549634E-001  7.957416876953920E-001  6.341335267893319E-001  2.557523320759130E-001
  2.600000000000002E+000  7.880448513948606E-001  8.114822001065082E-001  6.469946705546592E-001  2.557526729394885E-001
  2.700000000000002E+000  7.898344979587312E-001  8.270804225942237E-001  6.598772426176114E-001  2.557527244442812E-001
  2.800000000000002E+000  7.914755807526864E-001  8.425251337335070E-001  6.727195511389149E-001  2.557524987654479E-001
  2.900000000000002E+000  7.929835946162322E-001  8.578059674412553E-001  6.854638626325105E-001  2.557520100929855E-001
  3.000000000000002E+000  7.943725695480746E-001  8.729135352562607E-001  6.980571047289924E-001  2.557512744507058E-001
  3.100000000000002E+000  7.956551954661091E-001  8.878395409017541E-001  7.104514386344636E-001  2.557503094654155E-001
  3.200000000000002E+000  7.968429354701151E-001  9.025768615987830E-001  7.226046654941742E-001  2.557491340966596E-001
  3.300000000000002E+000  7.979461312409160E-001  9.171195826035948E-001  7.344804173798301E-001  2.557477683384154E-001
  3.400000000000002E+000  7.989725839885152E-001  9.314543834978198E-001  7.461321734715363E-001  2.557462099804452E-001
  3.500000000000002E+000  7.999324806715417E-001  9.455850898868223E-001  7.574323697794970E-001  2.557445075855034E-001
  3.600000000000001E+000  8.008333998305786E-001  9.595094062703557E-001  7.683636474496209E-001  2.557426821730183E-001
  3.700000000000001E+000  8.016821398765344E-001  9.732259223925894E-001  7.789122856149212E-001  2.557407544560788E-001
  3.800000000000001E+000  8.024848000623992E-001  9.867340020490256E-001  7.890676059620103E-001  2.557387446158879E-001
  3.900000000000000E+000  8.032468527254356E-001  1.000033685088170E+000  7.988215344746558E-001  2.557366720707576E-001
  4.000000000000000E+000  8.039732071548722E-001  1.013125606642394E+000  8.081683427835308E-001  2.557345552745382E-001
  4.100000000000000E+000  8.046682656182790E-001  1.026010933748724E+000  8.171045495947886E-001  2.557324115459161E-001
  4.199999999999999E+000  8.053359722560456E-001  1.038691316318842E+000  8.256289332419481E-001  2.557302569292880E-001
  4.299999999999999E+000  8.059798556888209E-001  1.051168847790952E+000  8.337425947186355E-001  2.557281060875169E-001
  4.399999999999999E+000  8.066030662537976E-001  1.063446030626730E+000  8.414490146813155E-001  2.557259722264944E-001
  4.499999999999998E+000  8.072084087866473E-001  1.075525742668221E+000  8.487540622752748E-001  2.557238670509458E-001
  4.599999999999998E+000  8.077983718057411E-001  1.087411201721886E+000  8.556659319929107E-001  2.557218007503141E-001
  4.699999999999998E+000  8.083751538511277E-001  1.099105927148533E+000  8.621950021523123E-001  2.557197820128707E-001
  4.799999999999997E+000  8.089439605748325E-001  1.110598583470573E+000  8.683460879764400E-001  2.557178296646995E-001
  4.899999999999997E+000  8.095032502623176E-001  1.121908841053260E+000  8.741414311681922E-001  2.557159374815172E-001
  4.999999999999996E+000  8.100544565620224E-001  1.133040897078947E+000  8.795970419451987E-001  2.557141097912554E-001
  5.099999999999996E+000  8.105988141846343E-001  1.143999061166098E+000  8.847298644762980E-001  2.557123496535324E-001
  5.199999999999996E+000  8.111373780351330E-001  1.154787713642506E+000  8.895574544446760E-001  2.557106590712483E-001
  5.299999999999995E+000  8.116710413151126E-001  1.165411267135663E+000  8.940976823491108E-001  2.557090391024575E-001
  5.399999999999995E+000  8.122005526273103E-001  1.175874131979617E+000  8.983684685133839E-001  2.557074899734458E-001
  5.499999999999995E+000  8.127265320845928E-001  1.186180685814656E+000  9.023875531303266E-001  2.557060111909529E-001
  5.599999999999994E+000  8.132494864094544E-001  1.196335247493553E+000  9.061723024008619E-001  2.557046016511798E-001
  5.699999999999994E+000  8.137698230040414E-001  1.206342055224940E+000  9.097395500808704E-001  2.557032597436334E-001
  5.799999999999994E+000  8.142878629722241E-001  1.216205248755924E+000  9.131054725062151E-001  2.557019834482845E-001
  5.899999999999993E+000  8.148038530820930E-001  1.225928855309872E+000  9.162854943569853E-001  2.557007704249382E-001
  5.999999999999993E+000  8.153179766676181E-001  1.235516778942328E+000  9.192942219583713E-001  2.556996180941103E-001
  6.099999999999993E+000  8.158303634804169E-001  1.244972792950661E+000  9.221454007140473E-001  2.556985237090439E-001
  6.199999999999992E+000  8.163410985153907E-001  1.254300534965043E+000  9.248518932564977E-001  2.556974844187945E-001
  6.299999999999992E+000  8.168502298462532E-001  1.263503504354379E+000  9.274256750193195E-001  2.556964973225650E-001
  6.399999999999991E+000  8.173577755179895E-001  1.272585061596732E+000  9.298778441439740E-001  2.556955595156605E-001
  6.499999999999991E+000  8.178637295524338E-001  1.281548429286457E+000  9.322186428938161E-001  2.556946681275775E-001
  6.599999999999991E+000  8.183680671301823E-001  1.290396694476956E+000  9.344574880363983E-001  2.556938203528528E-001
  6.799999999999991E+000  8.193842224712788E-001  1.307729966838889E+000  9.386657794061073E-001  2.556922703711190E-001
  6.999999999999991E+000  8.203918999096745E-001  1.324639358634742E+000  9.425750414992480E-001  2.556908523353199E-001
  7.199999999999991E+000  8.213907918830704E-001  1.341144284843813E+000  9.462284623670697E-001  2.556895515773644E-001
  7.399999999999991E+000  8.223805399837105E-001  1.357262699092114E+000  9.496624667856787E-001  2.556883546477488E-001
  7.599999999999992E+000  8.233607749269088E-001  1.373011215691645E+000  9.529075371470811E-001  2.556872494961208E-001
  7.799999999999992E+000  8.243311421401497E-001  1.388405233684737E+000  9.559890484498150E-001  2.556862254806996E-001
  7.999999999999992E+000  8.252913169444632E-001  1.403459056851148E+000  9.589280587188620E-001  2.556852733033876E-001
  8.199999999999992E+000  8.262410124863884E-001  1.418186005823915E+000  9.617420238645810E-001  2.556843849012668E-001
  8.399999999999991E+000  8.271799828295571E-001  1.432598520198738E+000  9.644454237442188E-001  2.556835533167088E-001
  8.599999999999991E+000  8.281080229736086E-001  1.446708249821213E+000  9.670502974130341E-001  2.556827725615125E-001
  8.799999999999990E+000  8.290249670495075E-001  1.460526135324165E+000  9.695666922921806E-001  2.556820374850814E-001
  8.999999999999989E+000  8.299306855402119E-001  1.474062478542948E+000  9.720030356352397E-001  2.556813436525889E-001
  9.199999999999989E+000  8.308250820795644E-001  1.487327003742627E+000  9.743664382546092E-001  2.556806872361308E-001
  9.399999999999988E+000  8.317080901714238E-001  1.500328910720199E+000  9.766629407118335E-001  2.556800649198757E-001
  9.599999999999987E+000  8.325796700265791E-001  1.513076920857053E+000  9.788977116156229E-001  2.556794738189186E-001
  9.799999999999986E+000  8.334398056198447E-001  1.525579317136926E+000  9.810752066817330E-001  2.556789114108090E-001
  9.999999999999986E+000  8.342885020099008E-001  1.537843979045824E+000  9.831992960416989E-001  2.556783754783404E-001
  1.019999999999999E+001  8.351257829288508E-001  1.549878413155522E+000  9.852733661028509E-001  2.556778640620727E-001
  1.039999999999998E+001  8.359516886289676E-001  1.561689780075857E+000  9.873004011539381E-001  2.556773754210881E-001
  1.059999999999998E+001  8.367662739647560E-001  1.573284918351930E+000  9.892830489271963E-001  2.556769080006076E-001
  1.079999999999998E+001  8.375696066852151E-001  1.584670365784860E+000  9.912236734865317E-001  2.556764604052604E-001
  1.099999999999998E+001  8.383617659114192E-001  1.595852378570680E+000  9.931243981116951E-001  2.556760313769713E-001
  1.149999999999998E+001  8.403229273892621E-001  1.622862050163913E+000  9.977910685390438E-001  2.556750415593649E-001
  1.199999999999998E+001  8.422113305112273E-001  1.648727787678274E+000  1.002238562748432E+000  2.556741379579103E-001
  1.249999999999998E+001  8.440298077054875E-001  1.673527646594629E+000  1.006484315553265E+000  2.556733138063875E-001
  1.299999999999998E+001  8.457811092433779E-001  1.697332754276836E+000  1.010545653006284E+000  2.556725609884949E-001
  1.349999999999998E+001  8.474679413982217E-001  1.720207905683931E+000  1.014438089402931E+000  2.556718717917180E-001
  1.399999999999998E+001  8.490929669454279E-001  1.742212213523754E+000  1.018175121249252E+000  2.556712393861711E-001
  1.449999999999998E+001  8.506587949358764E-001  1.763399718092182E+000  1.021768455105662E+000  2.556706578581999E-001
  1.499999999999998E+001  8.521679692938148E-001  1.783819931167011E+000  1.025228309639530E+000  2.556701221096256E-001
  1.549999999999998E+001  8.536229592079952E-001  1.803518313103552E+000  1.028563686211394E+000  2.556696277333219E-001
  1.599999999999998E+001  8.550261519388090E-001  1.822536689835722E+000  1.031782587561812E+000  2.556691708996978E-001
  1.649999999999998E+001  8.563798479009581E-001  1.840913617858577E+000  1.034892189198529E+000  2.556687482616981E-001
  1.699999999999998E+001  8.576862576791429E-001  1.858684704675389E+000  1.037898973156555E+000  2.556683568774220E-001
  1.749999999999998E+001  8.589475006181023E-001  1.875882891138095E+000  1.040808833073527E+000  2.556679941474082E-001
  1.799999999999998E+001  8.601656046665758E-001  1.892538701077626E+000  1.043627157608664E+000  2.556676577636245E-001
  1.849999999999998E+001  8.613425072036817E-001  1.908680462735140E+000  1.046358897455454E+000  2.556673456676937E-001
  1.899999999999998E+001  8.624800566225224E-001  1.924334505775255E+000  1.049008619819161E+000  2.556670560164263E-001
  1.949999999999998E+001  8.635800144861541E-001  1.939525337066633E+000  1.051580553218846E+000  2.556667871531669E-001
  1.999999999999998E+001  8.646440581052288E-001  1.954275797928148E+000  1.054078624742740E+000  2.556665375838026E-001
  2.049999999999998E+001  8.656737834151319E-001  1.968607205138213E+000  1.056506491356840E+000  2.556663059565397E-001
  2.099999999999998E+001  8.666707080542083E-001  1.982539477673360E+000  1.058867566480668E+000  2.556660910447530E-001
  2.149999999999998E+001  8.676362745642986E-001  1.996091250865877E+000  1.061165042759898E+000  2.556658917323559E-001
  2.199999999999998E+001  8.685718536510258E-001  2.009279979438880E+000  1.063401911754069E+000  2.556657070012526E-001
  2.249999999999998E+001  8.694787474546275E-001  2.022122030682077E+000  1.065580981098804E+000  2.556655359205260E-001
  2.299999999999998E+001  8.703581927930440E-001  2.034632768866345E+000  1.067704889581723E+000  2.556653776370709E-001
  2.349999999999998E+001  8.712113643479181E-001  2.046826631854760E+000  1.069776120479439E+000  2.556652313674548E-001
  2.399999999999998E+001  8.720393777714340E-001  2.058717200747611E+000  1.071797013432557E+000  2.556650963908041E-001
  2.449999999999998E+001  8.728432926978008E-001  2.070317263296138E+000  1.073769775080940E+000  2.556649720425734E-001
  2.499999999999998E+001  8.736241156479517E-001  2.081638871731053E+000  1.075696488639075E+000  2.556648577090628E-001
  2.549999999999998E+001  8.743828028198410E-001  2.092693395575538E+000  1.077579122558097E+000  2.556647528225794E-001
  2.599999999999998E+001  8.751202627597371E-001  2.103491569946136E+000  1.079419538394748E+000  2.556646568571533E-001
  2.649999999999998E+001  8.758373589123457E-001  2.114043539787395E+000  1.081219497986864E+000  2.556645693247333E-001
  2.699999999999998E+001  8.765349120494460E-001  2.124358900436073E+000  1.082980670018354E+000  2.556644897718006E-001
  2.799999999999998E+001  8.778806042910291E-001  2.144234626862583E+000  1.086421069634483E+000  2.556643531564451E-001
  2.899999999999998E+001  8.791560712526788E-001  2.163271242238587E+000  1.089720698101730E+000  2.556642434703282E-001
  2.999999999999998E+001  8.803667229839468E-001  2.181528837520816E+000  1.092890472910785E+000  2.556641583308849E-001
  3.099999999999998E+001  8.815174488294529E-001  2.199061676605714E+000  1.095940432356033E+000  2.556640954312338E-001
  3.199999999999998E+001  8.826126770636780E-001  2.215918882095235E+000  1.098879638635752E+000  2.556640527214242E-001
  3.299999999999999E+001  8.836564256049447E-001  2.232145038773214E+000  1.101716278549601E+000  2.556640283889549E-001
  3.399999999999999E+001  8.846523464297257E-001  2.247780714806765E+000  1.104457766779062E+000  2.556640208267335E-001
  3.499999999999999E+001  8.856037646337235E-001  2.262862912339442E+000  1.107110835487537E+000  2.556640286049293E-001
  3.599999999999999E+001  8.865137128364720E-001  2.277425458296675E+000  1.109681611309735E+000  2.556640504472518E-001
  3.699999999999999E+001  8.873849615247925E-001  2.291499344473185E+000  1.112175681839980E+000  2.556640852109454E-001
  3.799999999999999E+001  8.882200458519043E-001  2.305113024443570E+000  1.114598153364866E+000  2.556641318698404E-001
  3.899999999999999E+001  8.890212893410565E-001  2.318292673582596E+000  1.116953701225722E+000  2.556641894999227E-001
  3.999999999999999E+001  8.897908248832336E-001  2.331062417455905E+000  1.119246613925830E+000  2.556642572670036E-001
  4.099999999999999E+001  8.905306133669580E-001  2.343444533000328E+000  1.121480831893695E+000  2.556643344161255E-001
  4.199999999999999E+001  8.912424602334975E-001  2.355459626219938E+000  1.123659981656476E+000  2.556644202624384E-001
  4.299999999999999E+001  8.919280302120823E-001  2.367126789550925E+000  1.125787406053572E+000  2.556645141833038E-001
  4.399999999999999E+001  8.925888604563226E-001  2.378463741572580E+000  1.127866191020565E+000  2.556646156114435E-001
  4.499999999999999E+001  8.932263722740960E-001  2.389486951345318E+000  1.129899189392500E+000  2.556647240289705E-001
  4.599999999999999E+001  8.938418816182492E-001  2.400211749325085E+000  1.131889042108545E+000  2.556648389621773E-001
  4.699999999999999E+001  8.944366084838911E-001  2.410652426525256E+000  1.133838197144571E+000  2.556649599769650E-001
  4.799999999999999E+001  8.950116853394428E-001  2.420822323362857E+000  1.135748926453763E+000  2.556650866748310E-001
  4.899999999999999E+001  8.955681647025161E-001  2.430733909427973E+000  1.137623341156390E+000  2.556652186893307E-001
  4.999999999999999E+001  8.961070259577446E-001  2.440398855247532E+000  1.139463405186936E+000  2.556653556829533E-001
  5.099999999999999E+001  8.966291815016516E-001  2.449828096971928E+000  1.141270947578852E+000  2.556654973443530E-001
  5.199999999999999E+001  8.971354822891513E-001  2.459031894791641E+000  1.143047673543473E+000  2.556656433858934E-001
  5.399999999999999E+001  8.981075959223960E-001  2.476703307117588E+000  1.146549650861678E+000  2.556659471689048E-001
  5.599999999999999E+001  8.990248006408714E-001  2.493587850697248E+000  1.149942552514297E+000  2.556662656710286E-001
  5.799999999999999E+001  8.998922035014966E-001  2.509747469805473E+000  1.153236989555970E+000  2.556665970976913E-001
  5.999999999999999E+001  9.007142976869414E-001  2.525237384625529E+000  1.156442275131333E+000  2.556669400205720E-001
  6.199999999999999E+001  9.014950514488262E-001  2.540107003289021E+000  1.159566588447334E+000  2.556672932003139E-001
  6.399999999999999E+001  9.022379820941316E-001  2.554400688295692E+000  1.162617138263499E+000  2.556676555535058E-001
  6.599999999999999E+001  9.029462178927874E-001  2.568158402968771E+000  1.165600299671655E+000  2.556680261292171E-001
  6.799999999999999E+001  9.036225501285703E-001  2.581416259457225E+000  1.168521728104983E+000  2.556684040896877E-001
  6.999999999999999E+001  9.042694770629004E-001  2.594206985503039E+000  1.171386454930051E+000  2.556687886942789E-001
  7.199999999999999E+001  9.048892412301497E-001  2.606560323816627E+000  1.174198968120233E+000  2.556691792860650E-001
  7.399999999999999E+001  9.054838612078394E-001  2.618503375256314E+000  1.176963280745107E+000  2.556695752805740E-001
  7.599999999999999E+001  9.060551587880022E-001  2.630060894918590E+000  1.179682989424202E+000  2.556699761562867E-001
  7.799999999999999E+001  9.066047823038421E-001  2.641255548586756E+000  1.182361324451431E+000  2.556703814465806E-001
  7.999999999999999E+001  9.071342267285764E-001  2.652108135660312E+000  1.185001192960357E+000  2.556707907328702E-001
  8.199999999999999E+001  9.076448510534099E-001  2.662637783622923E+000  1.187605216241008E+000  2.556712036387438E-001
  8.399999999999999E+001  9.081378933630613E-001  2.672862118246797E+000  1.190175762116136E+000  2.556716198249278E-001
  8.599999999999999E+001  9.086144839556610E-001  2.682797413033388E+000  1.192714973124223E+000  2.556720389849504E-001
  8.799999999999999E+001  9.090756567956685E-001  2.692458720820732E+000  1.195224791128265E+000  2.556724608413924E-001
  8.999999999999999E+001  9.095223595409692E-001  2.701859990020924E+000  1.197706978865921E+000  2.556728851426343E-001
  9.499999999999999E+001  9.105924366668088E-001  2.724060110961813E+000  1.203928117983234E+000  2.556739527056890E-001
  9.999999999999999E+001  9.115883464377007E-001  2.744916861799808E+000  1.209989911376084E+000  2.556750313949381E-001
  1.050000000000000E+002  9.125198623263604E-001  2.764577427279127E+000  1.215912750690057E+000  2.556761185256060E-001
  1.100000000000000E+002  9.133950694414514E-001  2.783166720648361E+000  1.221712793403534E+000  2.556772121292714E-001
  1.150000000000000E+002  9.142207141121789E-001  2.800791578976266E+000  1.227403000070215E+000  2.556783106104845E-001
  1.200000000000000E+002  9.150024702595940E-001  2.817544027867358E+000  1.232993881270405E+000  2.556794126649040E-001
  1.250000000000000E+002  9.157451447015348E-001  2.833503850197240E+000  1.238494041399758E+000  2.556805172186734E-001
  1.300000000000000E+002  9.164528370847630E-001  2.848740627957063E+000  1.243910584509505E+000  2.556816233823030E-001
  1.350000000000000E+002  9.171290657097514E-001  2.863315380611057E+000  1.249249423144548E+000  2.556827304151514E-001
  1.400000000000000E+002  9.177768674342704E-001  2.877281891162855E+000  1.254515516778022E+000  2.556838376977392E-001
  1.450000000000000E+002  9.183988776743028E-001  2.890687788117522E+000  1.259713057931025E+000  2.556849447099471E-001
  1.500000000000000E+002  9.189973949765876E-001  2.903575434882659E+000  1.264845618735294E+000  2.556860510136873E-001
  1.550000000000000E+002  9.195744335240077E-001  2.915982665969308E+000  1.269916267181307E+000  2.556871562390168E-001
  1.600000000000000E+002  9.201317661237394E-001  2.927943400336820E+000  1.274927659883290E+000  2.556882600729246E-001
  1.610000000000000E+002  9.202397118531360E-001  2.930307359678181E+000  1.275906730496822E+000  2.556884812740735E-001
  1.620000000000000E+002  9.203469526569519E-001  2.932654633122123E+000  1.276883926777366E+000  2.556887023003184E-001
  1.640000000000000E+002  9.205599928406915E-001  2.937288977343300E+000  1.278840696793209E+000  2.556891438271617E-001
  1.660000000000000E+002  9.207703389478349E-001  2.941859550584117E+000  1.280789581741990E+000  2.556895850652282E-001
  1.680000000000000E+002  9.209780747611419E-001  2.946368056864339E+000  1.282730633159316E+000  2.556900259810840E-001
  1.700000000000000E+002  9.211832802396007E-001  2.950816134075133E+000  1.284663909471981E+000  2.556904665649463E-001
  1.750000000000000E+002  9.216901330302232E-001  2.961608645278544E+000  1.289516072057355E+000  2.556915646155146E-001
  1.800000000000000E+002  9.221826002454447E-001  2.972060358020103E+000  1.294315971281885E+000  2.556926605462699E-001
  1.850000000000000E+002  9.226616713695696E-001  2.982191908472041E+000  1.299065324929331E+000  2.556937541328429E-001
  1.900000000000000E+002  9.231282368261735E-001  2.992022143621260E+000  1.303765612180140E+000  2.556948452475594E-001
  1.950000000000000E+002  9.235831002188218E-001  3.001568319187622E+000  1.308418146811825E+000  2.556959337871593E-001
  2.000000000000000E+002  9.240269888380863E-001  3.010846271382131E+000  1.313024121010962E+000  2.556970196672896E-001
  2.050000000000000E+002  9.244605626950656E-001  3.019870566417256E+000  1.317584632585375E+000  2.556981028188060E-001
  2.100000000000000E+002  9.248844223080882E-001  3.028654631071087E+000  1.322100703335623E+000  2.556991831851996E-001
  2.150000000000000E+002  9.252991154347321E-001  3.037210867074933E+000  1.326573292351529E+000  2.557002607206813E-001
  2.200000000000000E+002  9.257051429100787E-001  3.045550751645062E+000  1.331003306100502E+000  2.557013353886661E-001
  2.250000000000000E+002  9.261029637255339E-001  3.053684926106117E+000  1.335391606314113E+000  2.557024071605289E-001
  2.300000000000000E+002  9.264929994603643E-001  3.061623274245330E+000  1.339739016270671E+000  2.557034760145593E-001
  2.350000000000000E+002  9.268756381597900E-001  3.069374991781635E+000  1.344046325861102E+000  2.557045419350701E-001
  2.400000000000000E+002  9.272512377383458E-001  3.076948648122508E+000  1.348314295706941E+000  2.557056049116299E-001
  2.450000000000000E+002  9.276201289747857E-001  3.084352241405938E+000  1.352543660526770E+000  2.557066649384012E-001
  2.500000000000000E+002  9.279826181544528E-001  3.091593247678515E+000  1.356735131899779E+000  2.557077220135625E-001
  2.550000000000000E+002  9.283389894065204E-001  3.098678664938230E+000  1.360889400541921E+000  2.557087761388053E-001
  2.600000000000000E+002  9.286895067763650E-001  3.105615052667706E+000  1.365007138185942E+000  2.557098273188932E-001
  2.650000000000000E+002  9.290344160674004E-001  3.112408567396927E+000  1.369088999138364E+000  2.557108755612754E-001
  2.700000000000000E+002  9.293739464817282E-001  3.119064994761303E+000  1.373135621572451E+000  2.557119208757461E-001
  2.800000000000000E+002  9.300450082386461E-001  3.131891320812859E+000  1.381198707099722E+000  2.557139985548496E-001
  2.900000000000000E+002  9.306965757589091E-001  3.144237452685079E+000  1.389119422734273E+000  2.557160650085832E-001
  3.000000000000000E+002  9.313300296399873E-001  3.156138260574640E+000  1.396903887303084E+000  2.557181202298113E-001
  3.100000000000000E+002  9.319465948115701E-001  3.167624967411921E+000  1.404557599102544E+000  2.557201643311318E-001
  3.150000000000000E+002  9.322459461814973E-001  3.173259594150845E+000  1.408307772393384E+000  2.557211841942997E-001
  3.200000000000000E+002  9.325415447724292E-001  3.178799794870422E+000  1.412028849053836E+000  2.557222012032909E-001
  3.250000000000000E+002  9.328335084321644E-001  3.184248707799664E+000  1.415721210511787E+000  2.557232154458690E-001
  3.300000000000000E+002  9.331219487561920E-001  3.189609317640765E+000  1.419385281641589E+000  2.557242269611587E-001
  3.350000000000000E+002  9.334069715605322E-001  3.194884465478752E+000  1.423021503818915E+000  2.557252357797242E-001
  3.400000000000000E+002  9.336886773005443E-001  3.200076857849552E+000  1.426630322529789E+000  2.557262419282291E-001
  3.500000000000000E+002  9.342475071595865E-001  3.210161520110998E+000  1.433815204546854E+000  2.557282429043932E-001
  3.550000000000000E+002  9.345198261815872E-001  3.215120732439625E+000  1.437343321473330E+000  2.557292412980264E-001
  3.600000000000000E+002  9.347891814630530E-001  3.220006824948074E+000  1.440845919154468E+000  2.557302370529697E-001
  3.650000000000000E+002  9.350556518601953E-001  3.224821944904749E+000  1.444323366756344E+000  2.557312302374503E-001
  3.700000000000000E+002  9.353193126546371E-001  3.229568146452187E+000  1.447776051324545E+000  2.557322208843819E-001
  3.800000000000000E+002  9.358428181270767E-001  3.238808862560278E+000  1.454649398597872E+000  2.557341915322764E-001
  3.900000000000000E+002  9.363557282055597E-001  3.247799206317609E+000  1.461424736170422E+000  2.557361525373232E-001
  3.950000000000000E+002  9.366063706471693E-001  3.252228824829326E+000  1.464757853831431E+000  2.557371309904133E-001
  4.000000000000000E+002  9.368545893714146E-001  3.256600164089083E+000  1.468068641165537E+000  2.557381069830521E-001
  4.050000000000000E+002  9.371004403330609E-001  3.260914756435669E+000  1.471357406421928E+000  2.557390805807635E-001
  4.100000000000000E+002  9.373439772769998E-001  3.265174074515105E+000  1.474624475493322E+000  2.557400518163788E-001
  4.200000000000000E+002  9.378279427278799E-001  3.273489266910303E+000  1.481128462913445E+000  2.557419844685482E-001
  4.300000000000000E+002  9.383031060932011E-001  3.281601720913514E+000  1.487546907515818E+000  2.557439081328201E-001
  4.400000000000000E+002  9.387698343377142E-001  3.289521216248400E+000  1.493882711793342E+000  2.557458228990948E-001
  4.500000000000000E+002  9.392284692877177E-001  3.297256841510634E+000  1.500138581470393E+000  2.557477289074404E-001
  4.600000000000000E+002  9.396793299999285E-001  3.304817057548408E+000  1.506317076908624E+000  2.557496263049356E-001
  4.700000000000000E+002  9.401227148653770E-001  3.312209753836012E+000  1.512420633761660E+000  2.557515152382318E-001
  4.800000000000000E+002  9.405589034740873E-001  3.319442298695451E+000  1.518451574414636E+000  2.557533958514090E-001
  4.900000000000000E+002  9.409881582697280E-001  3.326521584138749E+000  1.524412116097506E+000  2.557552682853019E-001
  5.000000000000000E+002  9.414107260210677E-001  3.333454066001960E+000  1.530304377465943E+000  2.557571326772718E-001
  5.100000000000000E+002  9.418268391337896E-001  3.340245799949066E+000  1.536130384307868E+000  2.557589891611446E-001
  5.200000000000000E+002  9.422367168229741E-001  3.346902473843599E+000  1.541892074666841E+000  2.557608378672200E-001
  5.300000000000000E+002  9.426405661637494E-001  3.353429436917847E+000  1.547591303532073E+000  2.557626789223201E-001
  5.400000000000000E+002  9.430385830351409E-001  3.359831726111446E+000  1.553229847181548E+000  2.557645124498590E-001
  5.500000000000000E+002  9.434309529700653E-001  3.366114089902022E+000  1.558809407232822E+000  2.557663385699259E-001
  5.600000000000000E+002  9.438178519226418E-001  3.372281009908446E+000  1.564331614438709E+000  2.557681573993741E-001
  5.700000000000000E+002  9.441994469624573E-001  3.378336720511574E+000  1.569798032254802E+000  2.557699690519156E-001
  5.800000000000000E+002  9.445758969041710E-001  3.384285226706395E+000  1.575210160199552E+000  2.557717736382177E-001
  5.900000000000000E+002  9.449473528797009E-001  3.390130320373239E+000  1.580569437023506E+000  2.557735712660005E-001
  6.000000000000000E+002  9.453139588593302E-001  3.395875595132873E+000  1.585877243701576E+000  2.557753620401331E-001
  6.100000000000000E+002  9.456758521272526E-001  3.401524459930613E+000  1.591134906260247E+000  2.557771460627300E-001
  6.200000000000000E+002  9.460331637163900E-001  3.407080151477631E+000  1.596343698450258E+000  2.557789234332441E-001
  6.300000000000000E+002  9.463860188067126E-001  3.412545745662705E+000  1.601504844274153E+000  2.557806942485578E-001
  6.400000000000000E+002  9.467345370908028E-001  3.417924168034952E+000  1.606619520377344E+000  2.557824586030743E-001
  6.500000000000000E+002  9.470788331099288E-001  3.423218203446657E+000  1.611688858310574E+000  2.557842165888017E-001
  6.600000000000000E+002  9.474190165635452E-001  3.428430504935694E+000  1.616713946671159E+000  2.557859682954381E-001
  6.700000000000000E+002  9.477551925947733E-001  3.433563601918227E+000  1.621695833129872E+000  2.557877138104521E-001
  6.800000000000000E+002  9.480874620541492E-001  3.438619907754957E+000  1.626635526349929E+000  2.557894532191595E-001
  6.900000000000000E+002  9.484159217436614E-001  3.443601726747516E+000  1.631533997804140E+000  2.557911866048002E-001
  7.000000000000000E+002  9.487406646428783E-001  3.448511260615615E+000  1.636392183495951E+000  2.557929140486085E-001
  7.100000000000000E+002  9.490617801187757E-001  3.453350614500588E+000  1.641210985589778E+000  2.557946356298839E-001
  7.200000000000000E+002  9.493793541207134E-001  3.458121802536180E+000  1.645991273955735E+000  2.557963514260559E-001
  7.400000000000000E+002  9.500094560495062E-001  3.467410439044239E+000  1.655485881478158E+000  2.557997598098404E-001
  7.600000000000000E+002  9.506260789926650E-001  3.476451551509238E+000  1.664832230121131E+000  2.558031462402307E-001
  7.700000000000000E+002  9.509271201350520E-001  3.480909387701739E+000  1.669430343581966E+000  2.558048343354030E-001
  7.800000000000000E+002  9.512250708055777E-001  3.485309494538771E+000  1.673994699778159E+000  2.558065170093954E-001
  7.900000000000000E+002  9.515199976778743E-001  3.489653375849419E+000  1.678525940105096E+000  2.558081943740514E-001
  8.000000000000000E+002  9.518119651380721E-001  3.493942477157936E+000  1.683024702286576E+000  2.558098665038883E-001
  8.200000000000000E+002  9.523915845592202E-001  3.502315391041455E+000  1.691965599241198E+000  2.558131898125144E-001
  8.400000000000000E+002  9.529598857387686E-001  3.510487436698354E+000  1.700780874237029E+000  2.558164932019191E-001
  8.600000000000000E+002  9.535173217475651E-001  3.518468203202798E+000  1.709475406948635E+000  2.558197770680657E-001
  8.800000000000000E+002  9.540643177401796E-001  3.526266605676739E+000  1.718053718194914E+000  2.558230418408499E-001
  9.000000000000000E+002  9.546012732432497E-001  3.533890947044459E+000  1.726520027784368E+000  2.558262879414060E-001
  9.200000000000000E+002  9.551285642204754E-001  3.541348972896612E+000  1.734878288790102E+000  2.558295157773249E-001
  9.400000000000000E+002  9.556465449348099E-001  3.548647920349278E+000  1.743132213532109E+000  2.558327257420359E-001
  9.600000000000000E+002  9.561555496293601E-001  3.555794561665285E+000  1.751285294987317E+000  2.558359182150265E-001
  9.800000000000000E+002  9.566558940469935E-001  3.562795243295678E+000  1.759340825150250E+000  2.558390935623212E-001
  1.000000000000000E+003  9.571478768065924E-001  3.569655920905658E+000  1.767301911140932E+000  2.558422521370520E-001
  1.020000000000000E+003  9.576317806518202E-001  3.576382190870217E+000  1.775171489532583E+000  2.558453942800527E-001
  1.040000000000000E+003  9.581078735863529E-001  3.582979318657894E+000  1.782952339208370E+000  2.558485203204403E-001
  1.060000000000000E+003  9.585764099078213E-001  3.589452264464331E+000  1.790647092966934E+000  2.558516305761781E-001
  1.080000000000000E+003  9.590376311512128E-001  3.595805706409352E+000  1.798258248043305E+000  2.558547253546089E-001
  1.100000000000000E+003  9.594917669511808E-001  3.602044061570274E+000  1.805788175677702E+000  2.558578049529601E-001
  1.120000000000000E+003  9.599390358315826E-001  3.608171505089235E+000  1.813239129841271E+000  2.558608696588170E-001
  1.140000000000000E+003  9.603796459295703E-001  3.614191987562473E+000  1.820613255210775E+000  2.558639197505724E-001
  1.160000000000000E+003  9.608137956607203E-001  3.620109250893556E+000  1.827912594471072E+000  2.558669554978440E-001
  1.180000000000000E+003  9.612416743309410E-001  3.625926842770764E+000  1.835139095013870E+000  2.558699771618704E-001
  1.200000000000000E+003  9.616634627002411E-001  3.631648129909376E+000  1.842294615092689E+000  2.558729849958830E-001
  1.220000000000000E+003  9.620793335028970E-001  3.637276310183305E+000  1.849380929486822E+000  2.558759792454547E-001
  1.240000000000000E+003  9.624894519280409E-001  3.642814423756008E+000  1.856399734721058E+000  2.558789601488293E-001
  1.260000000000000E+003  9.628939760642738E-001  3.648265363308182E+000  1.863352653882674E+000  2.558819279372320E-001
  1.280000000000000E+003  9.632930573115288E-001  3.653631883448824E+000  1.870241241072699E+000  2.558848828351620E-001
  1.300000000000000E+003  9.636868407630564E-001  3.658916609386692E+000  1.877066985524510E+000  2.558878250606692E-001
  1.320000000000000E+003  9.640754655601391E-001  3.664122044930879E+000  1.883831315419338E+000  2.558907548256146E-001
  1.340000000000000E+003  9.644590652218477E-001  3.669250579881819E+000  1.890535601425212E+000  2.558936723359186E-001
  1.360000000000000E+003  9.648377679519470E-001  3.674304496867737E+000  1.897181159983199E+000  2.558965777917935E-001
  1.380000000000000E+003  9.652116969248491E-001  3.679285977675637E+000  1.903769256362364E+000  2.558994713879661E-001
  1.400000000000000E+003  9.655809705523084E-001  3.684197109121153E+000  1.910301107502801E+000  2.559023533138873E-001
  1.450000000000000E+003  9.664954104731459E-001  3.696065228851576E+000  1.926486473916391E+000  2.559094869069999E-001
  1.500000000000000E+003  9.673823281460388E-001  3.707542578786413E+000  1.942334433246541E+000  2.559165526422874E-001
  1.510000000000000E+003  9.675539501023133E-001  3.709821069629539E+000  1.945441838177102E+000  2.559179633274959E-001
  1.520000000000000E+003  9.677245837706456E-001  3.712084778261801E+000  1.948537172879794E+000  2.559193712741580E-001
  1.540000000000000E+003  9.680641824571096E-001  3.716555146453371E+000  1.954703338285643E+000  2.559221765180076E-001
  1.560000000000000E+003  9.683999257723540E-001  3.720969016348145E+000  1.960821699004157E+000  2.559249714249405E-001
  1.580000000000000E+003  9.687318990049898E-001  3.725327825221337E+000  1.966893103799770E+000  2.559277561445691E-001
  1.600000000000000E+003  9.690601845414927E-001  3.729632955783794E+000  1.972918383758272E+000  2.559305308280537E-001
  1.620000000000000E+003  9.693848620033277E-001  3.733885738921995E+000  1.978898349944758E+000  2.559332956213332E-001
  1.640000000000000E+003  9.697060083748597E-001  3.738087456266654E+000  1.984833792141712E+000  2.559360506656901E-001
  1.660000000000000E+003  9.700236981231727E-001  3.742239342603012E+000  1.990725478508809E+000  2.559387960983449E-001
  1.680000000000000E+003  9.703380033106619E-001  3.746342588134779E+000  1.996574155762934E+000  2.559415320528480E-001
  1.700000000000000E+003  9.706489937010478E-001  3.750398340612432E+000  2.002380549644457E+000  2.559442586593550E-001
  1.710000000000000E+003  9.708027634818099E-001  3.752414212702796E+000  2.005263550191022E+000  2.559456196780238E-001
  1.720000000000000E+003  9.709557360755691E-001  3.754418559800403E+000  2.008136351758233E+000  2.559469783792962E-001
  1.740000000000000E+003  9.712602992788447E-001  3.758382601256373E+000  2.013860450922796E+000  2.559496866280263E-001
  1.760000000000000E+003  9.715617442947728E-001  3.762302357858448E+000  2.019544294128679E+000  2.559523859216469E-001
  1.780000000000000E+003  9.718601326230897E-001  3.766178826421160E+000  2.025188541963894E+000  2.559550763644883E-001
  1.800000000000000E+003  9.721555239162489E-001  3.770012970231384E+000  2.030793831814245E+000  2.559577580686513E-001
  1.820000000000000E+003  9.724479760539696E-001  3.773805720538688E+000  2.036360781597219E+000  2.559604311455099E-001
  1.840000000000000E+003  9.727375452144255E-001  3.777557977964653E+000  2.041889991681715E+000  2.559630957046626E-001
  1.860000000000000E+003  9.730242859420398E-001  3.781270613835784E+000  2.047382046154890E+000  2.559657518536372E-001
  1.880000000000000E+003  9.733082512119866E-001  3.784944471444789E+000  2.052837513771241E+000  2.559683996977928E-001
  1.900000000000000E+003  9.735894924915466E-001  3.788580367244667E+000  2.058256948727903E+000  2.559710393403048E-001
  1.950000000000000E+003  9.742869222347533E-001  3.797445020949457E+000  2.071702191471231E+000  2.559775884426028E-001
  2.000000000000000E+003  9.749680444318306E-001  3.806092200260285E+000  2.084929403277962E+000  2.559840891110506E-001
  2.010000000000000E+003  9.751009236349949E-001  3.807812326256570E+000  2.087536684117116E+000  2.559853873798492E-001
  2.020000000000000E+003  9.752332009970768E-001  3.809524103417578E+000  2.090135896597323E+000  2.559866836919727E-001
  2.040000000000000E+003  9.754966762732483E-001  3.812915166582935E+000  2.095316540695712E+000  2.559892687049590E-001
  2.060000000000000E+003  9.757577907238848E-001  3.816273956076014E+000  2.100465193124759E+000  2.559918462561826E-001
  2.080000000000000E+003  9.760165846215556E-001  3.819601091370813E+000  2.105582285501950E+000  2.559944164325844E-001
  2.100000000000000E+003  9.762730971984507E-001  3.822897174138731E+000  2.110668245409085E+000  2.559969793215293E-001
  2.150000000000000E+003  9.769094733880109E-001  3.830952373069417E+000  2.123290907215261E+000  2.560033421598416E-001
  2.200000000000000E+003  9.775321473414411E-001  3.838828206162461E+000  2.135724882584378E+000  2.560096617871832E-001
  2.250000000000000E+003  9.781416708240903E-001  3.846532621533412E+000  2.147976706330982E+000  2.560159392590898E-001
  2.300000000000000E+003  9.787385628640733E-001  3.854073046817075E+000  2.160052485674010E+000  2.560221756488432E-001
  2.350000000000000E+003  9.793233123186054E-001  3.861456433785416E+000  2.171957993024938E+000  2.560283719967185E-001
  2.400000000000000E+003  9.798963802043715E-001  3.868689298295968E+000  2.183698712375328E+000  2.560345293009431E-001
  2.450000000000000E+003  9.804582018093042E-001  3.875777756132641E+000  2.195279868718430E+000  2.560406485165624E-001
  2.500000000000000E+003  9.810091886070830E-001  3.882727555231890E+000  2.206706450024833E+000  2.560467305566566E-001
  2.550000000000000E+003  9.815497299950701E-001  3.889544104722026E+000  2.217983225267859E+000  2.560527762942627E-001
  2.600000000000000E+003  9.820801948745083E-001  3.896232501146366E+000  2.229114759930433E+000  2.560587865644610E-001
  2.650000000000000E+003  9.826009330897550E-001  3.902797552191875E+000  2.240105429665265E+000  2.560647621664332E-001
  2.700000000000000E+003  9.831122767413658E-001  3.909243798202966E+000  2.250959432479295E+000  2.560707038654265E-001
  2.750000000000000E+003  9.836145413861076E-001  3.915575531724277E+000  2.261680799682108E+000  2.560766123946108E-001
  2.800000000000000E+003  9.841080271354378E-001  3.921796815285397E+000  2.272273405773172E+000  2.560824884568225E-001
  2.850000000000000E+003  9.845930196626534E-001  3.927911497614290E+000  2.282740977405741E+000  2.560883327262004E-001
  2.900000000000000E+003  9.850697911277351E-001  3.933923228443244E+000  2.293087101541192E+000  2.560941458497220E-001
  2.950000000000000E+003  9.855386010278945E-001  3.939835472051703E+000  2.303315232890100E+000  2.560999284486444E-001
  3.000000000000000E+003  9.859996969809385E-001  3.945651519673265E+000  2.313428700722838E+000  2.561056811198559E-001
  3.050000000000000E+003  9.864533154477922E-001  3.951374500879453E+000  2.323430715121426E+000  2.561114044371490E-001
  3.100000000000000E+003  9.868996823998072E-001  3.957007394040026E+000  2.333324372735066E+000  2.561170989524115E-001
  3.150000000000000E+003  9.873390139359232E-001  3.962553035948394E+000  2.343112662093945E+000  2.561227651967544E-001
  3.200000000000000E+003  9.877715168541781E-001  3.968014130691021E+000  2.352798468528982E+000  2.561284036815655E-001
  3.250000000000000E+003  9.881973891816234E-001  3.973393257831010E+000  2.362384578739367E+000  2.561340148995078E-001
  3.300000000000000E+003  9.886168206662718E-001  3.978692879968709E+000  2.371873685044545E+000  2.561395993254567E-001
  3.350000000000000E+003  9.890299932343466E-001  3.983915349735429E+000  2.381268389352892E+000  2.561451574173838E-001
  3.400000000000000E+003  9.894370814157719E-001  3.989062916270664E+000  2.390571206875404E+000  2.561506896171918E-001
  3.450000000000000E+003  9.898382527405619E-001  3.994137731227956E+000  2.399784569609396E+000  2.561561963514997E-001
  3.500000000000000E+003  9.902336681085020E-001  3.999141854350071E+000  2.408910829614238E+000  2.561616780323860E-001
  3.550000000000000E+003  9.906234821342915E-001  4.004077258650094E+000  2.417952262098642E+000  2.561671350580891E-001
  3.600000000000000E+003  9.910078434701131E-001  4.008945835231444E+000  2.426911068336712E+000  2.561725678136685E-001
  3.650000000000000E+003  9.913868951074153E-001  4.013749397776696E+000  2.435789378428109E+000  2.561779766716295E-001
  3.700000000000000E+003  9.917607746595158E-001  4.018489686732132E+000  2.444589253915866E+000  2.561833619925141E-001
  3.750000000000000E+003  9.921296146265054E-001  4.023168373212550E+000  2.453312690273924E+000  2.561887241254581E-001
  3.800000000000000E+003  9.924935426437945E-001  4.027787062648487E+000  2.461961619275152E+000  2.561940634087193E-001
  3.850000000000000E+003  9.928526817155193E-001  4.032347298196041E+000  2.470537911249359E+000  2.561993801701756E-001
  3.900000000000000E+003  9.932071504339243E-001  4.036850563927623E+000  2.479043377239818E+000  2.562046747277964E-001
  4.000000000000000E+003  9.939069165302464E-001  4.045639308165113E+000  2.495891439078445E+000  2.562151783399850E-001
  4.100000000000000E+003  9.945890711725901E-001  4.054219188985849E+000  2.512474214331059E+000  2.562255973870254E-001
  4.150000000000000E+003  9.949218003959560E-001  4.058458064586325E+000  2.520649940708721E+000  2.562307854752275E-001
  4.200000000000000E+003  9.952504881997679E-001  4.062647787436086E+000  2.528764564530869E+000  2.562359530266324E-001
  4.250000000000000E+003  9.955752275070336E-001  4.066789502182387E+000  2.536819528986892E+000  2.562411003514002E-001
  4.300000000000000E+003  9.958961081841224E-001  4.070884313755885E+000  2.544816247501983E+000  2.562462277121329E-001
  4.350000000000000E+003  9.962132171706185E-001  4.074933289194250E+000  2.552756089620347E+000  2.562513353556983E-001
  4.400000000000000E+003  9.965266386019223E-001  4.078937459360136E+000  2.560640379937293E+000  2.562564235208009E-001
  4.500000000000000E+003  9.971461588201311E-001  4.086773653078986E+000  2.576283707033358E+000  2.562665247277808E-001
  4.600000000000000E+003  9.977517009546122E-001  4.094443971706054E+000  2.591717948514512E+000  2.562765512320609E-001
  4.700000000000000E+003  9.983438590147018E-001  4.101955399019174E+000  2.606952348708391E+000  2.562865046794285E-001
  4.750000000000000E+003  9.986335858619733E-001  4.105672143964639E+000  2.614480462628697E+000  2.562914627821165E-001
  4.800000000000000E+003  9.989202094271314E-001  4.109351203867091E+000  2.621962221369896E+000  2.562964030861359E-001
  4.850000000000000E+003  9.992037932585146E-001  4.112993347353972E+000  2.629398627928436E+000  2.563013258206874E-001
  4.900000000000000E+003  9.994843990368387E-001  4.116599319666397E+000  2.636790660986278E+000  2.563062311793590E-001
  5.000000000000000E+003  1.000039651489869E+000  4.123671732492035E+000  2.651477053023629E+000  2.563159748128070E-001
  5.100000000000000E+003  1.000583565331367E+000  4.130609188682945E+000  2.665995502091483E+000  2.563256514669847E-001
  5.200000000000000E+003  1.001116580323236E+000  4.137416822001086E+000  2.680352822817488E+000  2.563352624611481E-001
  5.300000000000000E+003  1.001639111887627E+000  4.144099477432663E+000  2.694555450675082E+000  2.563448090982046E-001
  5.400000000000000E+003  1.002151552828443E+000  4.150661732496661E+000  2.708609463299266E+000  2.563542926304680E-001
  5.500000000000000E+003  1.002654274902892E+000  4.157107916618828E+000  2.722520597060476E+000  2.563637142606224E-001
  5.600000000000000E+003  1.003147630260005E+000  4.163442128778765E+000  2.736294266483644E+000  2.563730751456679E-001
  5.700000000000000E+003  1.003631952760091E+000  4.169668253612496E+000  2.749935584525937E+000  2.563823764002689E-001
  5.800000000000000E+003  1.004107559186985E+000  4.175789976130527E+000  2.763449382308780E+000  2.563916190994888E-001
  5.900000000000000E+003  1.004574750363384E+000  4.181810795192131E+000  2.776840227777030E+000  2.564008042811444E-001
  6.000000000000000E+003  1.005033812178394E+000  4.187734035860087E+000  2.790112443157523E+000  2.564099329479112E-001
  6.100000000000000E+003  1.005485016535368E+000  4.193562860745891E+000  2.803270121232437E+000  2.564190060692396E-001
  6.200000000000000E+003  1.005928622227287E+000  4.199300280442936E+000  2.816317140487424E+000  2.564280245831153E-001
  6.300000000000000E+003  1.006364875746162E+000  4.204949163134362E+000  2.829257179204918E+000  2.564369893976796E-001
  6.400000000000000E+003  1.006794012032245E+000  4.210512243452817E+000  2.842093728572858E+000  2.564459013927290E-001
  6.500000000000000E+003  1.007216255168303E+000  4.215992130661021E+000  2.854830104875818E+000  2.564547614211027E-001
  6.600000000000000E+003  1.007631819023635E+000  4.221391316214749E+000  2.867469460831510E+000  2.564635703099705E-001
  6.700000000000000E+003  1.008040907852072E+000  4.226712180763383E+000  2.880014796131716E+000  2.564723288620294E-001
  6.800000000000000E+003  1.008443716847802E+000  4.231957000637592E+000  2.892468967242814E+000  2.564810378566194E-001
  6.900000000000000E+003  1.008840432662472E+000  4.237127953868547E+000  2.904834696517385E+000  2.564896980507624E-001
  7.000000000000000E+003  1.009231233886703E+000  4.242227125778776E+000  2.917114580664970E+000  2.564983101801368E-001
  7.100000000000000E+003  1.009616291498877E+000  4.247256514180723E+000  2.929311098626695E+000  2.565068749599869E-001
  7.200000000000000E+003  1.009995769283770E+000  4.252218034215630E+000  2.941426618895460E+000  2.565153930859787E-001
  7.300000000000000E+003  1.010369824223389E+000  4.257113522862211E+000  2.953463406320528E+000  2.565238652350031E-001
  7.400000000000000E+003  1.010738606862163E+000  4.261944743141793E+000  2.965423628432659E+000  2.565322920659325E-001
  7.500000000000000E+003  1.011102261648430E+000  4.266713388044185E+000  2.977309361323627E+000  2.565406742203330E-001
  7.600000000000000E+003  1.011460927254019E+000  4.271421084196183E+000  2.989122595111521E+000  2.565490123231383E-001
  7.700000000000000E+003  1.011814736873557E+000  4.276069395292758E+000  3.000865239021337E+000  2.565573069832855E-001
  7.800000000000000E+003  1.012163818504985E+000  4.280659825309128E+000  3.012539126108246E+000  2.565655587943178E-001
  7.900000000000000E+003  1.012508295212673E+000  4.285193821510231E+000  3.024146017649237E+000  2.565737683349545E-001
  8.000000000000000E+003  1.012848285374367E+000  4.289672777272870E+000  3.035687607227046E+000  2.565819361696337E-001
  8.100000000000000E+003  1.013183902913142E+000  4.294098034734218E+000  3.047165524528717E+000  2.565900628490254E-001
  8.200000000000000E+003  1.013515257515411E+000  4.298470887279477E+000  3.058581338879601E+000  2.565981489105219E-001
  8.300000000000000E+003  1.013842454835955E+000  4.302792581880196E+000  3.069936562532184E+000  2.566061948787018E-001
  8.400000000000000E+003  1.014165596690901E+000  4.307064321293919E+000  3.081232653727814E+000  2.566142012657753E-001
  8.500000000000000E+003  1.014484781239441E+000  4.311287266134913E+000  3.092471019548076E+000  2.566221685720058E-001
  8.600000000000000E+003  1.014800103155079E+000  4.315462536824947E+000  3.103653018571402E+000  2.566300972861152E-001
  8.700000000000000E+003  1.015111653787102E+000  4.319591215432337E+000  3.114779963349434E+000  2.566379878856680E-001
  8.800000000000000E+003  1.015419521312922E+000  4.323674347406916E+000  3.125853122716485E+000  2.566458408374414E-001
  8.900000000000000E+003  1.015723790881899E+000  4.327712943217863E+000  3.136873723944608E+000  2.566536565977781E-001
  9.000000000000000E+003  1.016024544751190E+000  4.331707979900847E+000  3.147842954755748E+000  2.566614356129239E-001
  9.100000000000000E+003  1.016321862414158E+000  4.335660402520516E+000  3.158761965201669E+000  2.566691783193515E-001
  9.200000000000000E+003  1.016615820721795E+000  4.339571125553750E+000  3.169631869421517E+000  2.566768851440717E-001
  9.300000000000000E+003  1.016906493997620E+000  4.343441034198822E+000  3.180453747286154E+000  2.566845565049306E-001
  9.400000000000000E+003  1.017193954146456E+000  4.347270985615166E+000  3.191228645937682E+000  2.566921928108957E-001
  9.600000000000000E+003  1.017762408473207E+000  4.354776547123894E+000  3.212691287492819E+000  2.567073309864253E-001
  9.800000000000000E+003  1.018318686696585E+000  4.362133459200484E+000  3.233974983481384E+000  2.567223344113992E-001
  9.900000000000000E+003  1.018591071814161E+000  4.365775618827591E+000  3.244528338850929E+000  2.567298013546445E-001
  1.000000000000000E+004  1.018860629339539E+000  4.369382436268539E+000  3.255040482291961E+000  2.567372355118572E-001
  1.010000000000000E+004  1.019127416890488E+000  4.372954602168194E+000  3.265512244942752E+000  2.567446372467049E-001
  1.020000000000000E+004  1.019391490352301E+000  4.376492787013916E+000  3.275944439102337E+000  2.567520069064257E-001
  1.040000000000000E+004  1.019914169632973E+000  4.383437544128191E+000  3.296737495319638E+000  2.567666231322195E-001
  1.060000000000000E+004  1.020426520910801E+000  4.390255172449741E+000  3.317379250918711E+000  2.567811157265023E-001
  1.080000000000000E+004  1.020928940517154E+000  4.396950317260641E+000  3.337875808591426E+000  2.567954871959369E-001
  1.100000000000000E+004  1.021421802605571E+000  4.403527372509797E+000  3.358232916448221E+000  2.568097399653131E-001
  1.120000000000000E+004  1.021905460758475E+000  4.409990498663348E+000  3.378456010756541E+000  2.568238763747600E-001
  1.140000000000000E+004  1.022380249453997E+000  4.416343638997324E+000  3.398550247051995E+000  2.568378986835039E-001
  1.160000000000000E+004  1.022846485405949E+000  4.422590534492088E+000  3.418520522724181E+000  2.568518090731515E-001
  1.180000000000000E+004  1.023304468789269E+000  4.428734737469981E+000  3.438371495041426E+000  2.568656096512366E-001
  1.200000000000000E+004  1.023754484362248E+000  4.434779624101160E+000  3.458107596625984E+000  2.568793024548356E-001
  1.220000000000000E+004  1.024196802495663E+000  4.440728405888614E+000  3.477733049236865E+000  2.568928894540616E-001
  1.240000000000000E+004  1.024631680117863E+000  4.446584140230773E+000  3.497251876259662E+000  2.569063725553765E-001
  1.260000000000000E+004  1.025059361583857E+000  4.452349740149335E+000  3.516667914129927E+000  2.569197536047038E-001
  1.280000000000000E+004  1.025480079475594E+000  4.458027983260235E+000  3.535984822843763E+000  2.569330343903500E-001
  1.300000000000000E+004  1.025894055339853E+000  4.463621520057484E+000  3.555206095671767E+000  2.569462166457469E-001
  1.320000000000000E+004  1.026301500369465E+000  4.469132881572100E+000  3.574335068169725E+000  2.569593020520199E-001
  1.340000000000000E+004  1.026702616033006E+000  4.474564486461941E+000  3.593374926563183E+000  2.569722922404022E-001
  1.360000000000000E+004  1.027097594657547E+000  4.479918647582488E+000  3.612328715570673E+000  2.569851887945024E-001
  1.380000000000000E+004  1.027486619968612E+000  4.485197578083556E+000  3.631199345720179E+000  2.569979932524358E-001
  1.400000000000000E+004  1.027869867591024E+000  4.490403397072473E+000  3.649989600205158E+000  2.570107071088298E-001
  1.420000000000000E+004  1.028247505514015E+000  4.495538134880183E+000  3.668702141319554E+000  2.570233318167141E-001
  1.440000000000000E+004  1.028619694523583E+000  4.500603737963330E+000  3.687339516505705E+000  2.570358687892992E-001
  1.460000000000000E+004  1.028986588604847E+000  4.505602073472062E+000  3.705904164044627E+000  2.570483194016578E-001
  1.480000000000000E+004  1.029348335316834E+000  4.510534933510644E+000  3.724398418414607E+000  2.570606849923061E-001
  1.500000000000000E+004  1.029705076141958E+000  4.515404039115316E+000  3.742824515341239E+000  2.570729668646999E-001
  1.520000000000000E+004  1.030056946812186E+000  4.520211043971652E+000  3.761184596559809E+000  2.570851662886478E-001
  1.540000000000000E+004  1.030404077613747E+000  4.524957537891697E+000  3.779480714309053E+000  2.570972845016452E-001
  1.560000000000000E+004  1.030746593672048E+000  4.529645050069203E+000  3.797714835573699E+000  2.571093227101376E-001
  1.580000000000000E+004  1.031084615218308E+000  4.534275052129848E+000  3.815888846091891E+000  2.571212820907154E-001
  1.600000000000000E+004  1.031418257839315E+000  4.538848960991722E+000  3.834004554142325E+000  2.571331637912468E-001
  1.620000000000000E+004  1.031747632711552E+000  4.543368141550051E+000  3.852063694124837E+000  2.571449689319499E-001
  1.640000000000000E+004  1.032072846820857E+000  4.547833909199051E+000  3.870067929947160E+000  2.571566986064115E-001
  1.660000000000000E+004  1.032394003168670E+000  4.552247532202554E+000  3.888018858229667E+000  2.571683538825528E-001
  1.680000000000000E+004  1.032711200965842E+000  4.556610233924234E+000  3.905918011339106E+000  2.571799358035483E-001
  1.700000000000000E+004  1.033024535814876E+000  4.560923194927279E+000  3.923766860261451E+000  2.571914453886978E-001
  1.720000000000000E+004  1.033334099881434E+000  4.565187554952564E+000  3.941566817323479E+000  2.572028836342583E-001
  1.740000000000000E+004  1.033639982055849E+000  4.569404414783729E+000  3.959319238771846E+000  2.572142515142338E-001
  1.760000000000000E+004  1.033942268105329E+000  4.573574838006777E+000  3.977025427218044E+000  2.572255499811292E-001
  1.780000000000000E+004  1.034241040817483E+000  4.577699852671318E+000  3.994686633956917E+000  2.572367799666683E-001
  1.800000000000000E+004  1.034536380135766E+000  4.581780452859971E+000  4.012304061166078E+000  2.572479423824804E-001
  1.820000000000000E+004  1.034828363287368E+000  4.585817600171969E+000  4.029878863992996E+000  2.572590381207541E-001
  1.840000000000000E+004  1.035117064904048E+000  4.589812225126553E+000  4.047412152536223E+000  2.572700680548611E-001
  1.860000000000000E+004  1.035402557136379E+000  4.593765228491229E+000  4.064904993726734E+000  2.572810330399566E-001
  1.880000000000000E+004  1.035684909761817E+000  4.597677482539802E+000  4.082358413115108E+000  2.572919339135476E-001
  1.900000000000000E+004  1.035964190287000E+000  4.601549832244457E+000  4.099773396569868E+000  2.573027714960406E-001
  1.920000000000000E+004  1.036240464044633E+000  4.605383096406134E+000  4.117150891892018E+000  2.573135465912668E-001
  1.940000000000000E+004  1.036513794285296E+000  4.609178068726853E+000  4.134491810350528E+000  2.573242599869805E-001
  1.960000000000000E+004  1.036784242264499E+000  4.612935518827660E+000  4.151797028143224E+000  2.573349124553423E-001
  1.980000000000000E+004  1.037051867325266E+000  4.616656193215408E+000  4.169067387787321E+000  2.573455047533783E-001
  2.000000000000000E+004  1.037316726976523E+000  4.620340816201415E+000  4.186303699443522E+000  2.573560376234221E-001
