! time                    int_density             frank_density           perfect_density         vac_density             faulted_density         void_density            
  0.000000000000000E+000  0.000000000000000E+000  0.000000000000000E+000  0.000000000000000E+000  2.140585232712487E-007  0.000000000000000E+000  0.000000000000000E+000
  1.000000000000000E-001  4.149508201244165E-006  6.805533193714107E-004  5.857763669271767E-006  3.345691298586381E-002  3.756871783779505E-004  1.882413393941472E-011
  2.000000000000000E-001  2.951138824982148E-006  1.340601971349449E-003  3.838869124330954E-006  5.363983294757815E-002  6.981180169063507E-004  3.072174007262939E-011
  3.000000000000000E-001  2.377379698302663E-006  1.977699236863272E-003  2.982574838039943E-006  6.950895905236563E-002  9.967816476440991E-004  4.024077921317799E-011
  4.000000000000001E-001  2.032724523407185E-006  2.590824290022253E-003  2.495896348173857E-006  8.290185277615883E-002  1.281677380237205E-003  4.832935836641102E-011
  5.000000000000001E-001  1.804871457259307E-006  3.175202345345460E-003  2.183182216058496E-006  9.427862710333143E-002  1.556253183050761E-003  5.520697662711817E-011
  6.000000000000002E-001  1.641393664004346E-006  3.734002356468747E-003  1.962461881931268E-006  1.042640151506402E-001  1.824583916733639E-003  6.123577554259538E-011
  7.000000000000003E-001  1.519054053805900E-006  4.267051439688614E-003  1.798618801969210E-006  1.130502570944375E-001  2.088224668232812E-003  6.652482285068364E-011
  8.000000000000004E-001  1.424664845127117E-006  4.774602399776948E-003  1.672491590518839E-006  1.207760813437653E-001  2.348228414753224E-003  7.115793529332689E-011
  9.000000000000005E-001  1.350135365055272E-006  5.257287840386581E-003  1.572690822068246E-006  1.275510040123168E-001  2.605312314411101E-003  7.520453603630385E-011
  1.000000000000000E+000  1.290203047547300E-006  5.716065473527585E-003  1.491992397887969E-006  1.334676237724120E-001  2.859961798169340E-003  7.872501607939463E-011
  1.100000000000001E+000  1.241286185376582E-006  6.152154262319348E-003  1.425577846197034E-006  1.386080108874974E-001  3.112499505246208E-003  8.177348536151191E-011
  1.200000000000001E+000  1.200857785763242E-006  6.566965203319742E-003  1.370101935488213E-006  1.430470165944876E-001  3.363132792738905E-003  8.439921010123958E-011
  1.300000000000001E+000  1.167082321339431E-006  6.962032242295045E-003  1.323165504864187E-006  1.468539329538664E-001  3.611987405874973E-003  8.664737128012232E-011
  1.400000000000001E+000  1.138594166407743E-006  7.338948541301266E-003  1.283001260240368E-006  1.500932732857565E-001  3.859131800968566E-003  8.855947378007366E-011
  1.500000000000001E+000  1.114356692869078E-006  7.699311854281954E-003  1.248278093650695E-006  1.528251032259451E-001  4.104594934994378E-003  9.017358358481936E-011
  1.600000000000001E+000  1.093569472863826E-006  8.044680924788321E-003  1.217974588390352E-006  1.551051648240250E-001  4.348379366386694E-003  9.152448955763380E-011
  1.700000000000001E+000  1.075605341961879E-006  8.376543173668129E-003  1.191294582492679E-006  1.569849277993623E-001  4.590470921792360E-003  9.264384105722723E-011
  1.800000000000001E+000  1.059966641039641E-006  8.696292777152991E-003  1.167609211561262E-006  1.585116382550311E-001  4.830845808791787E-003  9.356028666088467E-011
  1.900000000000001E+000  1.046254137966415E-006  9.005217585028889E-003  1.146416140846294E-006  1.597283976664822E-001  5.069475807798364E-003  9.429962437740165E-011
  2.000000000000001E+000  1.034144539550597E-006  9.304493098103776E-003  1.127310260592163E-006  1.606742834951550E-001  5.306332008540433E-003  9.488496551042682E-011
  2.100000000000001E+000  1.023373944528593E-006  9.595181775196743E-003  1.109962210760822E-006  1.613845110952657E-001  5.541387439130109E-003  9.533691014368758E-011
  2.200000000000001E+000  1.013892618877105E-006  9.876634126056423E-003  1.094278338273201E-006  1.618512426088349E-001  5.774144083376264E-003  9.565186791206508E-011
  2.300000000000001E+000  1.005299168275477E-006  1.015164348414897E-002  1.079803255398915E-006  1.621543416604791E-001  6.005042006568859E-003  9.587491678156229E-011
  2.400000000000001E+000  9.974585082676768E-007  1.042089450551664E-002  1.066367950703465E-006  1.623161340727049E-001  6.234074127266154E-003  9.601865396118164E-011
  2.500000000000001E+000  9.902573182167244E-007  1.068499320391645E-002  1.053830947167986E-006  1.623564139232752E-001  6.461239236604611E-003  9.609418933917690E-011
  2.600000000000001E+000  9.836003117807623E-007  1.094447432885625E-002  1.042073515721879E-006  1.622926485026504E-001  6.686541643246615E-003  9.611127816061575E-011
  2.700000000000002E+000  9.774072194096120E-007  1.119980852480304E-002  1.030995708161975E-006  1.621401826957544E-001  6.909990777611725E-003  9.607845047324740E-011
  2.800000000000002E+000  9.716103324191292E-007  1.145140914408772E-002  1.020513153174893E-006  1.619124388657140E-001  7.131600764573965E-003  9.600313539385951E-011
  2.900000000000002E+000  9.661524870998858E-007  1.169963862600804E-002  1.010554448406166E-006  1.616211091403210E-001  7.351389975323397E-003  9.589177870136847E-011
  3.000000000000002E+000  9.609853973251838E-007  1.194481439003185E-002  1.001059023172219E-006  1.612763378212460E-001  7.569380569113635E-003  9.574995276752270E-011
  3.100000000000002E+000  9.560682661735690E-007  1.218721421954118E-002  9.919753766353349E-007  1.608868923550051E-001  7.785598034785395E-003  9.558245825073585E-011
  3.200000000000002E+000  9.513666233368060E-007  1.242708113415932E-002  9.832596183368019E-007  1.604603219077006E-001  8.000070740682753E-003  9.539341730689264E-011
  3.300000000000002E+000  9.468513471179278E-007  1.266462776420670E-002  9.748742542898110E-007  1.600031030775737E-001  8.212829500120348E-003  9.518635832467877E-011
  3.400000000000002E+000  9.424978387763016E-007  1.290004025134927E-002  9.667871740104724E-007  1.595207726712467E-001  8.423907158073571E-003  9.496429238426112E-011
  3.500000000000002E+000  9.382853236771914E-007  1.313348170613105E-002  9.589708030558641E-007  1.590180477737164E-001  8.633338203345891E-003  9.472978177803388E-011
  3.600000000000002E+000  9.341962587565757E-007  1.336509525677385E-002  9.514013926495921E-007  1.584989335710563E-001  8.841158409172220E-003  9.448500103014734E-011
  3.700000000000002E+000  9.302158296587510E-007  1.359500672516667E-002  9.440584233831819E-007  1.579668195500528E-001  9.047404504074119E-003  9.423179091569324E-011
  3.800000000000002E+000  9.263315238656724E-007  1.382332696597048E-002  9.369241041991302E-007  1.574245648112437E-001  9.252113873802537E-003  9.397170601750264E-011
  3.900000000000003E+000  9.225327684468409E-007  1.405015390370722E-002  9.299829511876896E-007  1.568745733005841E-001  9.455324294387505E-003  9.370605637417468E-011
  4.000000000000003E+000  9.188106228865677E-007  1.427557430094454E-002  9.232214333821627E-007  1.563188597986033E-001  9.657073695654075E-003  9.343594377196742E-011
  4.100000000000002E+000  9.151575189145630E-007  1.449966528849546E-002  9.166276748758822E-007  1.557591075118528E-001  9.857399954048432E-003  9.316229321953148E-011
  4.200000000000002E+000  9.115670404649703E-007  1.472249568612411E-002  9.101912043255332E-007  1.551967180959802E-001  1.005634071323279E-002  9.288588012148308E-011
  4.300000000000002E+000  9.080337378823402E-007  1.494412713972496E-002  9.039027443368889E-007  1.546328549083510E-001  1.025393323063632E-002  9.260735363726269E-011
  4.400000000000001E+000  9.045529713268687E-007  1.516461509842607E-002  8.977540344152076E-007  1.540684802453645E-001  1.045021424797615E-002  9.232725667789980E-011
  4.500000000000001E+000  9.011207790391688E-007  1.538400965262684E-002  8.917376821523797E-007  1.535043872692343E-001  1.064521988367117E-002  9.204604295703415E-011
  4.600000000000001E+000  8.977337667312200E-007  1.560235625166358E-002  8.858470381535527E-007  1.529412272741553E-001  1.083898554504692E-002  9.176409147532208E-011
  4.700000000000000E+000  8.943890148930468E-007  1.581969631763261E-002  8.800760909060541E-007  1.523795328849086E-001  1.103154585825925E-002  9.148171878032091E-011
  4.800000000000000E+000  8.910840012575477E-007  1.603606776990546E-002  8.744193783853540E-007  1.518197377240170E-001  1.122293461393395E-002  9.119918930798378E-011
  4.899999999999999E+000  8.878165360591200E-007  1.625150547305214E-002  8.688719136943040E-007  1.512621930280043E-001  1.141318472661998E-002  9.091672407762828E-011
  4.999999999999999E+000  8.845847080634341E-007  1.646604161924527E-002  8.634291224572449E-007  1.507071816402061E-001  1.160232820627507E-002  9.063450798011922E-011
  5.099999999999999E+000  8.813868396425166E-007  1.667970605474646E-002  8.580867900514381E-007  1.501549297576701E-001  1.179039614013639E-002  9.035269586929206E-011
  5.199999999999998E+000  8.782214494267069E-007  1.689252655876646E-002  8.528410170643268E-007  1.496056167634309E-001  1.197741868347067E-002  9.007141763948903E-011
  5.299999999999996E+000  8.750846429587163E-007  1.710486070691080E-002  8.476826296386325E-007  1.490582057070093E-001  1.216383429903848E-002  8.979034631746003E-011
  5.399999999999996E+000  8.719787018340576E-007  1.731626249427886E-002  8.426161479007432E-007  1.485145604661892E-001  1.234908560943441E-002  8.951025394387780E-011
  5.499999999999996E+000  8.689030536093429E-007  1.752669622054540E-002  8.376392397723915E-007  1.479749600793847E-001  1.253313021981185E-002  8.923127038910758E-011
  5.599999999999995E+000  8.658554755320211E-007  1.773638070645055E-002  8.327458204186162E-007  1.474386583455670E-001  1.271624113431074E-002  8.895313832420823E-011
  5.799999999999995E+000  8.598459909377401E-007  1.815287962990619E-002  8.232090481198120E-007  1.463787616840576E-001  1.307891604810706E-002  8.840064736643572E-011
  5.999999999999996E+000  8.539393507274081E-007  1.856665529199223E-002  8.139739300247563E-007  1.453319754994213E-001  1.343823096288737E-002  8.785194001915336E-011
  6.199999999999996E+000  8.481299403679845E-007  1.897784133379645E-002  8.050220151833858E-007  1.442984856169764E-001  1.379435972367138E-002  8.730737708480210E-011
  6.399999999999996E+000  8.424129549266833E-007  1.938655996587114E-002  7.963366668612677E-007  1.432783350774195E-001  1.414746424541269E-002  8.676721358735925E-011
  6.599999999999996E+000  8.367842079682961E-007  1.979292348021411E-002  7.879028088488993E-007  1.422714714010825E-001  1.449769547024962E-002  8.623163152621919E-011
  6.799999999999996E+000  8.312399969805010E-007  2.019703552245828E-002  7.797067053265002E-007  1.412777781848216E-001  1.484519422208510E-002  8.570076073832866E-011
  6.999999999999996E+000  8.257770070755909E-007  2.059899214531861E-002  7.717357851596958E-007  1.402970966272549E-001  1.519009198618297E-002  8.517469280279192E-011
  7.199999999999997E+000  8.203922405196149E-007  2.099888268010394E-002  7.639784991638250E-007  1.393292402923442E-001  1.553251162631423E-002  8.465349059589030E-011
  7.399999999999997E+000  8.150829640261808E-007  2.139679046242242E-002  7.564242022559672E-007  1.383740052649643E-001  1.587256804597705E-002  8.413719500935067E-011
  7.599999999999997E+000  8.098466684785270E-007  2.179279344246056E-002  7.490630547174067E-007  1.374311771491124E-001  1.621036879787694E-002  8.362582977300288E-011
  7.799999999999997E+000  8.046810374909272E-007  2.218696470383544E-002  7.418859383855129E-007  1.365005358978709E-001  1.654601464501669E-002  8.311940498929038E-011
  7.999999999999997E+000  7.995839223654033E-007  2.257937290948447E-002  7.348843847109583E-007  1.355818591518176E-001  1.687960007649616E-002  8.261791977954476E-011
  8.199999999999998E+000  7.945533217607615E-007  2.297008268867722E-002  7.280505124029374E-007  1.346749245489559E-001  1.721121378106979E-002  8.212136430843132E-011
  8.399999999999997E+000  7.895873649018976E-007  2.335915497590795E-002  7.213769729431802E-007  1.337795113228949E-001  1.754093908149094E-002  8.162972136560513E-011
  8.599999999999996E+000  7.846842975026815E-007  2.374664730994857E-002  7.148569026489985E-007  1.328954014059503E-001  1.786885433262644E-002  8.114296762595930E-011
  8.799999999999995E+000  7.798424698107636E-007  2.413261409950514E-002  7.084838802547327E-007  1.320223801855878E-001  1.819503328623712E-002  8.066107467159622E-011
  8.999999999999995E+000  7.750603263437102E-007  2.451710686055834E-002  7.022518891930097E-007  1.311602370161939E-001  1.851954542519397E-002  8.018400983319545E-011
  9.199999999999994E+000  7.703363969972175E-007  2.490017442944940E-002  6.961552839151600E-007  1.303087655566108E-001  1.884245626974499E-002  7.971173689142437E-011
  9.399999999999993E+000  7.656692892840180E-007  2.528186315500514E-002  6.901887597097318E-007  1.294677639824185E-001  1.916382765827584E-002  7.924421666758469E-011
  9.599999999999993E+000  7.610576815172857E-007  2.566221707240769E-002  6.843473255701662E-007  1.286370351073554E-001  1.948371800482676E-002  7.878140752491570E-011
  9.799999999999992E+000  7.565003167921015E-007  2.604127806105953E-002  6.786262797348849E-007  1.278163864382850E-001  1.980218253544797E-002  7.832326579663876E-011
  9.999999999999991E+000  7.519959976477320E-007  2.641908598833641E-002  6.730211875805487E-007  1.270056301812453E-001  2.011927350529870E-002  7.786974615309863E-011
  1.019999999999999E+001  7.475435813153224E-007  2.679567884083496E-002  6.675278615957319E-007  1.262045832113589E-001  2.043504039822687E-002  7.742080191771077E-011
  1.039999999999999E+001  7.431419754722845E-007  2.717109284449121E-002  6.621423432003544E-007  1.254130670160323E-001  2.074953011040866E-002  7.697638533949723E-011
  1.059999999999999E+001  7.387901344376501E-007  2.754536257475656E-002  6.568608862077997E-007  1.246309076185015E-001  2.106278711947995E-002  7.653644782855682E-011
  1.079999999999999E+001  7.344870557529699E-007  2.791852105786157E-002  6.516799417530952E-007  1.238579354870650E-001  2.137485364045708E-002  7.610094015972285E-011
  1.099999999999999E+001  7.302317771016364E-007  2.829059986406648E-002  6.465961445328703E-007  1.230939854340894E-001  2.168576976962070E-002  7.566981264880519E-011
  1.149999999999999E+001  7.198052798796713E-007  2.921429594247143E-002  6.343057588337689E-007  1.212295151016896E-001  2.245641846737506E-002  7.461416727855021E-011
  1.199999999999999E+001  7.096617936821508E-007  3.013198424584693E-002  6.225580110321765E-007  1.194144826543287E-001  2.322091733362750E-002  7.358287377172309E-011
  1.249999999999999E+001  6.997852313070192E-007  3.104407020309420E-002  6.113101155221644E-007  1.176488265961959E-001  2.397970566817835E-002  7.257645336397991E-011
  1.299999999999999E+001  6.901632194635395E-007  3.195090526147593E-002  6.005256281877910E-007  1.159311897144981E-001  2.473317854151896E-002  7.159454227365148E-011
  1.349999999999999E+001  6.807850764297017E-007  3.285280271326640E-002  5.901724966007350E-007  1.142598563490993E-001  2.548169184584293E-002  7.063650838537089E-011
  1.399999999999999E+001  6.716411038689473E-007  3.375004577378765E-002  5.802221026401167E-007  1.126330634529722E-001  2.622556655621576E-002  6.970165007108551E-011
  1.449999999999999E+001  6.627223131590848E-007  3.464289235525968E-002  5.706486888938368E-007  1.110490993921122E-001  2.696509257876726E-002  6.878925995264076E-011
  1.499999999999999E+001  6.540202979908948E-007  3.553157835852653E-002  5.614289516386682E-007  1.095063315841669E-001  2.770053221132655E-002  6.789864495642728E-011
  1.549999999999999E+001  6.455271591657674E-007  3.641632021551733E-002  5.525417215878534E-007  1.080032108666183E-001  2.843212321739261E-002  6.702913233805149E-011
  1.599999999999999E+001  6.372354506575549E-007  3.729731698567713E-002  5.439677008760419E-007  1.065382686398753E-001  2.916008153405211E-002  6.618007124216781E-011
  1.649999999999999E+001  6.291381363947819E-007  3.817475214333645E-002  5.356892413594043E-007  1.051101120581124E-001  2.988460364797944E-002  6.535083283601543E-011
  1.699999999999999E+001  6.212285538064593E-007  3.904879512760564E-002  5.276901555761817E-007  1.037174189492086E-001  3.060586867798051E-002  6.454080996843561E-011
  1.749999999999999E+001  6.135003823492703E-007  3.991960269898732E-002  5.199555544358836E-007  1.023589329687290E-001  3.132404020148476E-002  6.374941665261191E-011
  1.799999999999999E+001  6.059476160052793E-007  4.078732013395320E-002  5.124717071469852E-007  1.010334591159237E-001  3.203926785898138E-002  6.297608747067335E-011
  1.849999999999999E+001  5.985645390591506E-007  4.165208228153984E-002  5.052259198138825E-007  9.973985962289428E-002  3.275168876628935E-002  6.222027693789689E-011
  1.899999999999999E+001  5.913457046303860E-007  4.251401450136115E-002  4.982064298001396E-007  9.847705019426629E-002  3.346142876051358E-002  6.148145884548094E-011
  1.909999999999999E+001  5.899216052390756E-007  4.268634278461336E-002  4.968283302300223E-007  9.822588753920224E-002  3.360331327675828E-002  6.133440688303926E-011
  1.919999999999999E+001  5.885028606704225E-007  4.285855263918088E-002  4.954581739992756E-007  9.797692476985342E-002  3.374507380984656E-002  6.118865267875109E-011
  1.929999999999999E+001  5.870899472404354E-007  4.303063071330435E-002  4.940962357935665E-007  9.772976659839425E-002  3.388670262612298E-002  6.104392877921446E-011
  1.939999999999999E+001  5.856831564927189E-007  4.320260294902004E-002  4.927425887408758E-007  9.748391643921324E-002  3.402822734634948E-002  6.089993333016277E-011
  1.959999999999999E+001  5.828881071145801E-007  4.354611941741990E-002  4.900603261672540E-007  9.699655635465185E-002  3.431086918613742E-002  6.061435114660645E-011
  1.979999999999999E+001  5.801178071575347E-007  4.388921560657318E-002  4.874107755227553E-007  9.651363503262189E-002  3.459311096997326E-002  6.033121082958083E-011
  1.999999999999999E+001  5.773718567013715E-007  4.423189859829528E-002  4.847932678389100E-007  9.603516622523897E-002  3.487495977098180E-002  6.005053570037241E-011
  2.049999999999999E+001  5.706138489746537E-007  4.508603261389424E-002  4.783891224847946E-007  9.486087890711013E-002  3.557723722443377E-002  5.936095644805309E-011
  2.099999999999999E+001  5.640021960304220E-007  4.593773558916576E-002  4.721729555798087E-007  9.371194828426711E-002  3.627725665680193E-002  5.868549756063821E-011
  2.199999999999999E+001  5.512061835257181E-007  4.763178633174206E-002  4.602803139767482E-007  9.149569036960051E-002  3.766892849747099E-002  5.738019626537650E-011
  2.299999999999999E+001  5.389402089519409E-007  4.931733274553520E-002  4.490419467903405E-007  8.937365816919159E-002  3.905273036522202E-002  5.612812595865251E-011
  2.399999999999999E+001  5.271717963868547E-007  5.099496805084674E-002  4.384030871854065E-007  8.734277122376084E-002  4.042911064376356E-002  5.492785297441698E-011
  2.499999999999999E+001  5.158730207805515E-007  5.266518751602421E-002  4.283164978124144E-007  8.539799139260186E-002  4.179846861311497E-002  5.377669066755809E-011
  2.599999999999999E+001  5.050182283922558E-007  5.432842507297303E-002  4.187401684058213E-007  8.353434162009221E-002  4.316115682008302E-002  5.267195563648848E-011
  2.699999999999999E+001  4.945835892313535E-007  5.598506632023618E-002  4.096364203111175E-007  8.174716912755420E-002  4.451748582930960E-002  5.161112434285786E-011
  2.799999999999999E+001  4.845469061831127E-007  5.763545604107349E-002  4.009713075098863E-007  8.003215353110080E-002  4.586772939400131E-002  5.059183909953513E-011
  2.899999999999999E+001  4.748874700636625E-007  5.927990381313349E-002  3.927141365620193E-007  7.838528184249417E-002  4.721212928089533E-002  4.961189642146698E-011
  2.999999999999999E+001  4.655859330477448E-007  6.091868857604128E-002  3.848370656931312E-007  7.680282191161455E-002  4.855089954176173E-002  4.866923492135130E-011
  3.099999999999999E+001  4.566241959014842E-007  6.255206246310423E-002  3.773147657566055E-007  7.528129826157882E-002  4.988423021976688E-002  4.776192441650873E-011
  3.199999999999999E+001  4.479853071163846E-007  6.418025405817436E-002  3.701241314017722E-007  7.381747046661363E-002  5.121229054052850E-002  4.688815613869927E-011
  3.299999999999999E+001  4.396533724277004E-007  6.580347118533725E-002  3.632440334843019E-007  7.240831378162900E-002  5.253523165236591E-002  4.604623385419033E-011
  3.399999999999999E+001  4.316134733952739E-007  6.742190331166296E-002  3.566551056238836E-007  7.105100173200773E-002  5.385318897889425E-002  4.523456575810620E-011
  3.499999999999999E+001  4.238515939061173E-007  6.903572362584337E-002  3.503395592319730E-007  6.974289041552270E-002  5.516628424066561E-002  4.445165704690416E-011
  3.599999999999999E+001  4.163545536227853E-007  7.064509084320839E-002  3.442810224315600E-007  6.848150430749583E-002  5.647462719500902E-002  4.369610309537580E-011
  3.799999999999999E+001  4.021205791392898E-007  7.384639620769234E-002  3.328902960204752E-007  6.609426114982235E-002  5.907337683067106E-002  4.226410959573350E-011
  3.999999999999999E+001  3.888041288006761E-007  7.703173784871928E-002  3.223586260677259E-007  6.386514306637098E-002  6.165465250479899E-002  4.092520714707452E-011
  4.199999999999999E+001  3.763241550262341E-007  8.020201691458131E-002  3.125935281079618E-007  6.178156663493727E-002  6.421890510734657E-002  3.967215716634262E-011
  4.399999999999999E+001  3.646089200168695E-007  8.335797731887597E-002  3.035156904488091E-007  5.983049898031476E-002  6.676654469354937E-002  3.849738646908201E-011
  4.599999999999999E+001  3.535942079975099E-007  8.650026151366118E-002  2.950562536688959E-007  5.800025761325808E-002  6.929793712020452E-002  3.739410092898609E-011
  4.799999999999999E+001  3.432223995023534E-007  8.962943247347796E-002  2.871551276022949E-007  5.628043062630726E-002  7.181340886908233E-002  3.635623434578116E-011
  4.999999999999999E+001  3.334416888138779E-007  9.274598833247406E-002  2.797596466743379E-007  5.466171893652223E-002  7.431325325982867E-002  3.537835717816303E-011
  5.199999999999999E+001  3.242054044051090E-007  9.585037345956007E-002  2.728234668225832E-007  5.313579696778018E-002  7.679773622977641E-002  3.445559789100128E-011
  5.399999999999999E+001  3.154714183091224E-007  9.894298717019293E-002  2.663056533736220E-007  5.169519305937982E-002  7.926710126181569E-002  3.358357583011003E-011
  5.599999999999999E+001  3.072016318924115E-007  1.020241907069862E-001  2.601699220753629E-007  5.033318659391076E-002  8.172157344821059E-002  3.275834341942776E-011
  5.799999999999999E+001  2.993615271458546E-007  1.050943128997791E-001  2.543840039508107E-007  4.904371921593864E-002  8.416136279292724E-002  3.197633610384559E-011
  5.999999999999999E+001  2.919197742475347E-007  1.081536547963090E-001  2.489191109614159E-007  4.782131797963800E-002  8.658666687682977E-002  3.123432883854540E-011
  6.199999999999999E+001  2.848478875793312E-007  1.112024934791479E-001  2.437494842737568E-007  4.666102863616230E-002  8.899767300195800E-002  3.052939816096287E-011
  6.399999999999999E+001  2.781199235765875E-007  1.142410852327567E-001  2.388520106131914E-007  4.555835757000596E-002  9.139455991459192E-002  2.985888904855062E-011
  6.599999999999999E+001  2.717122147870072E-007  1.172696681872431E-001  2.342058950472299E-007  4.450922113590888E-002  9.377749918954481E-002  2.922038589410865E-011
  6.799999999999999E+001  2.656031353458369E-007  1.202884645377989E-001  2.297923807756366E-007  4.350990134637514E-002  9.614665634264831E-002  2.861168703375638E-011
  6.999999999999999E+001  2.597728937695972E-007  1.232976824179316E-001  2.255945082639633E-007  4.255700702361545E-002  9.850219172533457E-002  2.803078234751886E-011
  7.499999999999999E+001  2.463324840598110E-007  1.307621171385618E-001  2.159739757394252E-007  4.036389938062407E-002  1.043106726419561E-001  2.669109382224651E-011
  7.999999999999999E+001  2.342721946466797E-007  1.381716013899894E-001  2.073975795796991E-007  3.839830295738351E-002  1.100397785179554E-001  2.548830365300286E-011
  8.499999999999999E+001  2.233941875793135E-007  1.455285384137366E-001  1.997041045773220E-007  3.662784863122327E-002  1.156910601786649E-001  2.440294889206108E-011
  8.999999999999999E+001  2.135356326573452E-007  1.528350275532268E-001  1.927636491369813E-007  3.502515275666377E-002  1.212662626154596E-001  2.341860812454221E-011
  9.499999999999999E+001  2.045616035257320E-007  1.600929572061077E-001  1.864703862765337E-007  3.356763127352553E-002  1.267671941976937E-001  2.252175687171053E-011
  9.999999999999999E+001  1.963595003004194E-007  1.673040487042203E-001  1.807372869426184E-007  3.223651912985424E-002  1.321956730430438E-001  2.170115848550239E-011
  1.050000000000000E+002  1.888347150384103E-007  1.744698854338915E-001  1.754921591215122E-007  3.101610833984801E-002  1.375535016269293E-001  2.094740307943364E-011
  1.100000000000000E+002  1.819072450716379E-007  1.815919340422511E-001  1.706746391628065E-007  2.989315869888211E-002  1.428424534260358E-001  2.025255441209173E-011
  1.150000000000000E+002  1.755090280327186E-007  1.886715606056844E-001  1.662338810727382E-007  2.885643784672506E-002  1.480642653851998E-001  1.960987531305038E-011
  1.200000000000000E+002  1.695818293783410E-007  1.957100433367883E-001  1.621267633921182E-007  2.789635915947541E-002  1.532206335193629E-001  1.901361180385384E-011
  1.250000000000000E+002  1.640755558086095E-007  2.027085828039826E-001  1.583164841965144E-007  2.700469433183870E-002  1.583132103586010E-001  1.845882180217280E-011
  1.300000000000000E+002  1.589468993603217E-007  2.096683103065440E-001  1.547714502250472E-007  2.617434348658310E-002  1.633436035557088E-001  1.794123809000045E-011
  1.350000000000000E+002  1.541582400824422E-007  2.165902948475822E-001  1.514643911286017E-007  2.539914996009779E-002  1.683133752677513E-001  1.745715787051292E-011
  1.400000000000000E+002  1.496767523319238E-007  2.234755490192430E-001  1.483716476298567E-007  2.467375005681191E-002  1.732240420735102E-001  1.700335313384949E-011
  1.450000000000000E+002  1.454736724924803E-007  2.303250340289617E-001  1.454725952132388E-007  2.399345037870152E-002  1.780770752719434E-001  1.657699743551723E-011
  1.500000000000000E+002  1.415236954942504E-007  2.371396640368529E-001  1.427491743024610E-007  2.335412705346470E-002  1.828739014558030E-001  1.617560571383607E-011
  1.550000000000000E+002  1.378044747445023E-007  2.439203099329725E-001  1.401855047533325E-007  2.275214247041797E-002  1.876159032851568E-001  1.579698453680843E-011
  1.600000000000000E+002  1.342962055792448E-007  2.506678026534610E-001  1.377675675915523E-007  2.218427610303396E-002  1.923044204056578E-001  1.543919074468322E-011
  1.650000000000000E+002  1.309812765558320E-007  2.573829361128223E-001  1.354829407486235E-007  2.164766673435979E-002  1.969407504702082E-001  1.510049689217441E-011
  1.700000000000000E+002  1.278439761507293E-007  2.640664698134147E-001  1.333205784388513E-007  2.113976396616786E-002  2.015261502324942E-001  1.477936222949101E-011
  1.800000000000000E+002  1.220625331421889E-007  2.773115288209348E-001  1.293378846886392E-007  2.020362820075606E-002  2.105060103014135E-001  1.418548652646289E-011
  1.900000000000000E+002  1.168369061996853E-007  2.904401898460052E-001  1.257356530460056E-007  1.935721119432506E-002  2.193016603072206E-001  1.364689454957501E-011
  2.000000000000000E+002  1.120897781636064E-007  3.034573693675462E-001  1.224602167890820E-007  1.858805383249322E-002  2.279204695542261E-001  1.315590920419545E-011
  2.100000000000000E+002  1.077574565996403E-007  3.163676174005152E-001  1.194675654763570E-007  1.788584567847730E-002  2.363697863451308E-001  1.270622258061621E-011
  2.200000000000000E+002  1.037870531933138E-007  3.291751624405276E-001  1.167212804528901E-007  1.724203650164091E-002  2.446567123764725E-001  1.229261764900525E-011
  2.300000000000000E+002  1.001343024461804E-007  3.418839450332001E-001  1.141909709943569E-007  1.664947664065929E-002  2.527880261485201E-001  1.191073437210630E-011
  2.400000000000000E+002  9.676188150092137E-008  3.544976461607829E-001  1.118510785226895E-007  1.610214192468843E-002  2.607701611405175E-001  1.155689788559942E-011
  2.500000000000000E+002  9.363810500134051E-008  3.670197117423118E-001  1.096799532557753E-007  1.559492084657467E-002  2.686092064808921E-001  1.122798778656948E-011
  2.600000000000000E+002  9.073590206012225E-008  3.794533739762451E-001  1.076591341553947E-007  1.512344815368170E-002  2.763109175814254E-001  1.092133669641551E-011
  2.700000000000000E+002  8.803200724413345E-008  3.918016700661439E-001  1.057727820783189E-007  1.468397348596809E-002  2.838807312500066E-001  1.063465047548060E-011
  2.800000000000000E+002  8.550631540953115E-008  4.040674587513784E-001  1.040072295398539E-007  1.427325676446859E-002  2.913237826490090E-001  1.036594479872883E-011
  2.900000000000000E+002  8.314136311297287E-008  4.162534349784128E-001  1.023506201017429E-007  1.388848419952422E-002  2.986449227533883E-001  1.011349427682229E-011
  3.000000000000000E+002  8.092190865282898E-008  4.283621429832836E-001  1.007926172786119E-007  1.352720033874922E-002  3.058487355956373E-001  9.875791307837544E-012
  3.100000000000000E+002  7.883458959723514E-008  4.403959880062333E-001  9.932416783717815E-008  1.318725269864931E-002  3.129395549174217E-001  9.651512550454370E-012
  3.200000000000000E+002  7.686764166198496E-008  4.523572468209259E-001  9.793730800201527E-008  1.286674634746584E-002  3.199214800314686E-001  9.439491418688693E-012
  3.300000000000000E+002  7.501066651854734E-008  4.642480772303015E-001  9.662500376772497E-008  1.256400641657956E-002  3.267983908023632E-001  9.238695371890569E-012
  3.400000000000000E+002  7.325443889710611E-008  4.760705266569132E-001  9.538101851849380E-008  1.227754697350569E-002  3.335739617163407E-001  9.048207051461779E-012
  3.600000000000000E+002  7.002271306476145E-008  4.994542574440487E-001  9.308662910386127E-008  1.175000051503786E-002  3.467509117430618E-001  8.695811094082255E-012
  3.800000000000000E+002  6.710353641573796E-008  5.225908212988183E-001  9.100398161251714E-008  1.127302344351721E-002  3.595736032526340E-001  8.375795328040963E-012
  4.000000000000000E+002  6.445252073160063E-008  5.454928716299208E-001  8.910319583948381E-008  1.083945553223065E-002  3.720624100324021E-001  8.083607317211902E-012
  4.200000000000000E+002  6.203333731303960E-008  5.681719736586611E-001  8.735982689428583E-008  1.044343516699685E-002  3.842365907994679E-001  7.815559793634235E-012
  4.400000000000000E+002  5.981598286335981E-008  5.906387217815868E-001  8.575368742632852E-008  1.008012279611801E-002  3.961139831471753E-001  7.568613497392427E-012
  4.600000000000000E+002  5.777546183671103E-008  6.129028468059733E-001  8.426795773889565E-008  9.745486180040484E-003  4.077110082602791E-001  7.340233359923143E-012
  4.800000000000000E+002  5.589078227453663E-008  6.349733104155704E-001  8.288850873686345E-008  9.436137993295367E-003  4.190427601079996E-001  7.128285343593775E-012
  5.000000000000000E+002  5.414418311509900E-008  6.568583874598204E-001  8.160338160669264E-008  9.149211217223409E-003  4.301231161846454E-001  6.930958708810266E-012
  5.200000000000000E+002  5.252053356800303E-008  6.785657375593260E-001  8.040238378176291E-008  8.882262402480079E-003  4.409648491625650E-001  6.746706080719998E-012
  5.400000000000000E+002  5.100686165425671E-008  7.001024675486568E-001  7.927677206514130E-008  8.633195782208605E-003  4.515797321342470E-001  6.574196557058140E-012
  5.600000000000000E+002  4.959198070846845E-008  7.214751860999632E-001  7.821900176813214E-008  8.400203171996365E-003  4.619786350057213E-001  6.412278597838020E-012
  5.800000000000000E+002  4.826619092361229E-008  7.426900516683540E-001  7.722252636306247E-008  8.181715951535653E-003  4.721716115727946E-001  6.259950367823585E-012
  6.000000000000000E+002  4.702103892962829E-008  7.637528147173294E-001  7.628163616393413E-008  7.976366384261158E-003  4.821679776333392E-001  6.116335827260666E-012
  6.200000000000000E+002  4.584912265575672E-008  7.846688550278307E-001  7.539132743581603E-008  7.782956220834505E-003  4.919763808173765E-001  5.980665302737422E-012
  6.400000000000000E+002  4.474393182619053E-008  8.054432147660551E-001  7.454719543183287E-008  7.600431033006345E-003  5.016048629216168E-001  5.852259582423707E-012
  6.600000000000000E+002  4.369971671760440E-008  8.260806278791670E-001  7.374534639684222E-008  7.427859091900557E-003  5.110609155367124E-001  5.730516807398838E-012
  6.800000000000000E+002  4.271137949903189E-008  8.465855463005145E-001  7.298232471887584E-008  7.264413877317455E-003  5.203515297103908E-001  5.614901598658254E-012
  7.000000000000000E+002  4.177438374232257E-008  8.669621633735065E-001  7.225505226414046E-008  7.109359508725667E-003  5.294832403255428E-001  5.504935984726545E-012
  7.500000000000000E+002  3.964204367856317E-008  9.171476378643406E-001  7.058889407754692E-008  6.756113072515310E-003  5.514142462185405E-001  5.253152656507488E-012
  8.000000000000000E+002  3.775047034253437E-008  9.666298718062349E-001  6.909084871197627E-008  6.442310854928494E-003  5.725127763186495E-001  5.028295608411219E-012
  8.500000000000000E+002  3.605978580317408E-008  1.015455415056249E+000  6.773386192409902E-008  6.161453203481070E-003  5.928430830258605E-001  4.826001769796700E-012
  9.000000000000000E+002  3.453854521990178E-008  1.063665490346532E+000  6.649653275528771E-008  5.908416098423038E-003  6.124631276773690E-001  4.642856108190772E-012
  9.500000000000000E+002  3.316161993158892E-008  1.111296799822380E+000  6.536170279174670E-008  5.679101972814185E-003  6.314245575328599E-001  4.476121313396154E-012
  1.000000000000000E+003  3.190868110910856E-008  1.158382202830954E+000  6.431544457287254E-008  5.470192779395485E-003  6.497733712661208E-001  4.323571620589117E-012
  1.050000000000000E+003  3.076309960423211E-008  1.204951272695406E+000  6.334632653129211E-008  5.278971570513461E-003  6.675506468740360E-001  4.183376182074600E-012
  1.100000000000000E+003  2.971113552967106E-008  1.251030754315311E+000  6.244487067563169E-008  5.103191170382427E-003  6.847932034072602E-001  4.054013763491113E-012
  1.150000000000000E+003  2.874133249046179E-008  1.296644942402601E+000  6.160314657540919E-008  4.940975995014106E-003  7.015341729924842E-001  3.934208978502070E-012
  1.200000000000000E+003  2.784405861073533E-008  1.341815996267824E+000  6.081446322956101E-008  4.790747625336498E-003  7.178034870419177E-001  3.822883848264247E-012
  1.250000000000000E+003  2.701115441913422E-008  1.386564203625793E+000  6.007313227468480E-008  4.651167669937668E-003  7.336282875048576E-001  3.719120500359405E-012
  1.300000000000000E+003  2.623565959919188E-008  1.430908203163986E+000  5.937428390985157E-008  4.521093392141916E-003  7.490332747872527E-001  3.622132100368223E-012
  1.350000000000000E+003  2.551159869166263E-008  1.474865173518396E+000  5.871372227809130E-008  4.399542883352306E-003  7.640410028548253E-001  3.531239954193326E-012
  1.400000000000000E+003  2.483381138684942E-008  1.518450994692814E+000  5.808781073172477E-008  4.285667461381045E-003  7.786721304769678E-001  3.445855293748901E-012
  1.450000000000000E+003  2.419781691433107E-008  1.561680386720631E+000  5.749337998072778E-008  4.178729597284695E-003  7.929456360498339E-001  3.365464657462063E-012
  1.500000000000000E+003  2.359970477197858E-008  1.604567029411699E+000  5.692765394238704E-008  4.078085115746081E-003  8.068790021085327E-001  3.289618058620364E-012
  1.550000000000000E+003  2.303604599369382E-008  1.647123666282085E+000  5.638818941378934E-008  3.983168730183876E-003  8.204883745272580E-001  3.217919336342774E-012
  1.600000000000000E+003  2.250382057364376E-008  1.689362195180730E+000  5.587282663377038E-008  3.893482202909634E-003  8.337887004961075E-001  3.150018230390241E-012
  1.650000000000000E+003  2.200035770406124E-008  1.731293747666119E+000  5.537964849407181E-008  3.808584588628797E-003  8.467938486250043E-001  3.085603828596910E-012
  1.700000000000000E+003  2.152328625330146E-008  1.772928758819809E+000  5.490694667318866E-008  3.728084144033514E-003  8.595167139284049E-001  3.024399115581477E-012
  1.750000000000000E+003  2.107049348641006E-008  1.814277028890715E+000  5.445319335094590E-008  3.651631579356880E-003  8.719693099623635E-001  2.966156411318520E-012
  1.800000000000000E+003  2.064009046490455E-008  1.855347777928292E+000  5.401701745239076E-008  3.578914398086616E-003  8.841628499955775E-001  2.910653533523568E-012
  1.850000000000000E+003  2.023038289325985E-008  1.896149694371912E+000  5.359718459102990E-008  3.509652124615008E-003  8.961078187796327E-001  2.857690552467113E-012
  1.900000000000000E+003  1.983984643352305E-008  1.936690978408344E+000  5.319258005160492E-008  3.443592260755855E-003  9.078140362262930E-001  2.807087033529626E-012
  1.950000000000000E+003  1.946710570592619E-008  1.976979380782072E+000  5.280219428437347E-008  3.380506843914168E-003  9.192907140893161E-001  2.758679683531453E-012
  2.000000000000000E+003  1.911091634644607E-008  2.017022237638573E+000  5.242511048565862E-008  3.320189504531806E-003  9.305465065758305E-001  2.712320333072779E-012
  2.050000000000000E+003  1.877014961237146E-008  2.056826501894110E+000  5.206049392016936E-008  3.262452939931543E-003  9.415895556702280E-001  2.667874199872950E-012
  2.100000000000000E+003  1.844377912179804E-008  2.096398771553792E+000  5.170758270443302E-008  3.207126737090546E-003  9.524275318360454E-001  2.625218388203912E-012
  2.200000000000000E+003  1.783264952748495E-008  2.174654081807855E+000  5.103805610059513E-008  3.103453207348061E-003  9.733391869826664E-001  2.545093167919291E-012
  2.300000000000000E+003  1.726848139761040E-008  2.252065116340132E+000  5.040719483149148E-008  3.007656445660203E-003  9.935320533765883E-001  2.470861629175320E-012
  2.400000000000000E+003  1.674583806354310E-008  2.328672938577479E+000  4.981091937958349E-008  2.918830008200235E-003  1.013050003303549E+000  2.401856431955080E-012
  2.500000000000000E+003  1.626010339026870E-008  2.404515097620636E+000  4.924573960152798E-008  2.836204519620856E-003  1.031933413329604E+000  2.337513648755116E-012
  2.600000000000000E+003  1.580733253929614E-008  2.479626022516487E+000  4.870865025246138E-008  2.759122122936019E-003  1.050219159945601E+000  2.277350393879721E-012
  2.700000000000000E+003  1.538413350634637E-008  2.554037376970633E+000  4.819704766084752E-008  2.687016722622688E-003  1.067940905544986E+000  2.220950087312271E-012
  2.800000000000000E+003  1.498757280042649E-008  2.627778367252994E+000  4.770866307817610E-008  2.619398349458551E-003  1.085129422521578E+000  2.167951175840780E-012
  2.900000000000000E+003  1.461509982339524E-008  2.700876008007873E+000  4.724150900325592E-008  2.555840642658438E-003  1.101812899392040E+000  2.118038174532993E-012
  3.000000000000000E+003  1.426448578857019E-008  2.773355352156099E+000  4.679383563415531E-008  2.495970739528541E-003  1.118017216312144E+000  2.070934439151519E-012
  3.100000000000000E+003  1.393377402230721E-008  2.845239690491608E+000  4.636409527944360E-008  2.439461046234587E-003  1.133766188996215E+000  2.026396276728550E-012
  3.200000000000000E+003  1.362123924598007E-008  2.916550725693276E+000  4.595091307205574E-008  2.386022491924075E-003  1.149081783417431E+000  1.984208108339285E-012
  3.300000000000000E+003  1.332535399669732E-008  2.987308724661660E+000  4.555306271159444E-008  2.335398962128751E-003  1.163984304517864E+000  1.944178468422437E-012
  3.400000000000000E+003  1.304476076415502E-008  3.057532652411273E+000  4.516944624763985E-008  2.287362676786180E-003  1.178492562167171E+000  1.906136675035586E-012
  3.500000000000000E+003  1.277824873621800E-008  3.127240290194916E+000  4.479907713298844E-008  2.241710330247276E-003  1.192624017337730E+000  1.869930042313769E-012
  3.600000000000000E+003  1.252473428471254E-008  3.196448340087136E+000  4.444106594019588E-008  2.198259850011445E-003  1.206394911116605E+000  1.835421534111471E-012
  3.700000000000000E+003  1.228324450537906E-008  3.265172517888904E+000  4.409460826076338E-008  2.156847660989612E-003  1.219820378828937E+000  1.802487778904738E-012
  3.800000000000000E+003  1.205290326636630E-008  3.333427635918077E+000  4.375897440351953E-008  2.117326365227621E-003  1.232914551231597E+000  1.771017382255550E-012
  3.900000000000000E+003  1.183291932852315E-008  3.401227677006498E+000  4.343350058432121E-008  2.079562764959722E-003  1.245690644458265E+000  1.740909485729009E-012
  4.000000000000000E+003  1.162257618574659E-008  3.468585860823997E+000  4.311758135835610E-008  2.043436170870184E-003  1.258161040157600E+000  1.712072530996533E-012
  4.100000000000000E+003  1.142122334045099E-008  3.535514703483533E+000  4.281066309295129E-008  2.008836948455306E-003  1.270337357061485E+000  1.684423195609074E-012
  4.200000000000000E+003  1.122826878206539E-008  3.602026071243719E+000  4.251223831576565E-008  1.975665264093613E-003  1.282230515046152E+000  1.657885473068207E-012
  4.300000000000000E+003  1.104317247851353E-008  3.668131229009574E+000  4.222184080274318E-008  1.943829999370649E-003  1.293850792601119E+000  1.632389874723313E-012
  4.400000000000000E+003  1.086544072428380E-008  3.733840884235692E+000  4.193904129387817E-008  1.913247807760624E-003  1.305207878495305E+000  1.607872734954339E-012
  4.500000000000000E+003  1.069462121577734E-008  3.799165226754281E+000  4.166344374394366E-008  1.883842292240288E-003  1.316310918322902E+000  1.584275604270967E-012
  4.600000000000000E+003  1.053029874652915E-008  3.864113964981615E+000  4.139468203082706E-008  1.855543286030735E-003  1.327168556520736E+000  1.561544717530660E-012
  4.700000000000000E+003  1.037209143270689E-008  3.928696358897699E+000  4.113241705674642E-008  1.828286221607372E-003  1.337788974371360E+000  1.539630526573757E-012
  4.800000000000000E+003  1.021964739383949E-008  3.992921250143968E+000  4.087633418796281E-008  1.802011575524878E-003  1.348179924439807E+000  1.518487288289885E-012
  4.900000000000000E+003  1.007264182566536E-008  4.056797089540974E+000  4.062614098711569E-008  1.776664378579553E-003  1.358348761835204E+000  1.498072700541319E-012
  5.000000000000000E+003  9.930774411827952E-009  4.120331962291341E+000  4.038156519933919E-008  1.752193782460447E-003  1.368302472639673E+000  1.478347579534890E-012
  5.200000000000000E+003  9.662216069214945E-009  4.246084416351407E+000  3.991108836446666E-008  1.705847339741189E-003  1.387398997249661E+000  1.440939815368021E-012
  5.400000000000000E+003  9.410991367904704E-009  4.370576270542401E+000  3.945998050388001E-008  1.662461721816638E-003  1.405728655631401E+000  1.405870258159535E-012
  5.600000000000000E+003  9.175398157391974E-009  4.493859958325112E+000  3.902666299994945E-008  1.621747859249597E-003  1.423333647730825E+000  1.372913429465334E-012
  5.800000000000000E+003  8.953953986726108E-009  4.615984028880716E+000  3.860974260950947E-008  1.583454024131359E-003  1.440253035792924E+000  1.341873488363319E-012
  6.000000000000000E+003  8.745361575827312E-009  4.736993556052448E+000  3.820798395408515E-008  1.547359807145146E-003  1.456522872877062E+000  1.312578739893419E-012
  6.200000000000000E+003  8.548480525281238E-009  4.856930499965890E+000  3.782028678591650E-008  1.513271326638033E-003  1.472176468619431E+000  1.284877893738751E-012
  6.400000000000000E+003  8.362304063666237E-009  4.975834021047342E+000  3.744566714428797E-008  1.481017306453130E-003  1.487244654405175E+000  1.258637063942053E-012
  6.600000000000000E+003  8.185939827897734E-009  5.093740753350982E+000  3.708324164928890E-008  1.450445835645323E-003  1.501756026952707E+000  1.233737297150144E-012
  6.800000000000000E+003  8.018593885664672E-009  5.210685043459943E+000  3.673221433557403E-008  1.421421674289254E-003  1.515737166778414E+000  1.210072516951456E-012
  7.000000000000000E+003  7.859557379064557E-009  5.326699160146054E+000  3.639186555411569E-008  1.393824000355131E-003  1.529212832278014E+000  1.187547802887391E-012
  7.200000000000000E+003  7.708195300007739E-009  5.441813479074962E+000  3.606154256759431E-008  1.367544515226192E-003  1.542206131510249E+000  1.166077941329213E-012
  7.400000000000000E+003  7.563937009445281E-009  5.556056646121390E+000  3.574065154090988E-008  1.342485842638295E-003  1.554738674123522E+000  1.145586198846676E-012
  7.600000000000000E+003  7.426268191095889E-009  5.669455722274509E+000  3.542865068736937E-008  1.318560169077270E-003  1.566830705824609E+000  1.126003278836080E-012
  7.800000000000000E+003  7.294723991571064E-009  5.782036312636320E+000  3.512504437735326E-008  1.295688083962873E-003  1.578501227592479E+000  1.107266429973589E-012
  8.000000000000000E+003  7.168883146748697E-009  5.893822681624414E+000  3.482937805267451E-008  1.273797585998458E-003  1.589768101595930E+000  1.089318681127931E-012
  8.200000000000000E+003  7.048362932022984E-009  6.004837856167634E+000  3.454123381867633E-008  1.252823228403620E-003  1.600648145527763E+000  1.072108182132890E-012
  8.400000000000000E+003  6.932814803996555E-009  6.115103718415652E+000  3.426022660908195E-008  1.232705380768879E-003  1.611157216840177E+000  1.055587633593072E-012
  8.600000000000000E+003  6.821920625042096E-009  6.224641089260886E+000  3.398600083701098E-008  1.213389589274197E-003  1.621310288162857E+000  1.039713791904000E-012
  8.800000000000000E+003  6.715389381284519E-009  6.333469803785149E+000  3.371822746040064E-008  1.194826020221816E-003  1.631121515007663E+000  1.024447038079967E-012
  9.000000000000000E+003  6.612954319963257E-009  6.441608779587373E+000  3.345660140207443E-008  1.176968974420119E-003  1.640604296710789E+000  1.009751000929275E-012
  9.200000000000000E+003  6.514370444613321E-009  6.549076078817223E+000  3.320083927447682E-008  1.159776462050508E-003  1.649771331431771E+000  9.955922266951026E-013
  9.400000000000000E+003  6.419412316659510E-009  6.655888964628287E+000  3.295067736708704E-008  1.143209829355266E-003  1.658634665916459E+000  9.819398885671596E-013
  9.600000000000000E+003  6.327872120322492E-009  6.762063952670265E+000  3.270586986109801E-008  1.127233429879922E-003  1.667205740635166E+000  9.687655305234955E-013
  9.800000000000000E+003  6.239557954556112E-009  6.867616858159261E+000  3.246618724137285E-008  1.111814334150458E-003  1.675495430825282E+000  9.560428408292952E-013
  1.000000000000000E+004  6.154292321361970E-009  6.972562838996812E+000  3.223141488019182E-008  1.096922072612153E-003  1.683514083897766E+000  9.437474512365197E-013
  1.020000000000000E+004  6.071910784487842E-009  7.076916435349449E+000  3.200135177104853E-008  1.082528407441226E-003  1.691271553607076E+000  9.318567585232141E-013
  1.040000000000000E+004  5.992260776392463E-009  7.180691606050317E+000  3.177580939388803E-008  1.068607129493027E-003  1.698777231332906E+000  9.203497655071023E-013
  1.060000000000000E+004  5.915200534594677E-009  7.283901762140805E+000  3.155461069580624E-008  1.055133877195587E-003  1.706040074778130E+000  9.092069390827302E-013
  1.080000000000000E+004  5.840598151236000E-009  7.386559797832659E+000  3.133758917344613E-008  1.042085974654229E-003  1.713068634349618E+000  8.984100831794564E-013
  1.100000000000000E+004  5.768330721964900E-009  7.488678119138486E+000  3.112458804519541E-008  1.029442286617242E-003  1.719871077456032E+000  8.879422248307951E-013
  1.120000000000000E+004  5.698283582174048E-009  7.590268670390434E+000  3.091545950287855E-008  1.017183088277049E-003  1.726455210928687E+000  8.777875117933922E-013
  1.140000000000000E+004  5.630349620249528E-009  7.691342958842132E+000  3.071006403398529E-008  1.005289948155949E-003  1.732828501747230E+000  8.679311203640171E-013
  1.160000000000000E+004  5.564428658872709E-009  7.791912077527605E+000  3.050826980663064E-008  9.937456225588581E-004  1.738998096230932E+000  8.583591722216504E-013
  1.180000000000000E+004  5.500426896592534E-009  7.891986726532172E+000  3.030995211042698E-008  9.825339602742651E-004  1.744970837838051E+000  8.490586592741760E-013
  1.200000000000000E+004  5.438256402890998E-009  7.991577232813738E+000  3.011499284729686E-008  9.716398163744726E-004  1.750753283699880E+000  8.400173756196365E-013
  1.220000000000000E+004  5.377834660825595E-009  8.090693568698629E+000  2.992328006698252E-008  9.610489741117482E-004  1.756351720002180E+000  8.312238558438342E-013
  1.240000000000000E+004  5.319084152071859E-009  8.189345369163332E+000  2.973470754263888E-008  9.507480740320570E-004  1.761772176314640E+000  8.226673189723732E-013
  1.260000000000000E+004  5.261931979825773E-009  8.287541948002207E+000  2.954917438244062E-008  9.407245495357817E-004  1.767020438958296E+000  8.143376174781867E-013
  1.280000000000000E+004  5.206309525575481E-009  8.385292312971519E+000  2.936658467360671E-008  9.309665682078497E-004  1.772102063491612E+000  8.062251908173746E-013
  1.300000000000000E+004  5.152152136227270E-009  8.482605179991081E+000  2.918684715565688E-008  9.214629783202399E-004  1.777022386387660E+000  7.983210230283787E-013
  1.320000000000000E+004  5.099398838483431E-009  8.579488986477342E+000  2.900987492007258E-008  9.122032599797203E-004  1.781786535967625E+000  7.906166039835327E-013
  1.340000000000000E+004  5.047992077728213E-009  8.675951903874440E+000  2.883558513384866E-008  9.031774804544475E-004  1.786399442649483E+000  7.831038939290749E-013
  1.360000000000000E+004  4.997877478990655E-009  8.772001849443896E+000  2.866389878469509E-008  8.943762532660495E-004  1.790865848565022E+000  7.757752909907425E-013
  1.380000000000000E+004  4.949003627825982E-009  8.867646497367978E+000  2.849474044589016E-008  8.857907006800867E-004  1.795190316593367E+000  7.686236013579730E-013
  1.400000000000000E+004  4.901321869196058E-009  8.962893289216710E+000  2.832803805899676E-008  8.774124192682993E-004  1.799377238854703E+000  7.616420118911657E-013
  1.420000000000000E+004  4.854786122638760E-009  9.057749443824342E+000  2.816372273284063E-008  8.692334482515886E-004  1.803430844703919E+000  7.548240649240731E-013
  1.440000000000000E+004  4.809352712200047E-009  9.152221966616937E+000  2.800172855731384E-008  8.612462403638904E-004  1.807355208260359E+000  7.481636350576728E-013
  1.460000000000000E+004  4.764980209764528E-009  9.246317658429248E+000  2.784199243071215E-008  8.534436350046161E-004  1.811154255506646E+000  7.416549077632805E-013
  1.480000000000000E+004  4.721629290562941E-009  9.340043123845827E+000  2.768445389944459E-008  8.458188334715659E-004  1.814831770986756E+000  7.352923596315356E-013
  1.500000000000000E+004  4.679262599761197E-009  9.433404779098462E+000  2.752905500906668E-008  8.383653760876710E-004  1.818391404130944E+000  7.290707401206415E-013
  1.520000000000000E+004  4.637844629147238E-009  9.526408859549333E+000  2.737574016569249E-008  8.310771210538801E-004  1.821836675232800E+000  7.229850546720031E-013
  1.540000000000000E+004  4.597341603030835E-009  9.619061426787068E+000  2.722445600692969E-008  8.239482248773311E-004  1.825170981101690E+000  7.170305490745838E-013
  1.560000000000000E+004  4.557721372559400E-009  9.711368375360545E+000  2.707515128156366E-008  8.169731242388943E-004  1.828397600411925E+000  7.112026949709515E-013
  1.580000000000000E+004  4.518953317730878E-009  9.803335439173532E+000  2.692777673728877E-008  8.101465191774570E-004  1.831519698768337E+000  7.054971764084013E-013
  1.600000000000000E+004  4.481008256454537E-009  9.894968197561369E+000  2.678228501584942E-008  8.034633574801692E-004  1.834540333506404E+000  6.999098773478073E-013
  1.620000000000000E+004  4.443858360072376E-009  9.986272081069325E+000  2.663863055501171E-008  7.969188201784278E-004  1.837462458243659E+000  6.944368700511275E-013
  1.640000000000000E+004  4.407477074809470E-009  1.007725237695083E+001  2.649676949683863E-008  7.905083080588282E-004  1.840288927197865E+000  6.890744042759023E-013
  1.660000000000000E+004  4.371839048671090E-009  1.016791423440241E+001  2.635665960178823E-008  7.842274291067578E-004  1.843022499286321E+000  6.838188972117035E-013
  1.680000000000000E+004  4.336920063348934E-009  1.025826266955097E+001  2.621826016819673E-008  7.780719868078711E-004  1.845665842019541E+000  6.786669240994479E-013
  1.700000000000000E+004  4.302696970738684E-009  1.034830257020786E+001  2.608153195674552E-008  7.720379692395020E-004  1.848221535201652E+000  6.736152094798199E-013
  1.720000000000000E+004  4.269147633706905E-009  1.043803870040328E+001  2.594643711954716E-008  7.661215388901542E-004  1.850692074448960E+000  6.686606190218621E-013
  1.740000000000000E+004  4.236250870777550E-009  1.052747570471362E+001  2.581293913351398E-008  7.603190231507083E-004  1.853079874537331E+000  6.638001518870843E-013
  1.760000000000000E+004  4.203986404437341E-009  1.061661811239318E+001  2.568100273770296E-008  7.546269054259531E-004  1.855387272588279E+000  6.590309335883869E-013
  1.780000000000000E+004  4.172334812785498E-009  1.070547034132155E+001  2.555059387435467E-008  7.490418168194784E-004  1.857616531103021E+000  6.543502093065569E-013
  1.800000000000000E+004  4.141277484276874E-009  1.079403670177638E+001  2.542167963336774E-008  7.435605283490339E-004  1.859769840853083E+000  6.497553376303132E-013
  1.820000000000000E+004  4.110796575328970E-009  1.088232140004149E+001  2.529422819997074E-008  7.381799436530733E-004  1.861849323635514E+000  6.452437846887317E-013
  1.840000000000000E+004  4.080874970582567E-009  1.097032854185869E+001  2.516820880537279E-008  7.328970921525292E-004  1.863857034900208E+000  6.408131186474968E-013
  1.860000000000000E+004  4.051496245623297E-009  1.105806213573216E+001  2.504359168019095E-008  7.277091226348266E-004  1.865794966256356E+000  6.364610045427680E-013
  1.880000000000000E+004  4.022644631987312E-009  1.114552609609270E+001  2.492034801046884E-008  7.226132972298819E-004  1.867665047864599E+000  6.321851994286169E-013
  1.900000000000000E+004  3.994304984288638E-009  1.123272424632940E+001  2.479844989611454E-008  7.176069857502751E-004  1.869469150721040E+000  6.279835478159155E-013
  1.920000000000000E+004  3.966462749318928E-009  1.131966032169551E+001  2.467787031159974E-008  7.126876603700384E-004  1.871209088838885E+000  6.238539773823446E-013
  1.940000000000000E+004  3.939103936982242E-009  1.140633797209484E+001  2.455858306877326E-008  7.078528906185329E-004  1.872886621333112E+000  6.197944949347925E-013
  1.960000000000000E+004  3.912215092938342E-009  1.149276076475490E+001  2.444056278165368E-008  7.031003386677409E-004  1.874503454413259E+000  6.158031826068826E-013
  1.980000000000000E+004  3.885783272837919E-009  1.157893218679216E+001  2.432378483307547E-008  6.984277548930068E-004  1.876061243289089E+000  6.118781942757259E-013
  2.000000000000000E+004  3.859796018042142E-009  1.166485564767509E+001  2.420822534307223E-008  6.938329736887840E-004  1.877561593993631E+000  6.080177521831953E-013
