! time                    frank_diameter          perfect_diameter        faulted_diameter        void_diameter           
  0.000000000000000E+000  0.000000000000000E+000  0.000000000000000E+000  0.000000000000000E+000  0.000000000000000E+000
  1.000000000000001E-001  4.170979841502670E-001  4.192001816790917E-001  4.606049595478808E-001  2.556632528786318E-001
  2.000000000000001E-001  4.814615115975565E-001  4.804857118268768E-001  4.566430769661973E-001  2.556661695352065E-001
  3.000000000000002E-001  5.327955107991668E-001  5.179180914219347E-001  4.569546598223257E-001  2.556716117859481E-001
  4.000000000000003E-001  5.720177026849272E-001  5.420107481898730E-001  4.592220170682165E-001  2.556775070022769E-001
  5.000000000000003E-001  6.021434387992520E-001  5.601530809605728E-001  4.626247422703193E-001  2.556834321687194E-001
  6.000000000000004E-001  6.257161875086001E-001  5.767420561971208E-001  4.667911186579386E-001  2.556892480988683E-001
  7.000000000000005E-001  6.446340660733577E-001  5.937864973201765E-001  4.715769590554652E-001  2.556948966617462E-001
  8.000000000000006E-001  6.602594484719496E-001  6.118826679842424E-001  4.769456830289434E-001  2.557003413064798E-001
  9.000000000000007E-001  6.734925562637024E-001  6.309698753433408E-001  4.828915877189873E-001  2.557055577875761E-001
  1.000000000000001E+000  6.849254229902132E-001  6.507605045765503E-001  4.894228740282531E-001  2.557105279716558E-001
  1.100000000000001E+000  6.949530092549142E-001  6.709586268587685E-001  4.965518834307592E-001  2.557152372065122E-001
  1.200000000000001E+000  7.038467114738184E-001  6.913329747964135E-001  5.042890464950998E-001  2.557196731186500E-001
  1.300000000000001E+000  7.118002632202703E-001  7.117214627868337E-001  5.126389712297110E-001  2.557238250288830E-001
  1.400000000000001E+000  7.189575501214199E-001  7.320148760044982E-001  5.215979529060446E-001  2.557276836533551E-001
  1.500000000000001E+000  7.254293868616020E-001  7.521397754408092E-001  5.311525569629695E-001  2.557312409508545E-001
  1.600000000000001E+000  7.313037981326825E-001  7.720459368190675E-001  5.412790777971067E-001  2.557344900612823E-001
  1.700000000000001E+000  7.366525068333889E-001  7.916981977125473E-001  5.519437275871767E-001  2.557374253154738E-001
  1.800000000000001E+000  7.415351783036525E-001  8.110713882986141E-001  5.631034184058479E-001  2.557400423076764E-001
  1.900000000000001E+000  7.460023014569399E-001  8.301471797729472E-001  5.747069964331770E-001  2.557423380210195E-001
  2.000000000000001E+000  7.500972145234385E-001  8.489120708201540E-001  5.866967827168798E-001  2.557443109907774E-001
  2.100000000000001E+000  7.538575746107691E-001  8.673560430828490E-001  5.990102766844583E-001  2.557459614850378E-001
  2.200000000000002E+000  7.573164510745916E-001  8.854716232693475E-001  6.115818894878602E-001  2.557472916800634E-001
  2.300000000000002E+000  7.605031528241557E-001  9.032532194570672E-001  6.243445959129680E-001  2.557483058087658E-001
  2.400000000000002E+000  7.634438588110618E-001  9.206966728805898E-001  6.372314257612982E-001  2.557490102644643E-001
  2.500000000000002E+000  7.661620981538841E-001  9.377989954957392E-001  6.501767547092803E-001  2.557494136473876E-001
  2.600000000000002E+000  7.686791146247814E-001  9.545582609817801E-001  6.631173931660662E-001  2.557495267471247E-001
  2.700000000000002E+000  7.710141442259743E-001  9.709736015259546E-001  6.759934996539951E-001  2.557493624597222E-001
  2.800000000000002E+000  7.731846304155875E-001  9.870452532765004E-001  6.887493541634432E-001  2.557489356427861E-001
  2.900000000000002E+000  7.752063971060461E-001  1.002774598893008E+000  7.013340142962784E-001  2.557482629154091E-001
  3.000000000000002E+000  7.770937944853674E-001  1.018164173373835E+000  7.137018490410479E-001  2.557473624120840E-001
  3.100000000000002E+000  7.788598276649547E-001  1.033217620123826E+000  7.258129150959344E-001  2.557462535011752E-001
  3.200000000000002E+000  7.805162739555397E-001  1.047939600197382E+000  7.376331241672263E-001  2.557449564793536E-001
  3.300000000000002E+000  7.820732091880860E-001  1.062313174737741E+000  7.492134868035324E-001  2.557434697776299E-001
  3.400000000000002E+000  7.835410241544096E-001  1.076373498310681E+000  7.604341802493435E-001  2.557418416465761E-001
  3.500000000000001E+000  7.849284513180628E-001  1.090121094520651E+000  7.712800606899595E-001  2.557400930432599E-001
  3.600000000000001E+000  7.862433930716065E-001  1.103563221915342E+000  7.817394853443388E-001  2.557382445284415E-001
  3.700000000000001E+000  7.874929839684435E-001  1.116707601060321E+000  7.918036903579189E-001  2.557363160473036E-001
  3.800000000000000E+000  7.886836664202295E-001  1.129562119829421E+000  8.014663208427725E-001  2.557343267105277E-001
  3.900000000000000E+000  7.898212592102317E-001  1.142134744749694E+000  8.107231511781841E-001  2.557322946061104E-001
  4.000000000000000E+000  7.909110179935019E-001  1.154433467301407E+000  8.195719781967318E-001  2.557302366427224E-001
  4.100000000000000E+000  7.919576883948374E-001  1.166466268960621E+000  8.280126372649319E-001  2.557281684247462E-001
  4.199999999999999E+000  7.929655525508730E-001  1.178241098177812E+000  8.360470778631265E-001  2.557261041587727E-001
  4.299999999999999E+000  7.939384700170303E-001  1.189765853808570E+000  8.436794387918513E-001  2.557240565910644E-001
  4.399999999999999E+000  7.948799139596446E-001  1.201048370792112E+000  8.509160777381589E-001  2.557220369750909E-001
  4.499999999999998E+000  7.957930034941929E-001  1.212096405368831E+000  8.577655290230437E-001  2.557200550677290E-001
  4.599999999999998E+000  7.966805329284130E-001  1.222917618539688E+000  8.642383816124115E-001  2.557181191521182E-001
  4.699999999999998E+000  7.975482896047994E-001  1.233497532254298E+000  8.703392515147864E-001  2.557162472513122E-001
  4.799999999999997E+000  7.983952125276290E-001  1.243869799698121E+000  8.760907156703487E-001  2.557144332163689E-001
  4.899999999999997E+000  7.992232436211635E-001  1.254038457738842E+000  8.815086809780294E-001  2.557126810983248E-001
  4.999999999999996E+000  8.000341040479245E-001  1.264010373026471E+000  8.866099196077530E-001  2.557109937322083E-001
  5.099999999999996E+000  8.008293112111647E-001  1.273792390387827E+000  8.914117590383006E-001  2.557093729416959E-001
  5.199999999999996E+000  8.016101981262214E-001  1.283391155553990E+000  8.959317948160028E-001  2.557078196500589E-001
  5.299999999999995E+000  8.023779319506505E-001  1.292813089960329E+000  9.001876343101876E-001  2.557063339914287E-001
  5.399999999999995E+000  8.031335313999800E-001  1.302064380615013E+000  9.041966750718817E-001  2.557049154204422E-001
  5.499999999999995E+000  8.038778830178636E-001  1.311150974221453E+000  9.079759188812471E-001  2.557035628180768E-001
  5.599999999999994E+000  8.046117562915092E-001  1.320078574292867E+000  9.115418207462774E-001  2.557022745918877E-001
  5.699999999999994E+000  8.053358176082488E-001  1.328852640874780E+000  9.149101708447208E-001  2.557010487692805E-001
  5.799999999999994E+000  8.060506430563074E-001  1.337478392553125E+000  9.180960065888193E-001  2.556998830828616E-001
  5.899999999999993E+000  8.067567300827838E-001  1.345960810418460E+000  9.211135515410135E-001  2.556987750472844E-001
  5.999999999999993E+000  8.074545080333089E-001  1.354304643657692E+000  9.239761777278115E-001  2.556977220273289E-001
  6.099999999999993E+000  8.081443476094936E-001  1.362514416457778E+000  9.266963879117740E-001  2.556967212972358E-001
  6.199999999999992E+000  8.088265692912265E-001  1.370594435927804E+000  9.292858145263442E-001  2.556957700915397E-001
  6.299999999999992E+000  8.095014507803215E-001  1.378548800773139E+000  9.317552322077539E-001  2.556948656478214E-001
  6.399999999999991E+000  8.101692335295938E-001  1.386381410485394E+000  9.341145811370679E-001  2.556940052419258E-001
  6.499999999999991E+000  8.108301284268636E-001  1.394095974842603E+000  9.363729987080024E-001  2.556931862162878E-001
  6.599999999999991E+000  8.114843207066559E-001  1.401696023544307E+000  9.385388573442521E-001  2.556924060020484E-001
  6.699999999999990E+000  8.121319741635916E-001  1.409184915834773E+000  9.406198065911728E-001  2.556916621356765E-001
  6.799999999999990E+000  8.127732347408373E-001  1.416565849994172E+000  9.426228178923489E-001  2.556909522707967E-001
  6.999999999999990E+000  8.140479360805946E-001  1.430980491224862E+000  9.464273662826403E-001  2.556896451103942E-001
  7.199999999999990E+000  8.152972753912120E-001  1.445002093132776E+000  9.499993105456852E-001  2.556884400482569E-001
  7.399999999999991E+000  8.165222094558351E-001  1.458648840670410E+000  9.533695545191476E-001  2.556873259649913E-001
  7.599999999999991E+000  8.177235693597408E-001  1.471939254769966E+000  9.565642145595689E-001  2.556862928121535E-001
  7.799999999999991E+000  8.189020929098079E-001  1.484890452626703E+000  9.596052486208960E-001  2.556853316715654E-001
  7.999999999999991E+000  8.200584484201668E-001  1.497518257451335E+000  9.625110680526122E-001  2.556844347091915E-001
  8.199999999999990E+000  8.211932513788103E-001  1.509837332866754E+000  9.652970999445500E-001  2.556835950920092E-001
  8.399999999999990E+000  8.223070760381804E-001  1.521861302971552E+000  9.679762850354852E-001  2.556828068865680E-001
  8.599999999999989E+000  8.234004634757682E-001  1.533602857983539E+000  9.705595070291108E-001  2.556820649519620E-001
  8.799999999999988E+000  8.244739272422973E-001  1.545073846815125E+000  9.730559555559649E-001  2.556813648354307E-001
  8.999999999999988E+000  8.255279573838681E-001  1.556285358060614E+000  9.754734285065546E-001  2.556807026754675E-001
  9.199999999999987E+000  8.265630233782139E-001  1.567247790849575E+000  9.778185810545663E-001  2.556800751149175E-001
  9.399999999999986E+000  8.275795763478891E-001  1.577970916924363E+000  9.800971290874715E-001  2.556794792249386E-001
  9.599999999999985E+000  8.285780507891887E-001  1.588463935167471E+000  9.823140144475935E-001  2.556789124396534E-001
  9.799999999999985E+000  8.295588659712049E-001  1.598735519657747E+000  9.844735386883064E-001  2.556783725007252E-001
  9.999999999999984E+000  8.305224271035410E-001  1.608793862188609E+000  9.865794711846265E-001  2.556778574107862E-001
  1.019999999999998E+001  8.314691263350745E-001  1.618646710044816E+000  9.886351365412536E-001  2.556773653945387E-001
  1.039999999999998E+001  8.323993436234848E-001  1.628301399711731E+000  9.906434853939610E-001  2.556768948663835E-001
  1.059999999999998E+001  8.333134475012823E-001  1.637764887084080E+000  9.926071519432659E-001  2.556764444035067E-001
  1.079999999999998E+001  8.342117957557195E-001  1.647043774649888E+000  9.945285009085786E-001  2.556760127234911E-001
  1.099999999999998E+001  8.350947360349992E-001  1.656144336048444E+000  9.964096660471039E-001  2.556755986656489E-001
  1.149999999999998E+001  8.372632778589070E-001  1.678037424221183E+000  1.001021879058726E+000  2.556746421581933E-001
  1.199999999999998E+001  8.393380371081424E-001  1.698945221441359E+000  1.005414174184940E+000  2.556737679982212E-001
  1.249999999999998E+001  8.413246091897245E-001  1.718942044589394E+000  1.009604535190337E+000  2.556729698849944E-001
  1.299999999999998E+001  8.432280766288609E-001  1.738095641848519E+000  1.013610615847330E+000  2.556722401711010E-001
  1.349999999999998E+001  8.450531220859286E-001  1.756466826257053E+000  1.017448163333440E+000  2.556715715645004E-001
  1.399999999999998E+001  8.468040905145013E-001  1.774110343707825E+000  1.021130859552878E+000  2.556709575927480E-001
  1.449999999999998E+001  8.484850291043887E-001  1.791075635756258E+000  1.024670565012255E+000  2.556703926393658E-001
  1.499999999999998E+001  8.500997166291113E-001  1.807407492913694E+000  1.028077626184214E+000  2.556698718518438E-001
  1.549999999999998E+001  8.516516869966865E-001  1.823146612160454E+000  1.031361148529387E+000  2.556693910266982E-001
  1.599999999999998E+001  8.531442491434025E-001  1.838330073645467E+000  1.034529217250831E+000  2.556689465042519E-001
  1.649999999999998E+001  8.545805043463508E-001  1.852991749893993E+000  1.037589070928831E+000  2.556685350803532E-001
  1.699999999999998E+001  8.559633615733864E-001  1.867162658662661E+000  1.040547237664774E+000  2.556681539342653E-001
  1.749999999999998E+001  8.572955512684637E-001  1.880871268572537E+000  1.043409642524521E+000  2.556678005700586E-001
  1.799999999999998E+001  8.585796378484671E-001  1.894143764977352E+000  1.046181693188790E+000  2.556674727688018E-001
  1.849999999999998E+001  8.598180311124064E-001  1.907004282173783E+000  1.048868348992181E+000  2.556671685493068E-001
  1.899999999999998E+001  8.610129967137988E-001  1.919475106980115E+000  1.051474177194606E+000  2.556668861356574E-001
  1.949999999999998E+001  8.621666658123938E-001  1.931576857843788E+000  1.054003399343707E+000  2.556666239301516E-001
  1.999999999999998E+001  8.632810439968118E-001  1.943328642940876E+000  1.056459929870596E+000  2.556663804905987E-001
  2.049999999999998E+001  8.643580195519630E-001  1.954748200165632E+000  1.058847408539235E+000  2.556661545111453E-001
  2.099999999999998E+001  8.653993711322111E-001  1.965852021447639E+000  1.061169227986314E+000  2.556659448059850E-001
  2.149999999999998E+001  8.664067748917318E-001  1.976655463456385E+000  1.063428557304072E+000  2.556657502954385E-001
  2.199999999999998E+001  8.673818111163498E-001  1.987172846441704E+000  1.065628362405594E+000  2.556655699940023E-001
  2.249999999999998E+001  8.683259703956812E-001  1.997417542700321E+000  1.067771423751208E+000  2.556654030000266E-001
  2.299999999999998E+001  8.692406593701115E-001  2.007402055943673E+000  1.069860351892173E+000  2.556652484867742E-001
  2.349999999999998E+001  8.701272060837517E-001  2.017138092662257E+000  1.071897601193818E+000  2.556651056946299E-001
  2.399999999999998E+001  8.709868649716654E-001  2.026636626430455E+000  1.073885482027754E+000  2.556649739242944E-001
  2.449999999999998E+001  8.718208215073301E-001  2.035907955968121E+000  1.075826171666319E+000  2.556648525308096E-001
  2.499999999999998E+001  8.726301965342319E-001  2.044961757667076E+000  1.077721724068365E+000  2.556647409183013E-001
  2.549999999999998E+001  8.734160503037258E-001  2.053807133198642E+000  1.079574078710748E+000  2.556646385353334E-001
  2.599999999999998E+001  8.741793862396667E-001  2.062452652739825E+000  1.081385068592503E+000  2.556645448707919E-001
  2.649999999999998E+001  8.749211544488888E-001  2.070906394288619E+000  1.083156427516863E+000  2.556644594502271E-001
  2.699999999999998E+001  8.756422549952673E-001  2.079175979481014E+000  1.084889796738849E+000  2.556643818325945E-001
  2.749999999999998E+001  8.763435409538649E-001  2.087268606272679E+000  1.086586731052145E+000  2.556643116073446E-001
  2.799999999999998E+001  8.770258212605399E-001  2.095191078805164E+000  1.088248704377653E+000  2.556642483918132E-001
  2.899999999999998E+001  8.783414621855503E-001  2.110467253510726E+000  1.091498739703276E+000  2.556641417370067E-001
  2.999999999999998E+001  8.795890709797650E-001  2.125140727755197E+000  1.094621760279830E+000  2.556640589168123E-001
  3.099999999999998E+001  8.807738991920578E-001  2.139253793104505E+000  1.097627421549482E+000  2.556639978671947E-001
  3.199999999999998E+001  8.819006847896493E-001  2.152844699189933E+000  1.100524608162557E+000  2.556639566050956E-001
  3.299999999999998E+001  8.829737128121636E-001  2.165948069065875E+000  1.103321356877116E+000  2.556639333634474E-001
  3.399999999999998E+001  8.839968668221033E-001  2.178595330911342E+000  1.106024943189383E+000  2.556639265735810E-001
  3.499999999999998E+001  8.849736735995858E-001  2.190815089142873E+000  1.108641969537473E+000  2.556639348390871E-001
  3.599999999999998E+001  8.859073421519659E-001  2.202633444189862E+000  1.111178441990675E+000  2.556639569129177E-001
  3.699999999999998E+001  8.868007978488235E-001  2.214074269065648E+000  1.113639836340017E+000  2.556639916779966E-001
  3.799999999999998E+001  8.876567123600251E-001  2.225159449458710E+000  1.116031155325852E+000  2.556640381307775E-001
  3.899999999999998E+001  8.884775299713102E-001  2.235909092894346E+000  1.118356978446942E+000  2.556640953672424E-001
  3.999999999999998E+001  8.892654907660329E-001  2.246341711566280E+000  1.120621505505545E+000  2.556641625709239E-001
  4.099999999999998E+001  8.900226510896740E-001  2.256474382666733E+000  1.122828594822529E+000  2.556642390026187E-001
  4.199999999999998E+001  8.907509016531623E-001  2.266322889415626E+000  1.124981796888892E+000  2.556643239915177E-001
  4.299999999999998E+001  8.914519835799425E-001  2.275901845475809E+000  1.127084384089782E+000  2.556644169275292E-001
  4.399999999999998E+001  8.921275026585499E-001  2.285224805019039E+000  1.129139377033666E+000  2.556645172546131E-001
  4.499999999999998E+001  8.927789420258705E-001  2.294304360358639E+000  1.131149567935892E+000  2.556646244649736E-001
  4.599999999999998E+001  8.934076734751865E-001  2.303152228775762E+000  1.133117541437695E+000  2.556647380939823E-001
  4.699999999999998E+001  8.940149675567245E-001  2.311779329925560E+000  1.135045693185503E+000  2.556648577157290E-001
  4.799999999999998E+001  8.946020026158529E-001  2.320195855008339E+000  1.136936246448569E+000  2.556649829391097E-001
  4.899999999999998E+001  8.951698728948688E-001  2.328411328722195E+000  1.138791267013870E+000  2.556651134043793E-001
  4.999999999999998E+001  8.957195958078036E-001  2.336434664871534E+000  1.140612676564216E+000  2.556652487801027E-001
  5.099999999999998E+001  8.962521184835713E-001  2.344274216385955E+000  1.142402264717685E+000  2.556653887604564E-001
  5.199999999999998E+001  8.967683236606164E-001  2.351937820402358E+000  1.144161699882833E+000  2.556655330628302E-001
  5.399999999999998E+001  8.977588018529719E-001  2.366663131248966E+000  1.147630721393145E+000  2.556658332215530E-001
  5.599999999999998E+001  8.986928702460834E-001  2.380774658365409E+000  1.150992978703468E+000  2.556661479138130E-001
  5.799999999999998E+001  8.995758052974077E-001  2.394319507001193E+000  1.154258855646992E+000  2.556664753750689E-001
  5.999999999999998E+001  9.004122452758861E-001  2.407339718878568E+000  1.157437465688768E+000  2.556668141998610E-001
  6.199999999999998E+001  9.012062834021449E-001  2.419872947057318E+000  1.160536812298515E+000  2.556671631680840E-001
  6.399999999999998E+001  9.019615451949562E-001  2.431953035689145E+000  1.163563949001305E+000  2.556675212127114E-001
  6.599999999999997E+001  9.026812530883143E-001  2.443610508285669E+000  1.166525113291046E+000  2.556678873968209E-001
  6.799999999999997E+001  9.033682806833018E-001  2.454872981114999E+000  1.169425838244431E+000  2.556682608946783E-001
  6.999999999999997E+001  9.040251985121415E-001  2.465765514967863E+000  1.172271046098105E+000  2.556686409760044E-001
  7.199999999999997E+001  9.046543128155423E-001  2.476310915901036E+000  1.175065127217270E+000  2.556690269928276E-001
  7.399999999999997E+001  9.052576985403730E-001  2.486529993510508E+000  1.177812007135446E+000  2.556694183684378E-001
  7.599999999999997E+001  9.058372275335027E-001  2.496441783671449E+000  1.180515203770008E+000  2.556698145880615E-001
  7.799999999999997E+001  9.063945927247471E-001  2.506063741404239E+000  1.183177876484700E+000  2.556702151909548E-001
  7.999999999999997E+001  9.069313289464906E-001  2.515411908508636E+000  1.185802868340728E+000  2.556706197636656E-001
  8.199999999999997E+001  9.074488309212759E-001  2.524501059793332E+000  1.188392742623807E+000  2.556710279342723E-001
  8.399999999999997E+001  9.079483688552796E-001  2.533344831072172E+000  1.190949814535849E+000  2.556714393674376E-001
  8.599999999999997E+001  9.084311020001785E-001  2.541955831566804E+000  1.193476178782722E+000  2.556718537601445E-001
  8.799999999999997E+001  9.088980904847397E-001  2.550345742923069E+000  1.195973733663916E+000  2.556722708380101E-001
  8.999999999999997E+001  9.093503056676162E-001  2.558525406694619E+000  1.198444202168645E+000  2.556726903520867E-001
  9.499999999999997E+001  9.104327753068974E-001  2.577863142845427E+000  1.204637864570939E+000  2.556737459643036E-001
  9.999999999999997E+001  9.114396403880832E-001  2.596113400238176E+000  1.210674942196301E+000  2.556748126897240E-001
  1.050000000000000E+002  9.123808948297210E-001  2.613390518454834E+000  1.216575413043128E+000  2.556758878689565E-001
  1.100000000000000E+002  9.132648024958363E-001  2.629791966823483E+000  1.222355098186243E+000  2.556769695489050E-001
  1.150000000000000E+002  9.140982560796729E-001  2.645401468374723E+000  1.228026682137529E+000  2.556780561452560E-001
  1.200000000000000E+002  9.148870504027938E-001  2.660291442243000E+000  1.233600447049039E+000  2.556791463616847E-001
  1.250000000000000E+002  9.156360929522279E-001  2.674524930715415E+000  1.239084806835654E+000  2.556802391299838E-001
  1.300000000000000E+002  9.163495678134687E-001  2.688157135384539E+000  1.244486705594698E+000  2.556813335645147E-001
  1.350000000000000E+002  9.170310645892609E-001  2.701236653328051E+000  1.249811920681759E+000  2.556824289271203E-001
  1.400000000000000E+002  9.176836807206636E-001  2.713806480595773E+000  1.255065296624992E+000  2.556835245997690E-001
  1.450000000000000E+002  9.183101033948330E-001  2.725904833387592E+000  1.260250927666450E+000  2.556846200630046E-001
  1.500000000000000E+002  9.189126756348597E-001  2.737565825072632E+000  1.265372301468416E+000  2.556857148788119E-001
  1.550000000000000E+002  9.194934500222646E-001  2.748820028236319E+000  1.270432413064191E+000  2.556868086768774E-001
  1.600000000000000E+002  9.200542326688177E-001  2.759694944299436E+000  1.275433855762389E+000  2.556879011434920E-001
  1.610000000000000E+002  9.201628467947943E-001  2.761849767949923E+000  1.276411031087344E+000  2.556881200720953E-001
  1.620000000000000E+002  9.202707457143171E-001  2.763990312575356E+000  1.277386352036911E+000  2.556883388294071E-001
  1.640000000000000E+002  9.204850673416720E-001  2.768218028471948E+000  1.279339415534501E+000  2.556887758273635E-001
  1.660000000000000E+002  9.206966564790900E-001  2.772391130022547E+000  1.281284670433732E+000  2.556892125449700E-001
  1.680000000000000E+002  9.209055984590828E-001  2.776511016255856E+000  1.283222165567861E+000  2.556896489492450E-001
  1.700000000000000E+002  9.211119747121210E-001  2.780579033695209E+000  1.285151956777572E+000  2.556900850304524E-001
  1.750000000000000E+002  9.216215784921361E-001  2.790455583209217E+000  1.289995611712427E+000  2.556911718833855E-001
  1.800000000000000E+002  9.221166072088459E-001  2.800039205038241E+000  1.294787408916805E+000  2.556922566728991E-001
  1.850000000000000E+002  9.225980677079677E-001  2.809346893056271E+000  1.299529032529323E+000  2.556933391734079E-001
  1.900000000000000E+002  9.230668658082515E-001  2.818394212529642E+000  1.304221931984353E+000  2.556944192553536E-001
  1.950000000000000E+002  9.235238188066519E-001  2.827195454215418E+000  1.308867394641425E+000  2.556954968138367E-001
  2.000000000000000E+002  9.239696662086113E-001  2.835763768861507E+000  1.313466589124723E+000  2.556965717630060E-001
  2.050000000000000E+002  9.244050789509844E-001  2.844111284564840E+000  1.318020592148891E+000  2.556976440323037E-001
  2.100000000000000E+002  9.248306673501306E-001  2.852249209508563E+000  1.322530406569455E+000  2.556987135638700E-001
  2.150000000000000E+002  9.252469879719970E-001  2.860187922191123E+000  1.326996974408965E+000  2.556997803106159E-001
  2.200000000000000E+002  9.256545495889407E-001  2.867937050918713E+000  1.331421186715398E+000  2.557008442347054E-001
  2.250000000000000E+002  9.260538183607218E-001  2.875505544050023E+000  1.335803891251897E+000  2.557019053063095E-001
  2.300000000000000E+002  9.264452223543911E-001  2.882901732248409E+000  1.340145898609946E+000  2.557029635025596E-001
  2.350000000000000E+002  9.268291554990172E-001  2.890133383803470E+000  1.344447987128819E+000  2.557040188066551E-001
  2.400000000000000E+002  9.272059810557359E-001  2.897207753923690E+000  1.348710906886544E+000  2.557050712070972E-001
  2.450000000000000E+002  9.275760346708329E-001  2.904131628768453E+000  1.352935382955784E+000  2.557061206970234E-001
  2.500000000000000E+002  9.279396270690407E-001  2.910911364876230E+000  1.357122118070889E+000  2.557071672736304E-001
  2.550000000000000E+002  9.282970464354449E-001  2.917552924552527E+000  1.361271794819587E+000  2.557082109376687E-001
  2.600000000000000E+002  9.286485605271597E-001  2.924061907702369E+000  1.365385077448876E+000  2.557092516930008E-001
  2.650000000000000E+002  9.289944185498060E-001  2.930443580526028E+000  1.369462613356824E+000  2.557102895462129E-001
  2.700000000000000E+002  9.293348528287896E-001  2.936702901440253E+000  1.373505034328042E+000  2.557113245062728E-001
  2.800000000000000E+002  9.300075745290104E-001  2.948774693746634E+000  1.381559969333362E+000  2.557133816220410E-001
  2.900000000000000E+002  9.306606572122640E-001  2.960416787954556E+000  1.389472978987235E+000  2.557154276464807E-001
  3.000000000000000E+002  9.312954984299701E-001  2.971659200223736E+000  1.397250141990956E+000  2.557174625639427E-001
  3.100000000000000E+002  9.319133376331160E-001  2.982528902048993E+000  1.404896922119623E+000  2.557194864807090E-001
  3.150000000000000E+002  9.322132958058692E-001  2.987869918035240E+000  1.408643793426523E+000  2.557204962767615E-001
  3.200000000000000E+002  9.325094769539852E-001  2.993125467813361E+000  1.412361646610897E+000  2.557215032445446E-001
  3.250000000000000E+002  9.328020002531742E-001  2.998298290914351E+000  1.416050860303996E+000  2.557225074721634E-001
  3.300000000000000E+002  9.330909785366738E-001  3.003390996664761E+000  1.419711856659474E+000  2.557235089988914E-001
  3.350000000000000E+002  9.333765187752723E-001  3.008406072445034E+000  1.423345074438078E+000  2.557245078551280E-001
  3.400000000000000E+002  9.336587225026822E-001  3.013345891194826E+000  1.426950956627911E+000  2.557255040672325E-001
  3.500000000000000E+002  9.342184817469765E-001  3.022945774267979E+000  1.434130108595475E+000  2.557274852825257E-001
  3.550000000000000E+002  9.344912463010193E-001  3.027673088888771E+000  1.437655480644585E+000  2.557284738182590E-001
  3.600000000000000E+002  9.347610313314124E-001  3.032333622386523E+000  1.441155392212426E+000  2.557294597385639E-001
  3.650000000000000E+002  9.350279164699236E-001  3.036929269907614E+000  1.444630210598844E+000  2.557304431117288E-001
  3.700000000000000E+002  9.352919777263072E-001  3.041461846654265E+000  1.448080321034467E+000  2.557314239706766E-001
  3.800000000000000E+002  9.358162345281430E-001  3.050291230096022E+000  1.454948638077517E+000  2.557333751446660E-001
  3.900000000000000E+002  9.363298473798018E-001  3.058891103743701E+000  1.461719151049983E+000  2.557353167690535E-001
  3.950000000000000E+002  9.365808284942465E-001  3.063133159927089E+000  1.465049947376007E+000  2.557362855506394E-001
  4.000000000000000E+002  9.368293751611388E-001  3.067321584759833E+000  1.468358458714937E+000  2.557372518919921E-001
  4.050000000000000E+002  9.370755438126895E-001  3.071457743377378E+000  1.471644992044218E+000  2.557382158589733E-001
  4.100000000000000E+002  9.373193886447269E-001  3.075542949141242E+000  1.474909872001477E+000  2.557391774845452E-001
  4.150000000000000E+002  9.375609617491427E-001  3.079578466283858E+000  1.478153427540144E+000  2.557401367949876E-001
  4.200000000000000E+002  9.378003132327095E-001  3.083565512340869E+000  1.481375986206513E+000  2.557410938135444E-001
  4.300000000000000E+002  9.382760169434511E-001  3.091357027684068E+000  1.487791512159891E+000  2.557429983241666E-001
  4.400000000000000E+002  9.387432577993727E-001  3.098970138825909E+000  1.494124368471688E+000  2.557448940884912E-001
  4.500000000000000E+002  9.392023796707361E-001  3.106412988717719E+000  1.500377326479572E+000  2.557467811898030E-001
  4.600000000000000E+002  9.396537034959920E-001  3.113693172688438E+000  1.506552969329465E+000  2.557486597617623E-001
  4.700000000000000E+002  9.400975293856615E-001  3.120817786454759E+000  1.512653741453684E+000  2.557505299454848E-001
  4.800000000000000E+002  9.405341384978984E-001  3.127793469045045E+000  1.518681968511975E+000  2.557523918818992E-001
  4.900000000000000E+002  9.409637947063566E-001  3.134626441221512E+000  1.524639868439751E+000  2.557542457095472E-001
  5.000000000000000E+002  9.413867460847595E-001  3.141322539948031E+000  1.530529559257835E+000  2.557560915638880E-001
  5.100000000000000E+002  9.418032262309545E-001  3.147887249379631E+000  1.536353065379512E+000  2.557579295770651E-001
  5.200000000000000E+002  9.422134554505610E-001  3.154325728785505E+000  1.542112323059020E+000  2.557597598778386E-001
  5.300000000000000E+002  9.426176418176789E-001  3.160642837762123E+000  1.547809185269435E+000  2.557615825915945E-001
  5.400000000000000E+002  9.430159821277526E-001  3.166843159045843E+000  1.553445426159045E+000  2.557633978403918E-001
  5.500000000000000E+002  9.434086627556245E-001  3.172931019193931E+000  1.559022745172367E+000  2.557652057430300E-001
  5.600000000000000E+002  9.437958604300337E-001  3.178910507368609E+000  1.564542770890085E+000  2.557670064151299E-001
  5.700000000000000E+002  9.441777429343071E-001  3.184785492429145E+000  1.570007064624688E+000  2.557687999692210E-001
  5.800000000000000E+002  9.445544697416868E-001  3.190559638511605E+000  1.575417123798345E+000  2.557705865148326E-001
  5.900000000000000E+002  9.449261925926349E-001  3.196236419254066E+000  1.580774385123223E+000  2.557723661585874E-001
  6.000000000000000E+002  9.452930560205204E-001  3.201819130806224E+000  1.586080227600391E+000  2.557741390042955E-001
  6.100000000000000E+002  9.456551978312578E-001  3.207310903746026E+000  1.591335975350696E+000  2.557759051530458E-001
  6.200000000000000E+002  9.460127495417970E-001  3.212714714011607E+000  1.596542900289109E+000  2.557776647033000E-001
  6.300000000000000E+002  9.463658367817408E-001  3.218033392944790E+000  1.601702224652611E+000  2.557794177509798E-001
  6.400000000000000E+002  9.467145796618669E-001  3.223269636531280E+000  1.606815123390673E+000  2.557811643895562E-001
  6.500000000000000E+002  9.470590931128720E-001  3.228426013913566E+000  1.611882726426555E+000  2.557829047101329E-001
  6.600000000000000E+002  9.473994871972716E-001  3.233504975244204E+000  1.616906120796973E+000  2.557846388015310E-001
  6.700000000000000E+002  9.477358673970512E-001  3.238508858939818E+000  1.621886352677184E+000  2.557863667503650E-001
  6.800000000000000E+002  9.480683348793776E-001  3.243439898389993E+000  1.626824429298009E+000  2.557880886411233E-001
  6.900000000000000E+002  9.483969867424067E-001  3.248300228169503E+000  1.631721320760946E+000  2.557898045562389E-001
  7.000000000000000E+002  9.487219162430258E-001  3.253091889797318E+000  1.636577961757133E+000  2.557915145761634E-001
  7.100000000000000E+002  9.490432130081405E-001  3.257816837081600E+000  1.641395253195593E+000  2.557932187794327E-001
  7.200000000000000E+002  9.493609632309786E-001  3.262476941085878E+000  1.646174063745877E+000  2.557949172427343E-001
  7.400000000000000E+002  9.499913990373449E-001  3.271552188378723E+000  1.655665780665086E+000  2.557982911637028E-001
  7.600000000000000E+002  9.506083385328795E-001  3.280391708207035E+000  1.665009360416250E+000  2.558016433056915E-001
  7.700000000000000E+002  9.509095337550331E-001  3.284753182224728E+000  1.669606145371342E+000  2.558033142874103E-001
  7.800000000000000E+002  9.512076346268979E-001  3.289059536421265E+000  1.674169199624741E+000  2.558049798870905E-001
  7.900000000000000E+002  9.515027079817727E-001  3.293312176023105E+000  1.678699163733870E+000  2.558066402171266E-001
  8.000000000000000E+002  9.517948183566494E-001  3.297512452816596E+000  1.683196674603947E+000  2.558082953518016E-001
  8.200000000000000E+002  9.523747103890982E-001  3.305714094912211E+000  1.692135118711479E+000  2.558115848494789E-001
  8.400000000000000E+002  9.529432717638757E-001  3.313723550518970E+000  1.700948033865430E+000  2.558148545821145E-001
  8.600000000000000E+002  9.535009564770497E-001  3.321549804244354E+000  1.709640293982322E+000  2.558181049393412E-001
  8.800000000000000E+002  9.540481905157919E-001  3.329201220966187E+000  1.718216414644884E+000  2.558213363463895E-001
  9.000000000000000E+002  9.545853741580641E-001  3.336685601668256E+000  1.726680610867031E+000  2.558245492202481E-001
  9.200000000000000E+002  9.551128840473379E-001  3.344010233137515E+000  1.735036831314708E+000  2.558277439646526E-001
  9.400000000000000E+002  9.556310750631533E-001  3.351181932302445E+000  1.743288784244212E+000  2.558309209693962E-001
  9.600000000000000E+002  9.561402820092485E-001  3.358207085888975E+000  1.751439958875112E+000  2.558340806105119E-001
  9.800000000000000E+002  9.566408211394369E-001  3.365091685974538E+000  1.759493643719151E+000  2.558372232507303E-001
  1.000000000000000E+003  9.571329915393083E-001  3.371841361938828E+000  1.767452942660868E+000  2.558403492400346E-001
  1.020000000000000E+003  9.576170763797455E-001  3.378461409240942E+000  1.775320789261769E+000  2.558434589162417E-001
  1.040000000000000E+003  9.580933440563112E-001  3.384956815393996E+000  1.783099959596697E+000  2.558465526055761E-001
  1.060000000000000E+003  9.585620492268293E-001  3.391332283458640E+000  1.790793083841622E+000  2.558496306232244E-001
  1.080000000000000E+003  9.590234337579847E-001  3.397592253334786E+000  1.798402656779016E+000  2.558526932738621E-001
  1.100000000000000E+003  9.594777275904561E-001  3.403740921094769E+000  1.805931047352966E+000  2.558557408521507E-001
  1.120000000000000E+003  9.599251495309370E-001  3.409782256570477E+000  1.813380507382752E+000  2.558587736432090E-001
  1.140000000000000E+003  9.603659079784312E-001  3.415720019380410E+000  1.820753179526672E+000  2.558617919230540E-001
  1.160000000000000E+003  9.608002015913396E-001  3.421557773560045E+000  1.828051104574732E+000  2.558647959590162E-001
  1.180000000000000E+003  9.612282199011024E-001  3.427298900939167E+000  1.835276228138540E+000  2.558677860101304E-001
  1.200000000000000E+003  9.616501438775187E-001  3.432946613392922E+000  1.842430406798199E+000  2.558707623275036E-001
  1.220000000000000E+003  9.620661464502984E-001  3.438503964078588E+000  1.849515413758883E+000  2.558737251546591E-001
  1.240000000000000E+003  9.624763929908848E-001  3.443973857757303E+000  1.856532944063764E+000  2.558766747278648E-001
  1.260000000000000E+003  9.628810417581840E-001  3.449359060288797E+000  1.863484619404751E+000  2.558796112764383E-001
  1.280000000000000E+003  9.632802443114221E-001  3.454662207377505E+000  1.870371992567972E+000  2.558825350230372E-001
  1.300000000000000E+003  9.636741458930340E-001  3.459885812639804E+000  1.877196551547006E+000  2.558854461839330E-001
  1.320000000000000E+003  9.640628857841833E-001  3.465032275054783E+000  1.883959723353434E+000  2.558883449692682E-001
  1.340000000000000E+003  9.644465976352571E-001  3.470103885854169E+000  1.890662877551165E+000  2.558912315833027E-001
  1.360000000000000E+003  9.648254097734337E-001  3.475102834901497E+000  1.897307329538394E+000  2.558941062246440E-001
  1.380000000000000E+003  9.651994454892387E-001  3.480031216605236E+000  1.903894343598587E+000  2.558969690864667E-001
  1.400000000000000E+003  9.655688233037866E-001  3.484891035406217E+000  1.910425135739805E+000  2.558998203567205E-001
  1.450000000000000E+003  9.664835091691142E-001  3.496637049225011E+000  1.926607917377728E+000  2.559068779094754E-001
  1.500000000000000E+003  9.673706593315887E-001  3.508001970539144E+000  1.942453424647975E+000  2.559138680683952E-001
  1.510000000000000E+003  9.675423271758178E-001  3.510259321666077E+000  1.945560362101274E+000  2.559152636301256E-001
  1.520000000000000E+003  9.677130062339233E-001  3.512502227352301E+000  1.948655233795393E+000  2.559166564678323E-001
  1.540000000000000E+003  9.680526938219802E-001  3.516931840200309E+000  1.954820482405732E+000  2.559194315725332E-001
  1.560000000000000E+003  9.683885241692196E-001  3.521306225768297E+000  1.960937943674300E+000  2.559221964076608E-001
  1.580000000000000E+003  9.687205826304905E-001  3.525626771173212E+000  1.967008465800199E+000  2.559249511219114E-001
  1.600000000000000E+003  9.690489516552303E-001  3.529894811499107E+000  1.973032879328158E+000  2.559276958655931E-001
  1.620000000000000E+003  9.693737109247956E-001  3.534111632379569E+000  1.979011994805996E+000  2.559304307837447E-001
  1.640000000000000E+003  9.696949374805618E-001  3.538278472421050E+000  1.984946601522061E+000  2.559331560167239E-001
  1.660000000000000E+003  9.700127058439180E-001  3.542396525478631E+000  1.990837467164141E+000  2.559358717008213E-001
  1.680000000000000E+003  9.703270881290217E-001  3.546466942795143E+000  1.996685337998478E+000  2.559385779686667E-001
  1.700000000000000E+003  9.706381541489681E-001  3.550490835013580E+000  2.002490939335006E+000  2.559412749495092E-001
  1.710000000000000E+003  9.707919613581016E-001  3.552491181405000E+000  2.005373550141824E+000  2.559426211644747E-001
  1.720000000000000E+003  9.709449710280679E-001  3.554480230956191E+000  2.008245965238453E+000  2.559439650763540E-001
  1.740000000000000E+003  9.712496070642016E-001  3.558414243410008E+000  2.013969298315240E+000  2.559466438171948E-001
  1.760000000000000E+003  9.715511235799250E-001  3.562304837715289E+000  2.019652388139437E+000  2.559493136620949E-001
  1.780000000000000E+003  9.718495821161149E-001  3.566152979989067E+000  2.025295894935424E+000  2.559519747141042E-001
  1.800000000000000E+003  9.721450423645844E-001  3.569959604202295E+000  2.030900455742745E+000  2.559546270843720E-001
  1.820000000000000E+003  9.724375622427319E-001  3.573725613594692E+000  2.036466688148113E+000  2.559572708834225E-001
  1.840000000000000E+003  9.727271979648205E-001  3.577451882013252E+000  2.041995192203966E+000  2.559599062200575E-001
  1.860000000000000E+003  9.730140041098601E-001  3.581139255178808E+000  2.047486551694390E+000  2.559625332010454E-001
  1.880000000000000E+003  9.732980336861898E-001  3.584788551885047E+000  2.052941335083418E+000  2.559651519310158E-001
  1.900000000000000E+003  9.735793381929074E-001  3.588400565134251E+000  2.058360096289607E+000  2.559677625124395E-001
  1.950000000000000E+003  9.742769199332101E-001  3.597207734002176E+000  2.071803684277373E+000  2.559742393804642E-001
  2.000000000000000E+003  9.749581881389421E-001  3.605801239195532E+000  2.085029303027939E+000  2.559806681351246E-001
  2.010000000000000E+003  9.750910962210939E-001  3.607511208645511E+000  2.087636275860842E+000  2.559819520129335E-001
  2.020000000000000E+003  9.752234022358532E-001  3.609212965827822E+000  2.090235182517921E+000  2.559832339443366E-001
  2.040000000000000E+003  9.754869339786186E-001  3.612584317817154E+000  2.095415219706693E+000  2.559857902523013E-001
  2.060000000000000E+003  9.757481040309818E-001  3.615923918702144E+000  2.100563273803712E+000  2.559883391459630E-001
  2.080000000000000E+003  9.760069526878330E-001  3.619232371832513E+000  2.105679776236804E+000  2.559908807119177E-001
  2.100000000000000E+003  9.762635192028799E-001  3.622510263384569E+000  2.110765154403449E+000  2.559934150371796E-001
  2.150000000000000E+003  9.769000256535654E-001  3.630521548762820E+000  2.123386385883218E+000  2.559997068396618E-001
  2.200000000000000E+003  9.775228252515084E-001  3.638356253262858E+000  2.135818979695296E+000  2.560059557169044E-001
  2.250000000000000E+003  9.781324700354699E-001  3.646022125347417E+000  2.148069468027115E+000  2.560121627130271E-001
  2.300000000000000E+003  9.787294792844418E-001  3.653526410776551E+000  2.160143955716997E+000  2.560183288933521E-001
  2.350000000000000E+003  9.793143420863630E-001  3.660875895330314E+000  2.172048212998857E+000  2.560244552914789E-001
  2.400000000000000E+003  9.798875196705600E-001  3.668076943091376E+000  2.183787721861461E+000  2.560305428996473E-001
  2.450000000000000E+003  9.804494475213267E-001  3.675135530821854E+000  2.195367705448661E+000  2.560365926673837E-001
  2.500000000000000E+003  9.810005372940158E-001  3.682057278900639E+000  2.206793150017700E+000  2.560426055026166E-001
  2.550000000000000E+003  9.815411785543730E-001  3.688847479225598E+000  2.218068822949995E+000  2.560485822735494E-001
  2.600000000000000E+003  9.820717403599705E-001  3.695511120431194E+000  2.229199288245472E+000  2.560545238107114E-001
  2.650000000000000E+003  9.825925727005416E-001  3.702052910725759E+000  2.240188920171856E+000  2.560604309089886E-001
  2.700000000000000E+003  9.831040078120363E-001  3.708477298613516E+000  2.251041915439586E+000  2.560663043295672E-001
  2.750000000000000E+003  9.836063613775108E-001  3.714788491732274E+000  2.261762304141845E+000  2.560721448017710E-001
  2.800000000000000E+003  9.840999336263789E-001  3.720990474009160E+000  2.272353959634410E+000  2.560779530247879E-001
  2.850000000000000E+003  9.845850103422653E-001  3.727087021311599E+000  2.282820607493024E+000  2.560837296692903E-001
  2.900000000000000E+003  9.850618637884720E-001  3.733081715749457E+000  2.293165833661917E+000  2.560894753789564E-001
  2.950000000000000E+003  9.855307535590918E-001  3.738977958765642E+000  2.303393091889746E+000  2.560951907718985E-001
  3.000000000000000E+003  9.859919273628857E-001  3.744778983136510E+000  2.313505710535594E+000  2.561008764420023E-001
  3.050000000000000E+003  9.864456217462576E-001  3.750487863989366E+000  2.323506898816737E+000  2.561065329601879E-001
  3.100000000000000E+003  9.868920627609905E-001  3.756107528932231E+000  2.333399752560523E+000  2.561121608755935E-001
  3.150000000000000E+003  9.873314665817808E-001  3.761640767380614E+000  2.343187259514900E+000  2.561177607166898E-001
  3.200000000000000E+003  9.877640400780935E-001  3.767090239156442E+000  2.352872304265231E+000  2.561233329923283E-001
  3.250000000000000E+003  9.881899813443933E-001  3.772458482426489E+000  2.362457672799195E+000  2.561288781927303E-001
  3.300000000000000E+003  9.886094801923776E-001  3.777747921040356E+000  2.371946056756408E+000  2.561343967904166E-001
  3.350000000000000E+003  9.890227186084872E-001  3.782960871321726E+000  2.381340057394957E+000  2.561398892410862E-001
  3.400000000000000E+003  9.894298711796367E-001  3.788099548361228E+000  2.390642189303164E+000  2.561453559844431E-001
  3.450000000000000E+003  9.898311054898241E-001  3.793166071854192E+000  2.399854883881540E+000  2.561507974449774E-001
  3.500000000000000E+003  9.902265824900108E-001  3.798162471522315E+000  2.408980492616941E+000  2.561562140327033E-001
  3.550000000000000E+003  9.906164568434519E-001  3.803090692154409E+000  2.418021290168413E+000  2.561616061438537E-001
  3.600000000000000E+003  9.910008772484394E-001  3.807952598297959E+000  2.426979477281950E+000  2.561669741615386E-001
  3.650000000000000E+003  9.913799867402326E-001  3.812749978630176E+000  2.435857183549454E+000  2.561723184563651E-001
  3.700000000000000E+003  9.917539229738151E-001  3.817484550034511E+000  2.444656470025470E+000  2.561776393870249E-001
  3.750000000000000E+003  9.921228184889298E-001  3.822157961406199E+000  2.453379331713721E+000  2.561829373008486E-001
  3.800000000000000E+003  9.924868009587481E-001  3.826771797208214E+000  2.462027699934218E+000  2.561882125343301E-001
  3.850000000000000E+003  9.928459934233944E-001  3.831327580797023E+000  2.470603444580411E+000  2.561934654136233E-001
  3.900000000000000E+003  9.932005145094294E-001  3.835826777535877E+000  2.479108376274957E+000  2.561986962550100E-001
  4.000000000000000E+003  9.939003819102097E-001  3.844608036436954E+000  2.495955403498848E+000  2.562090732293051E-001
  4.100000000000000E+003  9.945826341703896E-001  3.853181787984845E+000  2.512537191954897E+000  2.562193662771083E-001
  4.150000000000000E+003  9.949154110983219E-001  3.857418264416704E+000  2.520712443462177E+000  2.562244914565101E-001
  4.200000000000000E+003  9.952441457577641E-001  3.861605878034529E+000  2.528826603211183E+000  2.562295962532130E-001
  4.250000000000000E+003  9.955689310967346E-001  3.865745760684414E+000  2.536881114070058E+000  2.562346809781407E-001
  4.300000000000000E+003  9.958898570055730E-001  3.869839005144661E+000  2.544877389148048E+000  2.562397458928443E-001
  4.350000000000000E+003  9.962070104468437E-001  3.873886666909556E+000  2.552816797682439E+000  2.562447912427409E-001
  4.400000000000000E+003  9.965204755779907E-001  3.877889765871147E+000  2.560700663971656E+000  2.562498172650390E-001
  4.500000000000000E+003  9.971400806929026E-001  3.885724172884396E+000  2.576343168167757E+000  2.562597949008605E-001
  4.600000000000000E+003  9.977457049709390E-001  3.893393572846983E+000  2.591776621836081E+000  2.562696984155181E-001
  4.700000000000000E+003  9.983379425669447E-001  3.900904878084208E+000  2.607010267254922E+000  2.562795294427490E-001
  4.750000000000000E+003  9.986277083776791E-001  3.904621985698903E+000  2.614538016581599E+000  2.562844264209388E-001
  4.800000000000000E+003  9.989143702996445E-001  3.908301579981948E+000  2.622019418250462E+000  2.562893057392098E-001
  4.850000000000000E+003  9.991979918966520E-001  3.911944422477182E+000  2.629455475041286E+000  2.562941676270976E-001
  4.900000000000000E+003  9.994786348643364E-001  3.915551251663890E+000  2.636847165423724E+000  2.562990122771304E-001
  5.000000000000000E+003  1.000033959800722E+000  3.922625563159189E+000  2.651532890775323E+000  2.563086351410897E-001
  5.100000000000000E+003  1.000577944000816E+000  3.929565487798460E+000  2.666050699246382E+000  2.563181915583546E-001
  5.200000000000000E+003  1.001111027327219E+000  3.936376114449099E+000  2.680407404009415E+000  2.563276828379769E-001
  5.300000000000000E+003  1.001633625296074E+000  3.943062247004619E+000  2.694609439177774E+000  2.563371102744508E-001
  5.400000000000000E+003  1.002146130799143E+000  3.949628425320256E+000  2.708662881112658E+000  2.563464751118131E-001
  5.500000000000000E+003  1.002648915675877E+000  3.956078944256119E+000  2.722573464991822E+000  2.563557785445575E-001
  5.600000000000000E+003  1.003142332152398E+000  3.962417871030325E+000  2.736346604223887E+000  2.563650217216555E-001
  5.700000000000000E+003  1.003626714161367E+000  3.968649061059779E+000  2.749987410721366E+000  2.563742057499395E-001
  5.800000000000000E+003  1.004102378554614E+000  3.974776172444541E+000  2.763500714628090E+000  2.563833316968502E-001
  5.900000000000000E+003  1.004569626218817E+000  3.980802679233078E+000  2.776891082974002E+000  2.563924005927927E-001
  6.000000000000000E+003  1.005028743103344E+000  3.986731883589664E+000  2.790162837129516E+000  2.564014134332350E-001
  6.100000000000000E+003  1.005480001168382E+000  3.992566926971421E+000  2.803320069074993E+000  2.564103711806242E-001
  6.200000000000000E+003  1.005923659260570E+000  3.998310800410239E+000  2.816366656545181E+000  2.564192747661377E-001
  6.300000000000000E+003  1.006359963922623E+000  4.003966353984406E+000  2.829306277119088E+000  2.564281250913014E-001
  6.400000000000000E+003  1.006789150142763E+000  4.009536305555448E+000  2.842142421325490E+000  2.564369230294830E-001
  6.500000000000000E+003  1.007211442049178E+000  4.015023248837621E+000  2.854878404831044E+000  2.564456694272742E-001
  6.600000000000000E+003  1.007627053554217E+000  4.020429660860382E+000  2.867517379773994E+000  2.564543651057743E-001
  6.700000000000000E+003  1.008036188952550E+000  4.025757908877885E+000  2.880062345302478E+000  2.564630108617809E-001
  6.800000000000000E+003  1.008439043477140E+000  4.031010256773953E+000  2.892516157372597E+000  2.564716074689007E-001
  6.900000000000000E+003  1.008835803816479E+000  4.036188871006219E+000  2.904881537857748E+000  2.564801556785846E-001
  7.000000000000000E+003  1.009226648596230E+000  4.041295826128607E+000  2.917161083017251E+000  2.564886562210951E-001
  7.100000000000000E+003  1.009611748828122E+000  4.046333109927638E+000  2.929357271368996E+000  2.564971098064125E-001
  7.200000000000000E+003  1.009991268328697E+000  4.051302628204496E+000  2.941472471007768E+000  2.565055171250847E-001
  7.300000000000000E+003  1.010365364110239E+000  4.056206209231839E+000  2.953508946408120E+000  2.565138788490263E-001
  7.400000000000000E+003  1.010734186746053E+000  4.061045607911518E+000  2.965468864747924E+000  2.565221956322686E-001
  7.500000000000000E+003  1.011097880712041E+000  4.065822509657020E+000  2.977354301786369E+000  2.565304681116695E-001
  7.600000000000000E+003  1.011456584706357E+000  4.070538534022194E+000  2.989167247327899E+000  2.565386969075811E-001
  7.700000000000000E+003  1.011810431948786E+000  4.075195238095975E+000  3.000909610301502E+000  2.565468826244811E-001
  7.800000000000000E+003  1.012159550461329E+000  4.079794119680915E+000  3.012583223482789E+000  2.565550258515713E-001
  7.900000000000000E+003  1.012504063331376E+000  4.084336620271897E+000  3.024189847884523E+000  2.565631271633432E-001
  8.000000000000000E+003  1.012844088958712E+000  4.088824127849917E+000  3.035731176839515E+000  2.565711871201166E-001
  8.100000000000000E+003  1.013179741287529E+000  4.093257979504530E+000  3.047208839798223E+000  2.565792062685481E-001
  8.200000000000000E+003  1.013511130024470E+000  4.097639463897449E+000  3.058624405861861E+000  2.565871851421179E-001
  8.300000000000000E+003  1.013838360843726E+000  4.101969823578674E+000  3.069979387070408E+000  2.565951242615904E-001
  8.400000000000000E+003  1.014161535580041E+000  4.106250257165671E+000  3.081275241463554E+000  2.566030241354542E-001
  8.500000000000000E+003  1.014480752410480E+000  4.110481921395158E+000  3.092513375931370E+000  2.566108852603426E-001
  8.600000000000000E+003  1.014796106025711E+000  4.114665933056389E+000  3.103695148870266E+000  2.566187081214329E-001
  8.700000000000000E+003  1.015107687791516E+000  4.118803370814005E+000  3.114821872658716E+000  2.566264931928287E-001
  8.800000000000000E+003  1.015415585901158E+000  4.122895276927975E+000  3.125894815966179E+000  2.566342409379261E-001
  8.900000000000000E+003  1.015719885519246E+000  4.126942658877516E+000  3.136915205907618E+000  2.566419518097647E-001
  9.000000000000000E+003  1.016020668917607E+000  4.130946490895359E+000  3.147884230055172E+000  2.566496262513603E-001
  9.100000000000000E+003  1.016318015603723E+000  4.134907715418218E+000  3.158803038317628E+000  2.566572646960275E-001
  9.200000000000000E+003  1.016612002442185E+000  4.138827244458937E+000  3.169672744697556E+000  2.566648675676874E-001
  9.300000000000000E+003  1.016902703769609E+000  4.142705960905295E+000  3.180494428935248E+000  2.566724352811620E-001
  9.400000000000000E+003  1.017190191503442E+000  4.146544719750156E+000  3.191269138047898E+000  2.566799682424593E-001
  9.600000000000000E+003  1.017758699543570E+000  4.154067628237357E+000  3.212731410545290E+000  2.566949011040860E-001
  9.800000000000000E+003  1.018315029760104E+000  4.161441875368658E+000  3.234014752629450E+000  2.567097003865244E-001
  9.900000000000000E+003  1.018587440302702E+000  4.165092813588514E+000  3.244567937280639E+000  2.567170654610175E-001
  1.000000000000000E+004  1.018857022853524E+000  4.168708398799545E+000  3.255079913436683E+000  2.567243980343479E-001
  1.010000000000000E+004  1.019123835040174E+000  4.172289320267623E+000  3.265551512142939E+000  2.567316984680983E-001
  1.020000000000000E+004  1.019387932757452E+000  4.175836247188317E+000  3.275983545609501E+000  2.567389671071394E-001
  1.040000000000000E+004  1.019910659363981E+000  4.182798225365199E+000  3.296776288414032E+000  2.567533825640041E-001
  1.060000000000000E+004  1.020423056557079E+000  4.189633016846112E+000  3.317417742745846E+000  2.567676754792410E-001
  1.080000000000000E+004  1.020925520733484E+000  4.196345258656386E+000  3.337914010669248E+000  2.567818483395011E-001
  1.100000000000000E+004  1.021418426108006E+000  4.202939337503038E+000  3.358270839711701E+000  2.567959035509574E-001
  1.120000000000000E+004  1.021902126320557E+000  4.209419407513322E+000  3.378493665597749E+000  2.568098434360752E-001
  1.140000000000000E+004  1.022376955903278E+000  4.215789406428444E+000  3.398587643355801E+000  2.568236702371692E-001
  1.160000000000000E+004  1.022843231620766E+000  4.222053070410614E+000  3.418557669900387E+000  2.568373861195342E-001
  1.180000000000000E+004  1.023301253695770E+000  4.228213947603225E+000  3.438408402053929E+000  2.568509931749134E-001
  1.200000000000000E+004  1.023751306931634E+000  4.234275410568108E+000  3.458144272019457E+000  2.568644934250646E-001
  1.220000000000000E+004  1.024193661741627E+000  4.240240667709639E+000  3.477769501161267E+000  2.568778888252216E-001
  1.240000000000000E+004  1.024628575094214E+000  4.246112773783254E+000  3.497288112492814E+000  2.568911812673799E-001
  1.260000000000000E+004  1.025056291382310E+000  4.251894639575093E+000  3.516703942098423E+000  2.569043725833877E-001
  1.280000000000000E+004  1.025477043223718E+000  4.257589040830057E+000  3.536020649642325E+000  2.569174645478455E-001
  1.300000000000000E+004  1.025891052199150E+000  4.263198626497379E+000  3.555241728081257E+000  2.569304588808320E-001
  1.320000000000000E+004  1.026298529533585E+000  4.268725926355344E+000  3.574370512673908E+000  2.569433572504559E-001
  1.340000000000000E+004  1.026699676726076E+000  4.274173358070543E+000  3.593410189364378E+000  2.569561612752554E-001
  1.360000000000000E+004  1.027094686132614E+000  4.279543233741278E+000  3.612363802604370E+000  2.569688725264515E-001
  1.380000000000000E+004  1.027483741506178E+000  4.284837765969753E+000  3.631234262668738E+000  2.569814925300672E-001
  1.400000000000000E+004  1.027867018497684E+000  4.290059073503226E+000  3.650024352510635E+000  2.569940227689217E-001
  1.420000000000000E+004  1.028244685121173E+000  4.295209186480382E+000  3.668736734195741E+000  2.570064646845094E-001
  1.440000000000000E+004  1.028616902186249E+000  4.300290051315643E+000  3.687373954949456E+000  2.570188196787687E-001
  1.460000000000000E+004  1.028983823700510E+000  4.305303535251026E+000  3.705938452846493E+000  2.570310891157521E-001
  1.480000000000000E+004  1.029345597244401E+000  4.310251430602386E+000  3.724432562168856E+000  2.570432743232018E-001
  1.500000000000000E+004  1.029702364320752E+000  4.315135458724314E+000  3.742858518455293E+000  2.570553765940350E-001
  1.520000000000000E+004  1.030054260681011E+000  4.319957273715890E+000  3.761218463263160E+000  2.570673971877495E-001
  1.540000000000000E+004  1.030401416630002E+000  4.324718465887230E+000  3.779514448661642E+000  2.570793373317512E-001
  1.560000000000000E+004  1.030743957310888E+000  4.329420565005312E+000  3.797748441473857E+000  2.570911982226099E-001
  1.580000000000000E+004  1.031082002971864E+000  4.334065043335593E+000  3.815922327283832E+000  2.571029810272467E-001
  1.600000000000000E+004  1.031415669215947E+000  4.338653318494765E+000  3.834037914223225E+000  2.571146868840613E-001
  1.620000000000000E+004  1.031745067235145E+000  4.343186756128516E+000  3.852096936551527E+000  2.571263169039977E-001
  1.640000000000000E+004  1.032070304030160E+000  4.347666672427047E+000  3.870101058042470E+000  2.571378721715573E-001
  1.660000000000000E+004  1.032391482616667E+000  4.352094336490008E+000  3.888051875188424E+000  2.571493537457589E-001
  1.680000000000000E+004  1.032708702219155E+000  4.356470972551579E+000  3.905950920233802E+000  2.571607626610522E-001
  1.700000000000000E+004  1.033022058453202E+000  4.360797762075441E+000  3.923799664047638E+000  2.571720999281849E-001
  1.720000000000000E+004  1.033331643497015E+000  4.365075845728769E+000  3.941599518844850E+000  2.571833665350295E-001
  1.740000000000000E+004  1.033637546252962E+000  4.369306325243475E+000  3.959351840765085E+000  2.571945634473680E-001
  1.760000000000000E+004  1.033939852499803E+000  4.373490265172365E+000  3.977057932317395E+000  2.572056916096422E-001
  1.780000000000000E+004  1.034238645036246E+000  4.377628694547261E+000  3.994719044698544E+000  2.572167519456676E-001
  1.800000000000000E+004  1.034534003816410E+000  4.381722608445590E+000  4.012336379992178E+000  2.572277453593131E-001
  1.820000000000000E+004  1.034826006077735E+000  4.385772969471446E+000  4.029911093255735E+000  2.572386727351533E-001
  1.840000000000000E+004  1.035114726461841E+000  4.389780709156647E+000  4.047444294501431E+000  2.572495349390895E-001
  1.860000000000000E+004  1.035400237128783E+000  4.393746729286973E+000  4.064937050577464E+000  2.572603328189415E-001
  1.880000000000000E+004  1.035682607865149E+000  4.397671903158270E+000  4.082390386954980E+000  2.572710672050167E-001
  1.900000000000000E+004  1.035961906186368E+000  4.401557076766885E+000  4.099805289426273E+000  2.572817389106540E-001
  1.920000000000000E+004  1.036238197433611E+000  4.405403069938476E+000  4.117182705719157E+000  2.572923487327425E-001
  1.940000000000000E+004  1.036511544865617E+000  4.409210677399005E+000  4.134523547032295E+000  2.573028974522196E-001
  1.960000000000000E+004  1.036782009745764E+000  4.412980669791433E+000  4.151828689495976E+000  2.573133858345494E-001
  1.980000000000000E+004  1.037049651424660E+000  4.416713794641369E+000  4.169098975562480E+000  2.573238146301802E-001
  2.000000000000000E+004  1.037314527418547E+000  4.420410777274794E+000  4.186335215330089E+000  2.573341845749820E-001
