! time                    int_density             frank_density           perfect_density         vac_density             faulted_density         void_density            
  0.000000000000000E+000  0.000000000000000E+000  0.000000000000000E+000  0.000000000000000E+000  0.000000000000000E+000  0.000000000000000E+000  0.000000000000000E+000
  9.999999999999998E-002  3.658351150608273E-006  6.777047296082004E-004  3.143413174631917E-006  3.610274158960206E-002  4.032114666761855E-004  2.020113314147361E-011
  1.999999999999999E-001  2.631564605530777E-006  1.330096234049695E-003  2.369045860239006E-006  5.833463403651047E-002  7.565186571851560E-004  3.324191340080249E-011
  2.999999999999999E-001  2.144284874802435E-006  1.953305554845560E-003  1.966989496213700E-006  7.568771667068989E-002  1.084852207602650E-003  4.361682278028642E-011
  3.999999999999999E-001  1.858179143682555E-006  2.540639935837417E-003  1.717293141375804E-006  8.972825084397706E-002  1.396089235789964E-003  5.207226952796699E-011
  4.999999999999999E-001  1.666314730796531E-006  3.095685490276010E-003  1.543384893898624E-006  1.017050222400263E-001  1.697584282650204E-003  5.929642752720482E-011
  6.000000000000000E-001  1.529313487192635E-006  3.618157994995135E-003  1.415381253006001E-006  1.120132817246612E-001  1.992093119599212E-003  6.550400430150517E-011
  7.000000000000001E-001  1.427269000625940E-006  4.108493469399360E-003  1.317516016101462E-006  1.209153666263214E-001  2.281407567338123E-003  7.084716426169342E-011
  8.000000000000002E-001  1.348919102430266E-006  4.567728855401246E-003  1.240578978827735E-006  1.286028533242877E-001  2.566714123900971E-003  7.544315822190707E-011
  9.000000000000002E-001  1.287364668777782E-006  4.997385683341469E-003  1.178780573431182E-006  1.352264870901046E-001  2.848802447795046E-003  7.938758883035653E-011
  1.000000000000000E+000  1.238123148024050E-006  5.399347150198412E-003  1.128276014129853E-006  1.409115693075768E-001  3.128194952863651E-003  8.276136071537754E-011
  1.100000000000000E+000  1.199138884087392E-006  5.770347197262902E-003  1.087265459939046E-006  1.455996840868193E-001  3.404670403958923E-003  8.553622878963137E-011
  1.200000000000000E+000  1.166909324158574E-006  6.119187844399098E-003  1.052662269149624E-006  1.495967296016300E-001  3.679007297318763E-003  8.790038301375574E-011
  1.300000000000000E+000  1.139997153674032E-006  6.447993710500980E-003  1.023155647192664E-006  1.529799829824659E-001  3.951300859197775E-003  8.990239470671323E-011
  1.400000000000001E+000  1.117327055391547E-006  6.758819411011054E-003  9.977513984469921E-007  1.558195262956331E-001  4.221603982266045E-003  9.158595118928490E-011
  1.500000000000001E+000  1.098079117190660E-006  7.053607074611767E-003  9.756828619325306E-007  1.581789088639651E-001  4.489939706809928E-003  9.299027457584791E-011
  1.600000000000001E+000  1.081617745430363E-006  7.334159254440902E-003  9.563500061533987E-007  1.601156497206490E-001  4.756310725810666E-003  9.415048377918728E-011
  1.700000000000001E+000  1.067443059750983E-006  7.602124534064376E-003  9.392772722430107E-007  1.616816624774481E-001  5.020706586414662E-003  9.509792745297253E-011
  1.800000000000001E+000  1.055156907909438E-006  7.858992892780151E-003  9.240836934440171E-007  1.629236442534663E-001  5.283109105204718E-003  9.586049869629622E-011
  1.900000000000001E+000  1.044438639620686E-006  8.106098097212598E-003  9.104612729174571E-007  1.638834478697805E-001  5.543496397758599E-003  9.646293514674267E-011
  2.000000000000001E+000  1.035027537348365E-006  8.344624808937311E-003  8.981590499050943E-007  1.645984445685009E-001  5.801845833571326E-003  9.692710484990276E-011
  2.100000000000001E+000  1.026709871823913E-006  8.575618586535329E-003  8.869711660080194E-007  1.651018785432644E-001  6.058136158519701E-003  9.727227711505311E-011
  2.200000000000001E+000  1.019309221782005E-006  8.799997423416332E-003  8.767277961798335E-007  1.654232119025807E-001  6.312348973720169E-003  9.751537738884329E-011
  2.300000000000001E+000  1.012679130590983E-006  9.018563856545833E-003  8.672881648969308E-007  1.655884577754407E-001  6.564469718262019E-003  9.767122542408520E-011
  2.400000000000001E+000  1.006697458105373E-006  9.232016993437649E-003  8.585351025050336E-007  1.656204992303111E-001  6.814488271173964E-003  9.775275639264842E-011
  2.500000000000001E+000  1.001261977916324E-006  9.440964039965702E-003  8.503707545849396E-007  1.655393920320000E-001  7.062399263025040E-003  9.777122495246656E-011
  2.600000000000001E+000  9.962869010087326E-007  9.645931081664567E-003  8.427131653855691E-007  1.653626497528415E-001  7.308202168156328E-003  9.773639257626932E-011
  2.700000000000002E+000  9.917000972113347E-007  9.847372989989429E-003  8.354935317544451E-007  1.651055102600298E-001  7.551901233428620E-003  9.765669867345281E-011
  2.800000000000002E+000  9.874408489489058E-007  1.004568240522985E-002  8.286539772545858E-007  1.647811830633784E-001  7.793505287566819E-003  9.753941619407069E-011
  2.900000000000002E+000  9.834580163173711E-007  1.024119780000781E-002  8.221457342502303E-007  1.644010774063083E-001  8.033027465919352E-003  9.739079250847443E-011
  3.000000000000002E+000  9.797085241575495E-007  1.043421065978788E-002  8.159276492874413E-007  1.639750113135957E-001  8.270484878137524E-003  9.721617642069730E-011
  3.100000000000002E+000  9.761561044876738E-007  1.062497183573745E-002  8.099649472061713E-007  1.635114020760856E-001  8.505898240463734E-003  9.702013220900134E-011
  3.200000000000002E+000  9.727702440266185E-007  1.081369713503766E-002  8.042282042370618E-007  1.630174388616126E-001  8.739291489654083E-003  9.680654160108114E-011
  3.400000000000002E+000  9.664692836700065E-007  1.118426997191634E-002  7.934057609500718E-007  1.619498463443685E-001  9.198193147649599E-003  9.633245877286982E-011
  3.600000000000002E+000  9.605375717550667E-007  1.154896066760054E-002  7.832013208252889E-007  1.608332711231859E-001  9.649476971121276E-003  9.582686912835650E-011
  3.800000000000002E+000  9.548818904851391E-007  1.190853045120192E-002  7.735153315649038E-007  1.596899243285431E-001  1.009342670984175E-002  9.530162177104217E-011
  4.000000000000003E+000  9.494355597267385E-007  1.226356569087309E-002  7.642728510865888E-007  1.585356313564637E-001  1.053033489809192E-002  9.476518973417460E-011
  4.200000000000003E+000  9.441511580702654E-007  1.261452280977405E-002  7.554168416785782E-007  1.573814614560497E-001  1.096049653857751E-002  9.422354556660465E-011
  4.400000000000003E+000  9.389951384913525E-007  1.296176191448504E-002  7.469032748292785E-007  1.562349862520850E-001  1.138420420134915E-002  9.368083391750319E-011
  4.600000000000003E+000  9.339438698873318E-007  1.330557178363911E-002  7.386975898598570E-007  1.551012388087762E-001  1.180174433058407E-002  9.313988025739909E-011
  4.800000000000003E+000  9.289807487549450E-007  1.364618830751747E-002  7.307721395554652E-007  1.539834346644718E-001  1.221339456842535E-002  9.260257012039242E-011
  5.000000000000004E+000  9.240941098915214E-007  1.398380801103485E-002  7.231043536285118E-007  1.528835067367573E-001  1.261942191792812E-002  9.207012790604050E-011
  5.200000000000004E+000  9.192757291126099E-007  1.431859791968356E-002  7.156754220521147E-007  1.518024969906185E-001  1.302008158229852E-002  9.154331909453326E-011
  5.400000000000004E+000  9.145197605588893E-007  1.465070272905655E-002  7.084693529132803E-007  1.507408395477734E-001  1.341561633566113E-002  9.102259499659822E-011
  5.600000000000004E+000  9.098219898002226E-007  1.498025000241416E-002  7.014722985354709E-007  1.496985627042449E-001  1.380625630042030E-002  9.050819503615905E-011
  5.800000000000004E+000  9.051793139960617E-007  1.530735393685639E-002  6.946720726803563E-007  1.486754312048756E-001  1.419221902641334E-002  9.000021810049816E-011
  6.000000000000004E+000  9.005893835635354E-007  1.563211809737827E-002  6.880578031508141E-007  1.476710450825754E-001  1.457370978624345E-002  8.949867167093672E-011
  6.200000000000005E+000  8.960503575035689E-007  1.595463741092657E-002  6.816196799379690E-007  1.466849073211837E-001  1.495092201857857E-002  8.900350520673194E-011
  6.400000000000005E+000  8.915607378689473E-007  1.627499963227267E-002  6.753487705959240E-007  1.457164694206102E-001  1.532403786635405E-002  8.851463251609057E-011
  6.600000000000005E+000  8.871192587683040E-007  1.659328643402391E-002  6.692368828723024E-007  1.447651614940431E-001  1.569322876957794E-002  8.803194652559187E-011
  6.800000000000005E+000  8.827248125664161E-007  1.690957422948928E-002  6.632764606009782E-007  1.438304116747350E-001  1.605865608288558E-002  8.755532887158639E-011
  7.000000000000005E+000  8.783764011989176E-007  1.722393480547534E-002  6.574605031076701E-007  1.429116582314995E-001  1.642047169633189E-002  8.708465601184971E-011
  7.500000000000005E+000  8.677274220403346E-007  1.799851934769870E-002  6.435584246480676E-007  1.406971435499189E-001  1.730438288964242E-002  8.593961399782802E-011
  8.000000000000005E+000  8.573541338764128E-007  1.876277377572719E-002  6.304256791377195E-007  1.385649417025469E-001  1.816948383193599E-002  8.482606369978774E-011
  8.500000000000005E+000  8.472372856362476E-007  1.951752238169148E-002  6.179824969704660E-007  1.365113645437412E-001  1.901736047550625E-002  8.374402617336196E-011
  9.000000000000005E+000  8.373636570699481E-007  2.026347607691176E-002  6.061627729341603E-007  1.345316869205995E-001  1.984940625578056E-002  8.269251396864917E-011
  9.500000000000005E+000  8.277226822344880E-007  2.100126061371957E-002  5.949102462855060E-007  1.326211287020245E-001  2.066685099188045E-002  8.167023796439222E-011
  1.000000000000001E+001  8.183051093446886E-007  2.173143355805263E-002  5.841762568804031E-007  1.307752008657290E-001  2.147078444445860E-002  8.067586628633800E-011
  1.050000000000001E+001  8.091024650278932E-007  2.245449548822057E-002  5.739182843592841E-007  1.289898001275909E-001  2.226217605218288E-002  7.970811484545107E-011
  1.100000000000001E+001  8.001068331427763E-007  2.317089813096518E-002  5.640989024501871E-007  1.272612087860998E-001  2.304189155831328E-002  7.876577458097284E-011
  1.150000000000001E+001  7.913107550947872E-007  2.388105072317641E-002  5.546849792307265E-007  1.255860628552371E-001  2.381070702708509E-002  7.784771565011334E-011
  1.200000000000001E+001  7.827071767460650E-007  2.458532522229261E-002  5.456470401464664E-007  1.239613129122282E-001  2.456932066900778E-002  7.695288382701278E-011
  1.250000000000001E+001  7.742894134608289E-007  2.528406068823848E-002  5.369587484577404E-007  1.223841864264727E-001  2.531836283648419E-002  7.608029473018680E-011
  1.300000000000001E+001  7.660511227181296E-007  2.597756702366393E-002  5.285964753591973E-007  1.208521542059250E-001  2.605840449723600E-002  7.522902783733309E-011
  1.350000000000001E+001  7.579862804445450E-007  2.666612819455996E-002  5.205389409283772E-007  1.193629013309978E-001  2.678996444283833E-002  7.439822089962216E-011
  1.400000000000001E+001  7.500891596700253E-007  2.735000501959418E-002  5.127669121334973E-007  1.179143021962381E-001  2.751351544520106E-002  7.358706489571441E-011
  1.450000000000001E+001  7.423543109727660E-007  2.802943759657896E-002  5.052629473703348E-007  1.165043990978814E-001  2.822948953595364E-002  7.279479951382844E-011
  1.500000000000001E+001  7.347765444705719E-007  2.870464742116500E-002  4.980111792601587E-007  1.151313838191947E-001  2.893828255221932E-002  7.202070910972649E-011
  1.550000000000001E+001  7.273509132108392E-007  2.937583924307223E-002  4.909971291146001E-007  1.137935817356714E-001  2.964025806649524E-002  7.126411908395210E-011
  1.600000000000001E+001  7.200726978421062E-007  3.004320269756209E-002  4.842075477551441E-007  1.124894380394013E-001  3.033575079740423E-002  7.052439262701082E-011
  1.650000000000001E+001  7.129373924621451E-007  3.070691374374225E-002  4.776302783760408E-007  1.112175057510887E-001  3.102506958110126E-002  6.980092778813776E-011
  1.700000000000001E+001  7.059406915449235E-007  3.136713593630019E-002  4.712541379307188E-007  1.099764352461255E-001  3.170849996934763E-002  6.909315482963653E-011
  1.750000000000001E+001  6.990784778555529E-007  3.202402155314338E-002  4.650688141525936E-007  1.087649650684398E-001  3.238630650908419E-002  6.840053383404777E-011
  1.800000000000001E+001  6.923468112691814E-007  3.267771259800696E-002  4.590647758272042E-007  1.075819138443055E-001  3.305873474922727E-002  6.772255253578855E-011
  1.900000000000001E+001  6.792844387300741E-007  3.397295067525553E-002  4.475892413673723E-007  1.053050698372254E-001  3.438373432420072E-002  6.641274693917747E-011
  2.000000000000001E+001  6.667010567357944E-007  3.525716015184074E-002  4.367384795506891E-007  1.031253849719865E-001  3.569036238743675E-002  6.515383183189745E-011
  2.100000000000001E+001  6.545671802127077E-007  3.653118501054818E-002  4.264560993775119E-007  1.010385193966852E-001  3.697994319989954E-002  6.394415869691286E-011
  2.200000000000001E+001  6.428587448561721E-007  3.779574459991027E-002  4.166944241889741E-007  9.903860350270297E-002  3.825365626196458E-002  6.278099735788714E-011
  2.300000000000001E+001  6.315539006003981E-007  3.905147350393002E-002  4.074117156428711E-007  9.712001359044187E-002  3.951255216861702E-002  6.166166450868122E-011
  2.400000000000001E+001  6.206323913890620E-007  4.029893781905643E-002  3.985710253932175E-007  9.527760697692061E-002  4.075756865763624E-002  6.058367465602432E-011
  2.500000000000001E+001  6.100753524009723E-007  4.153864527689438E-002  3.901394456651605E-007  9.350670420441570E-002  4.198954524692015E-002  5.954473957409505E-011
  2.600000000000001E+001  5.998651800610572E-007  4.277105301598993E-002  3.820875254431345E-007  9.180303824283788E-002  4.320923598458174E-002  5.854274880785207E-011
  2.700000000000001E+001  5.899854221643668E-007  4.399657398471384E-002  3.743887935410255E-007  9.016270592889596E-002  4.441732037490378E-002  5.757575072463325E-011
  2.800000000000001E+001  5.804206799363433E-007  4.521558234095729E-002  3.670193630671996E-007  8.858212595828280E-002  4.561441270126521E-002  5.664193614874433E-011
  2.900000000000001E+001  5.711565201307897E-007  4.642841805272720E-002  3.599576006785549E-007  8.705800296790106E-002  4.680106998595123E-002  5.573962428966838E-011
  3.000000000000001E+001  5.621793960633651E-007  4.763539084320610E-002  3.531838481518734E-007  8.558729673023317E-002  4.797779880362758E-002  5.486725053515261E-011
  3.100000000000001E+001  5.534765766059757E-007  4.883678359087384E-002  3.466801865488376E-007  8.416719559163997E-002  4.914506113319512E-002  5.402335577520291E-011
  3.200000000000001E+001  5.450360822495892E-007  5.003285527292319E-002  3.404302352970577E-007  8.279509344762134E-002  5.030327940206181E-002  5.320657700470377E-011
  3.300000000000001E+001  5.368466274326602E-007  5.122384352353593E-002  3.344189800778618E-007  8.146856968374229E-002  5.145284085033258E-002  5.241563900820868E-011
  3.400000000000001E+001  5.288975684225493E-007  5.240996686566184E-002  3.286326246267390E-007  8.018537161814551E-002  5.259410132030774E-002  5.164934696947110E-011
  3.500000000000001E+001  5.211788561217917E-007  5.359142666471561E-002  3.230584625004763E-007  7.894339906611467E-002  5.372738855852871E-002  5.090657987700849E-011
  3.600000000000001E+001  5.136809932474508E-007  5.476840884441057E-002  3.176847656096906E-007  7.774069071426981E-002  5.485300510278755E-002  5.018628461900266E-011
  3.800000000000001E+001  4.993377745620273E-007  5.710513876084613E-002  3.075149711064827E-007  7.545186078946267E-002  5.707571037224719E-002  4.881233512216105E-011
  4.000000000000001E+001  4.857725432543404E-007  5.942620030633277E-002  2.980236469754092E-007  7.329671364454725E-002  5.927162057039165E-002  4.751563235550129E-011
  4.200000000000001E+001  4.729253503733889E-007  6.173265008515211E-002  2.891436794326887E-007  7.126559312572062E-002  6.144230877818865E-002  4.629090275826736E-011
  4.400000000000001E+001  4.607430549182167E-007  6.402537868149813E-002  2.808172665635630E-007  6.934829891352004E-002  6.358917727127085E-002  4.513245229121679E-011
  4.600000000000001E+001  4.491775186135573E-007  6.630516263558421E-002  2.729938195494708E-007  6.753563799675434E-002  6.571347179733847E-002  4.403513127257633E-011
  4.800000000000001E+001  4.381850018918408E-007  6.857268597033482E-002  2.656288146647259E-007  6.581938082843267E-002  6.781630140068873E-002  4.299430878657566E-011
  5.000000000000001E+001  4.277256798781024E-007  7.082855513677953E-002  2.586828902064371E-007  6.419213980482393E-002  6.989865722932889E-002  4.200580721295221E-011
  5.200000000000001E+001  4.177632201636832E-007  7.307331075031949E-002  2.521211056568509E-007  6.264726226167573E-002  7.196142894468106E-002  4.106584648440912E-011
  5.400000000000001E+001  4.082644136223418E-007  7.530743712669023E-002  2.459123279108391E-007  6.117873981145192E-002  7.400541868955268E-002  4.017099723750911E-011
  5.600000000000001E+001  3.991988511214191E-007  7.753137014895656E-002  2.400287191788049E-007  5.978113122291273E-002  7.603135289149858E-002  3.931814085862718E-011
  5.800000000000001E+001  3.905386396685973E-007  7.974550381958753E-002  2.344453069829767E-007  5.844949643538956E-002  7.803989222804578E-002  3.850443507623186E-011
  6.000000000000001E+001  3.822581524371466E-007  8.195019575633067E-002  2.291396209514583E-007  5.717933979883816E-002  8.003164005468190E-002  3.772728413332699E-011
  6.200000000000001E+001  3.743338079693405E-007  8.414577182932610E-002  2.240913843571752E-007  5.596656101458276E-002  8.200714955348279E-002  3.698431279971765E-011
  6.400000000000000E+001  3.667438745956707E-007  8.633253009382842E-002  2.192822508251128E-007  5.480741254570382E-002  8.396692981738148E-002  3.627334363482347E-011
  6.600000000000000E+001  3.594682967243524E-007  8.851074414110345E-002  2.146955785387285E-007  5.369846249467773E-002  8.591145104739324E-002  3.559237702171349E-011
  6.800000000000000E+001  3.524885401669049E-007  9.068066596588474E-002  2.103162357585604E-007  5.263656212584718E-002  8.784114900851912E-002  3.493957357707074E-011
  7.000000000000000E+001  3.457874540890429E-007  9.284252843003350E-002  2.061304326272960E-007  5.161881735334605E-002  8.975642886407526E-002  3.431323860790395E-011
  7.500000000000000E+001  3.301978836996811E-007  9.819840866026761E-002  1.964624960662274E-007  4.925833226887408E-002  9.446119094260193E-002  3.285716026384122E-011
  8.000000000000000E+001  3.160238965518834E-007  1.035092931910687E-001  1.877512394548911E-007  4.711855534312238E-002  9.908639001462465E-002  3.153435171328975E-011
  8.500000000000000E+001  3.030857083296556E-007  1.087776158188698E-001  1.798609719155800E-007  4.517118586497863E-002  1.036358358341085E-001  3.032787632078113E-011
  9.000000000000000E+001  2.912318269683389E-007  1.140054345689828E-001  1.726805166155102E-007  4.339162585510132E-002  1.081130333758985E-001  2.922303693982408E-011
  9.500000000000000E+001  2.803338822958668E-007  1.191945438888986E-001  1.661178229901154E-007  4.175923066029419E-002  1.125211672891416E-001  2.820749606310244E-011
  1.000000000000000E+002  2.702825132711985E-007  1.243465320155293E-001  1.600960415226370E-007  4.025656662597273E-002  1.168631329153125E-001  2.727081852811645E-011
  1.050000000000000E+002  2.609840641727935E-007  1.294628207077869E-001  1.545505230088312E-007  3.886881704069165E-002  1.211415736653478E-001  2.640411856538151E-011
  1.100000000000000E+002  2.523579265529005E-007  1.345446947422107E-001  1.494264986530361E-007  3.758331413086743E-002  1.253589152927523E-001  2.559978450760125E-011
  1.150000000000000E+002  2.443343905265747E-007  1.395933245013484E-001  1.446772683205647E-007  3.638916718189719E-002  1.295173951893165E-001  2.485126042262647E-011
  1.200000000000000E+002  2.368528982555483E-007  1.446097836227606E-001  1.402627721396629E-007  3.527696463185499E-002  1.336190868764456E-001  2.415287099934573E-011
  1.250000000000000E+002  2.298606164397724E-007  1.495950630042620E-001  1.361484543137175E-007  3.423853363104319E-002  1.376659203694292E-001  2.349967992819814E-011
  1.300000000000000E+002  2.233112631852434E-007  1.545500820647900E-001  1.323043518734997E-007  3.326674462592623E-002  1.416596991370218E-001  2.288737453628885E-011
  1.350000000000000E+002  2.171641388333328E-007  1.594756979051015E-001  1.287043581916766E-007  3.235535149755411E-002  1.456021142931755E-001  2.231217119367196E-011
  1.400000000000000E+002  2.113833212269646E-007  1.643727128397478E-001  1.253256234533097E-007  3.149885998250912E-002  1.494947565471214E-001  2.177073728189190E-011
  1.450000000000000E+002  2.059369942592026E-007  1.692418806510799E-001  1.221480633258431E-007  3.069241874653419E-002  1.533391263354159E-001  2.126012646135148E-011
  1.500000000000000E+002  2.007968850135583E-007  1.740839118298282E-001  1.191539537597471E-007  2.993172871906328E-002  1.571366424735160E-001  2.077772468576469E-011
  1.550000000000000E+002  1.959377898227750E-007  1.788994780041455E-001  1.163275948409002E-007  2.921296723816033E-002  1.608886495952206E-001  2.032120495356639E-011
  1.600000000000000E+002  1.913371734885095E-007  1.836892157128384E-001  1.136550303731129E-007  2.853272427664739E-002  1.645964245935588E-001  1.988848920206708E-011
  1.650000000000000E+002  1.869748289763670E-007  1.884537296440770E-001  1.111238127226762E-007  2.788794857697129E-002  1.682611822337470E-001  1.947771607204963E-011
  1.700000000000000E+002  1.828325873236182E-007  1.931935954349069E-001  1.087228046415535E-007  2.727590195512975E-002  1.718840800751602E-001  1.908721352143203E-011
  1.750000000000000E+002  1.788940694175436E-007  1.979093621071232E-001  1.064420114713213E-007  2.669412037257902E-002  1.754662228128341E-001  1.871547546349654E-011
  1.800000000000000E+002  1.751444728324201E-007  2.026015541998738E-001  1.042724384397156E-007  2.614038064162079E-002  1.790086661282079E-001  1.836114176060763E-011
  1.900000000000000E+002  1.681796234014098E-007  2.118947382894318E-001  1.002479123477823E-007  2.511208365718506E-002  1.859449571588939E-001  1.770133837972559E-011
  2.000000000000000E+002  1.618202271559207E-007  2.211006617157204E-001  9.657759810132207E-008  2.417342537996006E-002  1.927382656636092E-001  1.709754909184762E-011
  2.100000000000000E+002  1.559899151513268E-007  2.302226972964934E-001  9.321577055080743E-008  2.331307033600083E-002  1.993945650613261E-001  1.654269568091383E-011
  2.200000000000000E+002  1.506245152621748E-007  2.392639708466582E-001  9.012424583074188E-008  2.252144346088772E-002  2.059196934146956E-001  1.603084188423326E-011
  2.300000000000000E+002  1.456697834610645E-007  2.482273947728426E-001  8.727090271355877E-008  2.179047027138332E-002  2.123192140073404E-001  1.555699269696953E-011
  2.400000000000000E+002  1.410795779024450E-007  2.571156914727193E-001  8.462853170873683E-008  2.111329508648681E-002  2.185983819995953E-001  1.511690774639143E-011
  2.500000000000000E+002  1.368144124522921E-007  2.659314126987734E-001  8.217393334560292E-008  2.048406009403377E-002  2.247621459072987E-001  1.470696166575384E-011
  2.600000000000000E+002  1.328403053374509E-007  2.746769560280832E-001  7.988720665262324E-008  1.989773061228114E-002  2.308151613159095E-001  1.432403562312213E-011
  2.700000000000000E+002  1.291278566348254E-007  2.833545790385273E-001  7.775118328381746E-008  1.934995568437668E-002  2.367618086931164E-001  1.396543141880144E-011
  2.800000000000000E+002  1.256515039930974E-007  2.919664116215827E-001  7.575097394257000E-008  1.883695597756711E-002  2.426062120751190E-001  1.362880262625967E-011
  2.900000000000000E+002  1.223889180625587E-007  3.005144667600273E-001  7.387360207227251E-008  1.835543297142215E-002  2.483522572853107E-001  1.331209888213893E-011
  3.000000000000000E+002  1.193205081950918E-007  3.090006500265530E-001  7.210770590523364E-008  1.790249488097916E-002  2.540036091357072E-001  1.301352045980982E-011
  3.100000000000000E+002  1.164290157833072E-007  3.174267680058200E-001  7.044329447538021E-008  1.747559583618533E-002  2.595637274154343E-001  1.273148096831805E-011
  3.200000000000000E+002  1.136991777225657E-007  3.257945358022128E-001  6.887154654886647E-008  1.707248563831558E-002  2.650358816340854E-001  1.246457652671626E-011
  3.300000000000000E+002  1.111174463442489E-007  3.341055837647820E-001  6.738464392935116E-008  1.669116801342313E-002  2.704231645631678E-001  1.221156013801164E-011
  3.400000000000000E+002  1.086717551078337E-007  3.423614635370392E-001  6.597563247992522E-008  1.632986573612035E-002  2.757285046517624E-001  1.197132026713657E-011
  3.500000000000000E+002  1.063513215899902E-007  3.505636535206230E-001  6.463830563504295E-008  1.598699134245251E-002  2.809546774043811E-001  1.174286283967911E-011
  3.600000000000000E+002  1.041464810441346E-007  3.587135638270754E-001  6.336710627095944E-008  1.566112241594556E-002  2.861043158104417E-001  1.152529604063383E-011
  3.700000000000000E+002  1.020485451506388E-007  3.668125407801482E-001  6.215704364730858E-008  1.535098063614812E-002  2.911799199111342E-001  1.131781741790778E-011
  3.800000000000000E+002  1.000496816299404E-007  3.748618710215084E-001  6.100362278772590E-008  1.505541393884469E-002  2.961838655835320E-001  1.111970289293809E-011
  3.900000000000000E+002  9.814281121774595E-008  3.828627852649156E-001  5.990278417953053E-008  1.477338126244538E-002  3.011184126150633E-001  1.093029735726831E-011
  4.000000000000000E+002  9.632151915541541E-008  3.908164617375511E-001  5.885085207529746E-008  1.450393945392611E-002  3.059857121346418E-001  1.074900659426086E-011
  4.200000000000000E+002  9.292449167483333E-008  4.065423864530772E-001  5.688823139731490E-008  1.400114055551547E-002  3.154704511859804E-001  1.040956504066256E-011
  4.400000000000000E+002  8.980378307942454E-008  4.220951193868532E-001  5.508335347735592E-008  1.353902584983787E-002  3.247170085543840E-001  1.009658343525386E-011
  4.600000000000000E+002  8.692600811502955E-008  4.374822042749549E-001  5.341714996578428E-008  1.311268269630176E-002  3.337375522254539E-001  9.806877358581521E-012
  4.800000000000000E+002  8.426295957381703E-008  4.527106431033431E-001  5.187352702073876E-008  1.271795999173353E-002  3.425437336407502E-001  9.537787101319643E-012
  5.000000000000000E+002  8.179066263881446E-008  4.677869421843665E-001  5.043881455888338E-008  1.235133232063638E-002  3.511464683088355E-001  9.287059140021525E-012
  5.200000000000000E+002  7.948861418857646E-008  4.827171576469140E-001  4.910132787360281E-008  1.200978577687870E-002  3.595559134005035E-001  9.052766106408096E-012
  5.400000000000000E+002  7.733917706104821E-008  4.975069372052007E-001  4.785101943151620E-008  1.169072809963255E-002  3.677815013900276E-001  8.833248018853494E-012
  5.600000000000000E+002  7.532709567440742E-008  5.121615575708247E-001  4.667920093338653E-008  1.139191713699271E-002  3.758319902340388E-001  8.627066594191549E-012
  5.800000000000000E+002  7.343910621449094E-008  5.266859577463526E-001  4.557831996721767E-008  1.111140340223048E-002  3.837155168967861E-001  8.432968891393927E-012
  6.000000000000000E+002  7.166362078489618E-008  5.410847686395617E-001  4.454177926491882E-008  1.084748358875845E-002  3.914396493312425E-001  8.249857999053891E-012
  6.200000000000000E+002  6.999046976098782E-008  5.553623394469409E-001  4.356378942447452E-008  1.059866268282041E-002  3.990114350835674E-001  8.076769176795932E-012
  6.400000000000000E+002  6.841069025953128E-008  5.695227612135880E-001  4.263924810617265E-008  1.036362287578161E-002  4.064374459377042E-001  7.912850282966148E-012
  6.600000000000000E+002  6.691635139804176E-008  5.835698879253750E-001  4.176364032061733E-008  1.014119789427937E-002  4.137238185567221E-001  7.757345607143020E-012
  6.800000000000000E+002  6.550040910102689E-008  5.975073554404425E-001  4.093295563609301E-008  9.930351677762597E-003  4.208762913121175E-001  7.609582430890207E-012
  7.000000000000000E+002  6.415658478927911E-008  6.113385985240145E-001  4.014361904766340E-008  9.730160567715692E-003  4.279002375872310E-001  7.468959791219741E-012
  7.200000000000000E+002  6.287926349289745E-008  6.250668662135688E-001  3.939243294679759E-008  9.539798351387848E-003  4.348006958696002E-001  7.334939034650651E-012
  7.400000000000000E+002  6.166340785383300E-008  6.386952357100253E-001  3.867652816420813E-008  9.358523639667068E-003  4.415823969439545E-001  7.207035836029616E-012
  7.600000000000000E+002  6.050448519912946E-008  6.522266249640417E-001  3.799332247076556E-008  9.185669164370682E-003  4.482497884798199E-001  7.084813422604579E-012
  7.800000000000000E+002  5.939840542291787E-008  6.656638041039924E-001  3.734048524175634E-008  9.020632662355449E-003  4.548070572837822E-001  6.967876795274535E-012
  8.000000000000000E+002  5.834146785155905E-008  6.790094058330830E-001  3.671590724046223E-008  8.862869078140521E-003  4.612581494609214E-001  6.855867779136515E-012
  8.200000000000000E+002  5.733031561032775E-008  6.922659349067729E-001  3.611767467446689E-008  8.711883867383042E-003  4.676067887047566E-001  6.748460767090733E-012
  8.400000000000000E+002  5.636189628286811E-008  7.054357767877452E-001  3.554404683451112E-008  8.567227223688941E-003  4.738564929115965E-001  6.645359045333165E-012
  8.600000000000000E+002  5.543342787227840E-008  7.185212055637412E-001  3.499343675036146E-008  8.428489083244535E-003  4.800105892935671E-001  6.546291609548772E-012
  8.800000000000000E+002  5.454236924722697E-008  7.315243912033000E-001  3.446439439803739E-008  8.295294787409238E-003  4.860722281452567E-001  6.451010396640665E-012
  9.000000000000000E+002  5.368639439722284E-008  7.444474062155831E-001  3.395559207320067E-008  8.167301304085689E-003  4.920443954015422E-001  6.359287869747826E-012
  9.200000000000000E+002  5.286336993518530E-008  7.572922317727946E-001  3.346581161065592E-008  8.044193925430074E-003  4.979299241087924E-001  6.270914904770441E-012
  9.400000000000000E+002  5.207133537828869E-008  7.700607633470467E-001  3.299393318291308E-008  7.925683373095807E-003  5.037315049180107E-001  6.185698935145804E-012
  9.600000000000000E+002  5.130848581397975E-008  7.827548159077226E-001  3.253892545408308E-008  7.811503253348730E-003  5.094516956964582E-001  6.103462318591412E-012
  9.800000000000000E+002  5.057315662043664E-008  7.953761287203236E-001  3.209983690094675E-008  7.701407813545257E-003  5.150929303436863E-001  6.024040895263032E-012
  1.000000000000000E+003  4.986380996218791E-008  8.079263697833642E-001  3.167578814236083E-008  7.595169959014092E-003  5.206575268885181E-001  5.947282711505707E-012
  1.050000000000000E+003  4.820305537612334E-008  8.388776048501836E-001  3.068202423075913E-008  7.346279489638953E-003  5.341271909353127E-001  5.766895557620310E-012
  1.100000000000000E+003  4.667480959565902E-008  8.694265798208726E-001  2.976501507805684E-008  7.117097064349464E-003  5.471792564227762E-001  5.600245540948787E-012
  1.150000000000000E+003  4.526314187278778E-008  8.995935134963605E-001  2.891565309427912E-008  6.905258907107824E-003  5.598386121946274E-001  5.445701871955967E-012
  1.200000000000000E+003  4.395460381135052E-008  9.293969130414653E-001  2.812624116479832E-008  6.708772116472889E-003  5.721285366016409E-001  5.301905277028566E-012
  1.250000000000000E+003  4.273776975686145E-008  9.588537544527568E-001  2.739023220318888E-008  6.525943689973395E-003  5.840704299877956E-001  5.167701173857116E-012
  1.300000000000000E+003  4.160286998644900E-008  9.879796528382564E-001  2.670202140594147E-008  6.355325559038521E-003  5.956838924687609E-001  5.042099942046145E-012
  1.350000000000000E+003  4.054149970843333E-008  1.016789012339578E+000  2.605678131719932E-008  6.195671435958421E-003  6.069868757308993E-001  4.924247555979391E-012
  1.400000000000000E+003  3.954638706877348E-008  1.045295156344602E+000  2.545033024740412E-008  6.045902519372142E-003  6.179958444723769E-001  4.813402629476900E-012
  1.450000000000000E+003  3.861120691821849E-008  1.073510440446340E+000  2.487902657727733E-008  5.905079995013210E-003  6.287259287997032E-001  4.708918099508138E-012
  1.500000000000000E+003  3.773043022784347E-008  1.101446350659715E+000  2.433968323918764E-008  5.772382808212453E-003  6.391910622801171E-001  4.610226434442150E-012
  1.550000000000000E+003  3.689920146309137E-008  1.129113589109050E+000  2.382949803201829E-008  5.647089563589960E-003  6.494041048998361E-001  4.516827579310715E-012
  1.600000000000000E+003  3.611323804584875E-008  1.156522149059305E+000  2.334599645145590E-008  5.528563682763183E-003  6.593769517967398E-001  4.428279055322770E-012
  1.650000000000000E+003  3.536874739423061E-008  1.183681380858182E+000  2.288698448513803E-008  5.416241153978181E-003  6.691206291629235E-001  4.344187772218324E-012
  1.700000000000000E+003  3.466235804973477E-008  1.210600050097720E+000  2.245050939800788E-008  5.309620358873847E-003  6.786453788076420E-001  4.264203214127972E-012
  1.750000000000000E+003  3.399106217088184E-008  1.237286389090022E+000  2.203482696789077E-008  5.208253575342301E-003  6.879607327950901E-001  4.188011735162992E-012
  1.800000000000000E+003  3.335216725698016E-008  1.263748142575717E+000  2.163837396163832E-008  5.111739841700384E-003  6.970755794336928E-001  4.115331757797455E-012
  1.850000000000000E+003  3.274325541292699E-008  1.289992608438950E+000  2.125974489504823E-008  5.019718933316160E-003  7.059982217412117E-001  4.045909710372965E-012
  1.900000000000000E+003  3.216214881068915E-008  1.316026674083244E+000  2.089767231472687E-008  4.931866253618238E-003  7.147364293634048E-001  3.979516573326230E-012
  1.950000000000000E+003  3.160688027067945E-008  1.341856849023754E+000  2.055100999143901E-008  4.847888480820421E-003  7.232974847908675E-001  3.915944929540162E-012
  2.000000000000000E+003  3.107566809534564E-008  1.367489294169347E+000  2.021871853282442E-008  4.767519842483698E-003  7.316882246014825E-001  3.855006434384715E-012
  2.050000000000000E+003  3.056689445175957E-008  1.392929848199434E+000  1.989985301647275E-008  4.690518914254828E-003  7.399150763543820E-001  3.796529636886504E-012
  2.100000000000000E+003  3.007908673016814E-008  1.418184051383196E+000  1.959355231806885E-008  4.616665858289469E-003  7.479840916740009E-001  3.740358096044177E-012
  2.150000000000000E+003  2.961090140911202E-008  1.443257167140586E+000  1.929902986803702E-008  4.545760032131674E-003  7.559009759882668E-001  3.686348746335339E-012
  2.200000000000000E+003  2.916111004070670E-008  1.468154201603888E+000  1.901556561714497E-008  4.477617911045328E-003  7.636711153213082E-001  3.634370474503855E-012
  2.250000000000000E+003  2.872858703649317E-008  1.492879921404148E+000  1.874249902940629E-008  4.412071276636335E-003  7.712996004868418E-001  3.584302876203513E-012
  2.300000000000000E+003  2.831229898833230E-008  1.517438869877538E+000  1.847922295128351E-008  4.348965632571321E-003  7.787912489821277E-001  3.536035166332884E-012
  2.350000000000000E+003  2.791129530278624E-008  1.541835381861789E+000  1.822517823114029E-008  4.288158814679303E-003  7.861506248429156E-001  3.489465221181488E-012
  2.400000000000000E+003  2.752469996335812E-008  1.566073597231477E+000  1.797984898328257E-008  4.229519768019527E-003  7.933820566860229E-001  3.444498734015428E-012
  2.450000000000000E+003  2.715170426445071E-008  1.590157473302634E+000  1.774275840767217E-008  4.172927467847165E-003  8.004896541373009E-001  3.401048468616059E-012
  2.500000000000000E+003  2.679156038521326E-008  1.614090796221446E+000  1.751346509020403E-008  4.118269964994280E-003  8.074773228178950E-001  3.359033597668162E-012
  2.550000000000000E+003  2.644357569157036E-008  1.637877191438148E+000  1.729155971987302E-008  4.065443539152556E-003  8.143487780403891E-001  3.318379114871064E-012
  2.600000000000000E+003  2.610710767144833E-008  1.661520133355500E+000  1.707666216866283E-008  4.014351946012140E-003  8.211075573480117E-001  3.279015311291780E-012
  2.650000000000000E+003  2.578155942216809E-008  1.685022954230998E+000  1.686841888792343E-008  3.964905746270759E-003  8.277570320141810E-001  3.240877307855527E-012
  2.700000000000000E+003  2.546637562065446E-008  1.708388852403100E+000  1.666650058165000E-008  3.917021706252062E-003  8.343004176059127E-001  3.203904637023014E-012
  2.750000000000000E+003  2.516103891692799E-008  1.731620899903985E+000  1.647060012266210E-008  3.870622261322028E-003  8.407407837026724E-001  3.168040867675894E-012
  2.800000000000000E+003  2.486506669962099E-008  1.754722049514601E+000  1.628043068239519E-008  3.825635034514933E-003  8.470810628518097E-001  3.133233268052595E-012
  2.850000000000000E+003  2.457800818926056E-008  1.777695141311795E+000  1.609572404900260E-008  3.781992403814866E-003  8.533240588327463E-001  3.099432502272608E-012
  2.900000000000000E+003  2.429944182099987E-008  1.800542908752123E+000  1.591622911185220E-008  3.739631112416867E-003  8.594724542940482E-001  3.066592356578567E-012
  2.950000000000000E+003  2.402897288353548E-008  1.823267984332341E+000  1.574171049338311E-008  3.698491917039100E-003  8.655288178206952E-001  3.034669491929988E-012
  3.000000000000000E+003  2.376623138526270E-008  1.845872904862496E+000  1.557194731174897E-008  3.658519269995814E-003  8.714956104826910E-001  3.003623220013637E-012
  3.050000000000000E+003  2.351087012241505E-008  1.868360116383983E+000  1.540673205978238E-008  3.619661031287164E-003  8.773751919108327E-001  2.973415300105384E-012
  3.100000000000000E+003  2.326256292710355E-008  1.890731978761751E+000  1.524586958762329E-008  3.581868207431039E-003  8.831698259407670E-001  2.944009754536372E-012
  3.150000000000000E+003  2.302100307590013E-008  1.912990769977005E+000  1.508917617791377E-008  3.545094714165992E-003  8.888816858622295E-001  2.915372700790464E-012
  3.200000000000000E+003  2.278590184196254E-008  1.935138690144258E+000  1.493647870380458E-008  3.509297160502554E-003  8.945128593067574E-001  2.887472198496760E-012
  3.300000000000000E+003  2.233532958166658E-008  1.979005030985044E+000  1.464360129393765E-008  3.440666521547568E-003  9.054693051354398E-001  2.833908089462982E-012
  3.400000000000000E+003  2.190734453536296E-008  2.022457538401958E+000  1.436472642579879E-008  3.375452758549379E-003  9.161326120534730E-001  2.782934824409840E-012
  3.500000000000000E+003  2.150019143600200E-008  2.065510964169391E+000  1.409879935037916E-008  3.313391022125767E-003  9.265156986723821E-001  2.734353628166750E-012
  3.600000000000000E+003  2.111229527993381E-008  2.108179179646459E+000  1.384487148451342E-008  3.254243984371518E-003  9.366308681478885E-001  2.687987797732654E-012
  3.700000000000000E+003  2.074223926859206E-008  2.150475238331905E+000  1.360208764536788E-008  3.197798179493612E-003  9.464897016499744E-001  2.643678448488906E-012
  3.800000000000000E+003  2.038874543939356E-008  2.192411440062982E+000  1.336967478936869E-008  3.143861021938948E-003  9.561030694255128E-001  2.601282077461384E-012
  3.900000000000000E+003  2.005065795778340E-008  2.233999390684711E+000  1.314693226785130E-008  3.092258279948805E-003  9.654811703154522E-001  2.560668663421877E-012
  4.000000000000000E+003  1.972692873316343E-008  2.275250056286455E+000  1.293322341871945E-008  3.042831912012794E-003  9.746335778741237E-001  2.521720077543551E-012
  4.100000000000000E+003  1.941660501446512E-008  2.316173812249662E+000  1.272796830140295E-008  2.995438204585428E-003  9.835692864229655E-001  2.484328725461385E-012
  4.200000000000000E+003  1.911881866323199E-008  2.356780487590479E+000  1.253063740347534E-008  2.949946162778952E-003  9.922967547650420E-001  2.448396376404944E-012
  4.300000000000000E+003  1.883277684860526E-008  2.397079405099338E+000  1.234074617268320E-008  2.906236114682318E-003  1.000823946810835E+000  2.413833147992758E-012
  4.400000000000000E+003  1.855775395021237E-008  2.437079417741170E+000  1.215785025142631E-008  2.864198496844139E-003  1.009158368962567E+000  2.380556622235406E-012
  4.500000000000000E+003  1.829308449016495E-008  2.476788941729305E+000  1.198154131066305E-008  2.823732793979186E-003  1.017307104352146E+000  2.348491072969720E-012
  4.600000000000000E+003  1.803815694462613E-008  2.516215986636652E+000  1.181144339688688E-008  2.784746610441041E-003  1.025276844129483E+000  2.317566788437383E-012
  4.700000000000000E+003  1.779240830957439E-008  2.555368182862941E+000  1.164720971964984E-008  2.747154854666565E-003  1.033073916033707E+000  2.287719475458654E-012
  4.800000000000000E+003  1.755531931534262E-008  2.594252806737545E+000  1.148851981855657E-008  2.710879020803604E-003  1.040704310484873E+000  2.258889733850581E-012
  4.900000000000000E+003  1.732641020100154E-008  2.632876803503235E+000  1.133507705813674E-008  2.675846554210162E-003  1.048173704424431E+000  2.231022591530593E-012
  5.000000000000000E+003  1.710523697332398E-008  2.671246808396716E+000  1.118660640687651E-008  2.641990289561638E-003  1.055487483117204E+000  2.204067092218444E-012
  5.100000000000000E+003  1.689138808642488E-008  2.709369166016133E+000  1.104285246324247E-008  2.609247952003479E-003  1.062650760109683E+000  2.177975928867918E-012
  5.200000000000000E+003  1.668448148764215E-008  2.747249948143686E+000  1.090357769700265E-008  2.577561713203333E-003  1.069668395521375E+000  2.152705116972839E-012
  5.300000000000000E+003  1.648416198314565E-008  2.784894970172182E+000  1.076856087873072E-008  2.546877795341842E-003  1.076545012828599E+000  2.128213702738986E-012
  5.400000000000000E+003  1.629009888341013E-008  2.822309806267637E+000  1.063759567422969E-008  2.517146117075192E-003  1.083285014284000E+000  2.104463501823972E-012
  5.500000000000000E+003  1.610198389428492E-008  2.859499803385483E+000  1.051048938385558E-008  2.488319976339557E-003  1.089892595100342E+000  2.081418864945567E-012
  5.600000000000000E+003  1.591952922412124E-008  2.896470094245110E+000  1.038706180946515E-008  2.460355765574469E-003  1.096371756513909E+000  2.059046467164989E-012
  5.700000000000000E+003  1.574246588142332E-008  2.933225609356357E+000  1.026714423403811E-008  2.433212715541045E-003  1.102726317830855E+000  2.037315118080375E-012
  5.800000000000000E+003  1.557054214089231E-008  2.969771088181705E+000  1.015057850100343E-008  2.406852664419980E-003  1.108959927549272E+000  2.016195590530806E-012
  5.900000000000000E+003  1.540352215863334E-008  3.006111089509305E+000  1.003721618198692E-008  2.381239849308141E-003  1.115076073640160E+000  1.995660465722516E-012
  6.000000000000000E+003  1.524118471977407E-008  3.042250001104309E+000  9.926917823141968E-009  2.356340717603271E-003  1.121078093062144E+000  1.975683992955351E-012
  6.100000000000000E+003  1.508332210386780E-008  3.078192048699292E+000  9.819552261463507E-009  2.332123756084303E-003  1.126969180577120E+000  1.956241962356292E-012
  6.200000000000000E+003  1.492973905527915E-008  3.113941304378502E+000  9.714996003550894E-009  2.308559335767805E-003  1.132752396927426E+000  1.937311589223481E-012
  6.300000000000000E+003  1.478025184732255E-008  3.149501694405437E+000  9.613132660203643E-009  2.285619570856464E-003  1.138430676429093E+000  1.918871408753936E-012
  6.400000000000000E+003  1.463468743028146E-008  3.184877006538485E+000  9.513852431028203E-009  2.263278190298842E-003  1.144006834030417E+000  1.900901180074957E-012
  6.500000000000000E+003  1.449288265461190E-008  3.220070896875182E+000  9.417051633921745E-009  2.241510420655506E-003  1.149483571880410E+000  1.883381798626318E-012
  6.600000000000000E+003  1.435468356165298E-008  3.255086896261881E+000  9.322632274896134E-009  2.220292879119493E-003  1.154863485447338E+000  1.866295216050980E-012
  6.700000000000000E+003  1.421994473505445E-008  3.289928416302267E+000  9.230501654225689E-009  2.199603475671854E-003  1.160149069223878E+000  1.849624366848279E-012
  6.800000000000000E+003  1.408852870690404E-008  3.324598754995154E+000  9.140572005355524E-009  2.179421323468843E-003  1.165342722051961E+000  1.833353101127536E-012
  6.900000000000000E+003  1.396030541321199E-008  3.359101102029294E+000  9.052760163404021E-009  2.159726656658474E-003  1.170446752097341E+000  1.817466122873508E-012
  7.000000000000000E+003  1.383515169400139E-008  3.393438543760490E+000  8.966987260440163E-009  2.140500754912745E-003  1.175463381501253E+000  1.801948933199531E-012
  7.100000000000000E+003  1.371295083377062E-008  3.427614067894166E+000  8.883178445021447E-009  2.121725874039450E-003  1.180394750733993E+000  1.786787778120624E-012
  7.200000000000000E+003  1.359359213854946E-008  3.461630567894524E+000  8.801262623746081E-009  2.103385182105802E-003  1.185242922673109E+000  1.771969600428698E-012
  7.300000000000000E+003  1.347697054617114E-008  3.495490847139672E+000  8.721172222809372E-009  2.085462700566175E-003  1.190009886426916E+000  1.757481995295762E-012
  7.400000000000000E+003  1.336298626673557E-008  3.529197622840506E+000  8.642842967762812E-009  2.067943249939267E-003  1.194697560922182E+000  1.743313169269742E-012
  7.500000000000000E+003  1.325154445055183E-008  3.562753529739645E+000  8.566213679858510E-009  2.050812399626845E-003  1.199307798273330E+000  1.729451902361802E-012
  7.600000000000000E+003  1.314255488112346E-008  3.596161123605448E+000  8.491226087525212E-009  2.034056421507683E-003  1.203842386948935E+000  1.715887512954372E-012
  7.700000000000000E+003  1.303593169098554E-008  3.629422884534869E+000  8.417824651666730E-009  2.017662246977060E-003  1.208303054750051E+000  1.702609825286004E-012
  7.800000000000000E+003  1.293159309841979E-008  3.662541220077917E+000  8.345956403602559E-009  2.001617427134920E-003  1.212691471613662E+000  1.689609139293207E-012
  8.000000000000000E+003  1.272998178230343E-008  3.728219230382474E+000  8.207175675169375E-009  1.970607855352394E-003  1.221192387726882E+000  1.664464448023483E-012
  8.200000000000000E+003  1.253656436501639E-008  3.793356009057647E+000  8.073897705908806E-009  1.940852214725809E-003  1.229428080555605E+000  1.640316552855724E-012
  8.400000000000000E+003  1.235081782978458E-008  3.857968099430549E+000  7.945783108873946E-009  1.912270654343781E-003  1.237409332851798E+000  1.617102478557692E-012
  8.600000000000000E+003  1.217226371528864E-008  3.922071178273393E+000  7.822520539948705E-009  1.884790205947177E-003  1.245146452710146E+000  1.594764993330888E-012
  8.800000000000000E+003  1.200046355676150E-008  3.985680110710792E+000  7.703823929370890E-009  1.858344004289371E-003  1.252649215524182E+000  1.573251653869095E-012
  9.000000000000000E+003  1.183501478573181E-008  4.048809005638581E+000  7.589429961098699E-009  1.832870649620115E-003  1.259926874190326E+000  1.552514268155972E-012
  9.200000000000000E+003  1.167554710172172E-008  4.111471267368267E+000  7.479095829028599E-009  1.808313652515011E-003  1.266988184475239E+000  1.532508457778316E-012
  9.400000000000000E+003  1.152171926808975E-008  4.173679643143964E+000  7.372597247765367E-009  1.784620945713612E-003  1.273841434457776E+000  1.513193278827386E-012
  9.600000000000000E+003  1.137321628024889E-008  4.235446266743081E+000  7.269726689164212E-009  1.761744453422223E-003  1.280494474406451E+000  1.494530889079015E-012
  9.800000000000000E+003  1.122974685880183E-008  4.296782698473440E+000  7.170291817033431E-009  1.739639710326018E-003  1.286954745632491E+000  1.476486254123103E-012
  1.000000000000000E+004  1.109104122582491E-008  4.357699961889109E+000  7.074114095222996E-009  1.718265523744899E-003  1.293229307722934E+000  1.459026886898008E-012
  1.020000000000000E+004  1.095684912806734E-008  4.418208577530755E+000  6.981027547387790E-009  1.697583673333150E-003  1.299324863947601E+000  1.442122616128186E-012
  1.040000000000000E+004  1.082693807580335E-008  4.478318593971492E+000  6.890877649575814E-009  1.677558643532571E-003  1.305247784817751E+000  1.425745379907929E-012
  1.060000000000000E+004  1.070109177040408E-008  4.538039616422763E+000  6.803520339331564E-009  1.658157384671392E-003  1.311004129861530E+000  1.409869041251485E-012
  1.080000000000000E+004  1.057910869741646E-008  4.597380833129190E+000  6.718821127211312E-009  1.639349099178232E-003  1.316599667720710E+000  1.394469222895869E-012
  1.100000000000000E+004  1.046080086511626E-008  4.656351039757774E+000  6.636654298505226E-009  1.621105049868645E-003  1.322039894688348E+000  1.379523159027175E-012
  1.120000000000000E+004  1.034599267121403E-008  4.714958661965400E+000  6.556902194588230E-009  1.603398387676220E-003  1.327330051809665E+000  1.365009561922478E-012
  1.140000000000000E+004  1.023451988270671E-008  4.773211776309414E+000  6.479454564714233E-009  1.586203996552321E-003  1.332475140664728E+000  1.350908501770143E-012
  1.160000000000000E+004  1.012622871584279E-008  4.831118129649009E+000  6.404207980261197E-009  1.569498353558782E-003  1.337479937944725E+000  1.337201298160946E-012
  1.180000000000000E+004  1.002097500485892E-008  4.888685157169993E+000  6.331065304457145E-009  1.553259402434218E-003  1.342349008925575E+000  1.323870421937820E-012
  1.200000000000000E+004  9.918623449594146E-009  4.945919999151945E+000  6.259935211495963E-009  1.537466439134297E-003  1.347086719934139E+000  1.310899406259252E-012
  1.220000000000000E+004  9.819046933332082E-009  5.002829516584920E+000  6.190731749707939E-009  1.522100008034726E-003  1.351697249894058E+000  1.298272765874643E-012
  1.240000000000000E+004  9.722125903291889E-009  5.059420305732136E+000  6.123373944102103E-009  1.507141807648021E-003  1.356184601030368E+000  1.285975923733323E-012
  1.260000000000000E+004  9.627747807113394E-009  5.115698711725729E+000  6.057785434161311E-009  1.492574604845051E-003  1.360552608804794E+000  1.273995144155299E-012
  1.280000000000000E+004  9.535806579480362E-009  5.171670841274125E+000  5.993894143259220E-009  1.478382156693414E-003  1.364804951146902E+000  1.262317471883905E-012
  1.300000000000000E+004  9.446202173718555E-009  5.227342574552236E+000  5.931631976492415E-009  1.464549139129498E-003  1.368945157040187E+000  1.250930676420231E-012
  1.320000000000000E+004  9.358840133806929E-009  5.282719576338869E+000  5.870934544089718E-009  1.451061081772329E-003  1.372976614516677E+000  1.239823201108736E-012
  1.340000000000000E+004  9.273631202763803E-009  5.337807306459849E+000  5.811740907882428E-009  1.437904308266563E-003  1.376902578108613E+000  1.228984116503760E-012
  1.360000000000000E+004  9.190490963826620E-009  5.392611029589967E+000  5.753993348600250E-009  1.425065881611145E-003  1.380726175801239E+000  1.218403077599442E-012
  1.380000000000000E+004  9.109339511243465E-009  5.447135824462092E+000  5.697637152003604E-009  1.412533553990777E-003  1.384450415526744E+000  1.208070284551790E-012
  1.400000000000000E+004  9.030101147843982E-009  5.501386592527501E+000  5.642620412079016E-009  1.400295720680228E-003  1.388078191235640E+000  1.197976446562020E-012
  1.420000000000000E+004  8.952704106864473E-009  5.555368066107554E+000  5.588893849713871E-009  1.388341377638129E-003  1.391612288578695E+000  1.188112748625933E-012
  1.440000000000000E+004  8.877080295771821E-009  5.609084816073470E+000  5.536410645433856E-009  1.376660082447731E-003  1.395055390229418E+000  1.178470820885290E-012
  1.460000000000000E+004  8.803165060068588E-009  5.662541259087723E+000  5.485126284933932E-009  1.365241918298248E-003  1.398410080874590E+000  1.169042710344856E-012
  1.480000000000000E+004  8.730896965271609E-009  5.715741664437807E+000  5.434998416263786E-009  1.354077460732133E-003  1.401678851897776E+000  1.159820854743055E-012
  1.500000000000000E+004  8.660217595441678E-009  5.768690160490565E+000  5.385986717644153E-009  1.343157746911838E-003  1.404864105778687E+000  1.150798058385823E-012
  1.520000000000000E+004  8.591071366806496E-009  5.821390740792942E+000  5.338052774992613E-009  1.332474247184482E-003  1.407968160229227E+000  1.141967469772323E-012
  1.540000000000000E+004  8.523405355164495E-009  5.873847269842920E+000  5.291159968328354E-009  1.322018838745018E-003  1.410993252085328E+000  1.133322560858190E-012
  1.560000000000000E+004  8.457169135886900E-009  5.926063488552561E+000  5.245273366306232E-009  1.311783781218060E-003  1.413941540972047E+000  1.124857107817056E-012
  1.580000000000000E+004  8.392314635450335E-009  5.978043019423264E+000  5.200359628202502E-009  1.301761693996099E-003  1.416815112757966E+000  1.116565173174580E-012
  1.600000000000000E+004  8.328795993535229E-009  6.029789371451816E+000  5.156386912738884E-009  1.291945535187382E-003  1.419615982813574E+000  1.108441089201181E-012
  1.620000000000000E+004  8.266569434816870E-009  6.081305944784450E+000  5.113324793189132E-009  1.282328582040637E-003  1.422346099087192E+000  1.100479442460391E-012
  1.640000000000000E+004  8.205593149657727E-009  6.132596035134683E+000  5.071144178263685E-009  1.272904412726313E-003  1.425007345010816E+000  1.092675059419385E-012
  1.660000000000000E+004  8.145827182983411E-009  6.183662837979661E+000  5.029817238314137E-009  1.263666889365106E-003  1.427601542247357E+000  1.085022993036761E-012
  1.680000000000000E+004  8.087233330689937E-009  6.234509452548570E+000  4.989317336440656E-009  1.254610142204560E-003  1.430130453289801E+000  1.077518510250437E-012
  1.700000000000000E+004  8.029775042989406E-009  6.285138885615678E+000  4.949618964122663E-009  1.245728554853477E-003  1.432595783922011E+000  1.070157080295390E-012
  1.720000000000000E+004  7.973417334154056E-009  6.335554055109712E+000  4.910697681026648E-009  1.237016750491956E-003  1.434999185550144E+000  1.062934363787256E-012
  1.740000000000000E+004  7.918126698166338E-009  6.385757793550426E+000  4.872530058675094E-009  1.228469578982111E-003  1.437342257412983E+000  1.055846202513363E-012
  1.760000000000000E+004  7.863871029826050E-009  6.435752851322396E+000  4.835093627687829E-009  1.220082104811101E-003  1.439626548678841E+000  1.048888609877894E-012
  1.780000000000000E+004  7.810619550903943E-009  6.485541899795457E+000  4.798366828331616E-009  1.211849595803972E-003  1.441853560436150E+000  1.042057761952417E-012
  1.800000000000000E+004  7.758342740966681E-009  6.535127534300518E+000  4.762328964136156E-009  1.203767512549150E-003  1.444024747584295E+000  1.035349989087134E-012
  1.820000000000000E+004  7.707012272529480E-009  6.584512276968866E+000  4.726960158354777E-009  1.195831498484282E-003  1.446141520630818E+000  1.028761768042010E-012
  1.840000000000000E+004  7.656600950221739E-009  6.633698579442574E+000  4.692241313066371E-009  1.188037370594434E-003  1.448205247400614E+000  1.022289714600250E-012
  1.860000000000000E+004  7.607082653676747E-009  6.682688825463100E+000  4.658154070731713E-009  1.180381110678679E-003  1.450217254662419E+000  1.015930576629732E-012
  1.880000000000000E+004  7.558432283880473E-009  6.731485333344706E+000  4.624680778032445E-009  1.172858857144647E-003  1.452178829677451E+000  1.009681227560781E-012
  1.900000000000000E+004  7.510625712735632E-009  6.780090358338852E+000  4.591804451834578E-009  1.165466897293941E-003  1.454091221674754E+000  1.003538660251197E-012
  1.920000000000000E+004  7.463639735616984E-009  6.828506094895430E+000  4.559508747130984E-009  1.158201660064196E-003  1.455955643257501E+000  9.974999812117555E-013
  1.940000000000000E+004  7.417452026711414E-009  6.876734678826187E+000  4.527777926828672E-009  1.151059709196389E-003  1.457773271744161E+000  9.915624051675462E-013
  1.960000000000000E+004  7.372041096952755E-009  6.924778189375506E+000  4.496596833256980E-009  1.144037736798360E-003  1.459545250448259E+000  9.857232499323946E-013
  1.980000000000000E+004  7.327386254375754E-009  6.972638651203247E+000  4.465950861282376E-009  1.137132557277820E-003  1.461272689900126E+000  9.799799315753714E-013
  2.000000000000000E+004  7.283467566727498E-009  7.020318036284161E+000  4.435825932924187E-009  1.130341101620167E-003  1.462956669013859E+000  9.743299598600310E-013
