! time                    visible_void_density    visible_void_diameter   
  0.000000000000000E+000  0.000000000000000E+000  0.000000000000000E+000
  9.999999999999998E-002  0.000000000000000E+000  0.000000000000000E+000
  1.999999999999999E-001  0.000000000000000E+000  0.000000000000000E+000
  2.999999999999999E-001  0.000000000000000E+000  0.000000000000000E+000
  3.999999999999999E-001 -9.553287215652047E-262  1.001155133631531E+000
  4.999999999999999E-001  1.147814573738724E-249  1.001079799972294E+000
  6.000000000000000E-001  2.400606657488587E-236  1.001146243988117E+000
  7.000000000000001E-001  2.414848827755941E-225  1.001176545104733E+000
  8.000000000000002E-001  1.727991639953421E-216  1.001202248052445E+000
  9.000000000000002E-001  3.711665943766291E-209  1.001224051980608E+000
  1.000000000000000E+000  6.141599468800552E-203  1.001242618216693E+000
  1.100000000000000E+000  9.629184864957344E-152  1.001584679096307E+000
  1.200000000000000E+000  9.168376456793229E-148  1.001609413432180E+000
  1.300000000000000E+000  2.174445798566804E-144  1.001630643316348E+000
  1.400000000000001E+000  2.413423481892609E-141  1.001651509770100E+000
  1.500000000000001E+000  1.610410635517071E-138  1.001673166557185E+000
  1.600000000000001E+000  6.342663430629637E-136  1.001693170223459E+000
  1.700000000000001E+000  1.462861377871448E-133  1.001710514846062E+000
  1.800000000000001E+000  2.080262291405623E-131  1.001725533498087E+000
  1.900000000000001E+000  1.950642672275375E-129  1.001738733020450E+000
  2.000000000000001E+000  1.282768490643088E-127  1.001750517756022E+000
  2.100000000000001E+000  6.229290330419706E-126  1.001761185747990E+000
  2.200000000000001E+000  2.330049929646354E-124  1.001770957603983E+000
  2.300000000000001E+000  6.948238968728533E-123  1.001779999668226E+000
  2.400000000000001E+000  1.699176385920127E-121  1.001788439771682E+000
  2.500000000000001E+000  3.488345618537224E-120  1.001796377831733E+000
  2.600000000000001E+000  6.130745290994238E-119  1.001803893121835E+000
  2.700000000000002E+000  9.377458460530689E-118  1.001811049370614E+000
  2.800000000000002E+000  1.265988072568228E-116  1.001817898413248E+000
  2.900000000000002E+000  1.526758360197110E-115  1.001824482854437E+000
  3.000000000000002E+000  1.661942146834153E-114  1.001830838042298E+000
  3.100000000000002E+000  1.647717533354723E-113  1.001836993552987E+000
  3.200000000000002E+000  1.499658709905154E-112  1.001842974322279E+000
  3.400000000000002E+000  3.297858935287946E-093  1.002413775968463E+000
  3.600000000000002E+000  2.124588574269029E-091  1.002424144640612E+000
  3.800000000000002E+000  6.822827545878759E-090  1.002434269944818E+000
  4.000000000000003E+000  1.461623043085670E-088  1.002444202158321E+000
  4.200000000000003E+000  2.356374215289640E-087  1.002453979774257E+000
  4.400000000000003E+000  3.055809031735158E-086  1.002463632566915E+000
  4.600000000000003E+000  3.325751754558580E-085  1.002473183770020E+000
  4.800000000000003E+000  3.128069747177296E-084  1.002482651657105E+000
  5.000000000000004E+000  2.597858823302789E-083  1.002492050707128E+000
  5.200000000000004E+000  1.936512609957401E-082  1.002501392475351E+000
  5.400000000000004E+000  1.312448943028743E-081  1.002510686250491E+000
  5.600000000000004E+000  8.171548925613047E-081  1.002519939554451E+000
  5.800000000000004E+000  4.713931649597832E-080  1.002529158524596E+000
  6.000000000000004E+000  2.537490071263673E-079  1.002538348207642E+000
  6.200000000000005E+000  1.282265265181487E-078  1.002547512786484E+000
  6.400000000000005E+000  6.114184157202222E-078  1.002556655755941E+000
  6.600000000000005E+000  2.763243078763076E-077  1.002565780059425E+000
  6.800000000000005E+000  1.188246422838367E-076  1.002574888195596E+000
  7.000000000000005E+000  4.878483876015409E-076  1.002583982301943E+000
  7.500000000000005E+000  2.012089121174187E-064  1.003568966983254E+000
  8.000000000000005E+000  6.469368465428097E-063  1.003594469480573E+000
  8.500000000000005E+000  1.067801615224528E-061  1.003619661540900E+000
  9.000000000000005E+000  1.205532728289899E-060  1.003644580604707E+000
  9.500000000000005E+000  1.046592064814675E-059  1.003669256198076E+000
  1.000000000000001E+001  7.447638199504755E-059  1.003693712362626E+000
  1.050000000000001E+001  4.522181782316098E-058  1.003717969146173E+000
  1.100000000000001E+001  2.408420076022738E-057  1.003742043562366E+000
  1.150000000000001E+001  1.147819304834131E-056  1.003765950240403E+000
  1.200000000000001E+001  4.970196409587381E-056  1.003789701886130E+000
  1.250000000000001E+001  1.978806988380038E-055  1.003813309622833E+000
  1.300000000000001E+001  7.313357914202101E-055  1.003836783251584E+000
  1.350000000000001E+001  2.528822853362289E-054  1.003860131455361E+000
  1.400000000000001E+001  8.234664434861816E-054  1.003883361962423E+000
  1.450000000000001E+001  2.539205496761283E-053  1.003906481679178E+000
  1.500000000000001E+001  7.449477485688790E-053  1.003929496799687E+000
  1.550000000000001E+001  2.087866316371992E-052  1.003952412896882E+000
  1.600000000000001E+001  5.610147510500094E-052  1.003975234999225E+000
  1.650000000000001E+001  1.449769628039529E-051  1.003997967655675E+000
  1.700000000000001E+001  3.613090850281759E-051  1.004020614991104E+000
  1.750000000000001E+001  8.705309537714851E-051  1.004043180753863E+000
  1.800000000000001E+001  2.032231970669635E-050  1.004065668356836E+000
  1.900000000000001E+001  6.918756912984442E-049  1.004387716321021E+000
  2.000000000000001E+001  6.882190297045488E-048  1.004510290438341E+000
  2.100000000000001E+001  4.451589832114866E-047  1.004603295209935E+000
  2.200000000000001E+001  2.224777304236538E-046  1.004683136162583E+000
  2.300000000000001E+001  9.272063513513607E-046  1.004755172602333E+000
  2.400000000000001E+001  3.364071967684373E-045  1.004821909561119E+000
  2.500000000000001E+001  1.092259708034387E-044  1.004884750058372E+000
  2.600000000000001E+001  3.234981422280417E-044  1.004944571296841E+000
  2.700000000000001E+001  8.863420978884214E-044  1.005001963977847E+000
  2.800000000000001E+001  2.270758447725278E-043  1.005057347743233E+000
  2.900000000000001E+001  5.485870928708451E-043  1.005111033020760E+000
  3.000000000000001E+001  1.258288560384484E-042  1.005163256839709E+000
  3.100000000000001E+001  2.755521759470519E-042  1.005214204860004E+000
  3.200000000000001E+001  5.788219877855310E-042  1.005264025588415E+000
  3.300000000000001E+001  1.170903014253389E-041  1.005312839919845E+000
  3.400000000000001E+001  2.288767444111546E-041  1.005360747753645E+000
  3.500000000000001E+001  4.335690286788349E-041  1.005407832710118E+000
  3.600000000000001E+001  7.979927355972981E-041  1.005454165573239E+000
  3.800000000000001E+001  4.314777019175881E-040  1.005699497101435E+000
  4.000000000000001E+001  1.694990074711666E-039  1.005876814793128E+000
  4.200000000000001E+001  5.464179204115873E-039  1.006024170762506E+000
  4.400000000000001E+001  1.530445735355373E-038  1.006154184083470E+000
  4.600000000000001E+001  3.849405033810184E-038  1.006272648419050E+000
  4.800000000000001E+001  8.883543568971253E-038  1.006382740810117E+000
  5.000000000000001E+001  1.909574697338600E-037  1.006486410353697E+000
  5.200000000000001E+001  3.866069662546502E-037  1.006584948902285E+000
  5.400000000000001E+001  7.434994965025798E-037  1.006679262401561E+000
  5.600000000000001E+001  1.367358652576241E-036  1.006770014083362E+000
  5.800000000000001E+001  2.417817453745136E-036  1.006857706206108E+000
  6.000000000000001E+001  4.128882437640323E-036  1.006942729665124E+000
  6.200000000000001E+001  6.834668762180166E-036  1.007025395620597E+000
  6.400000000000000E+001  1.100110286897110E-035  1.007105956491668E+000
  6.600000000000000E+001  1.726425838083656E-035  1.007184620369655E+000
  6.800000000000000E+001  2.647594218321016E-035  1.007261561200165E+000
  7.000000000000000E+001  3.975708296886725E-035  1.007336926154784E+000
  7.500000000000000E+001  1.420536032328372E-034  1.007740379880499E+000
  8.000000000000000E+001  3.936542476356384E-034  1.008043624930670E+000
  8.500000000000000E+001  9.287830626370762E-034  1.008298341675861E+000
  9.000000000000000E+001  1.954413320714609E-033  1.008523631814815E+000
  9.500000000000000E+001  3.770399786820897E-033  1.008728763184561E+000
  1.000000000000000E+002  6.790278268861540E-033  1.008918994404883E+000
  1.050000000000000E+002  1.156205128428566E-032  1.009097629094801E+000
  1.100000000000000E+002  1.878835898351720E-032  1.009266896433265E+000
  1.150000000000000E+002  2.934553249764793E-032  1.009428382251411E+000
  1.200000000000000E+002  4.430113067391781E-032  1.009583261505806E+000
  1.250000000000000E+002  6.492966239397315E-032  1.009732433224602E+000
  1.300000000000000E+002  9.272629004941760E-032  1.009876603519546E+000
  1.350000000000000E+002  1.294183923187033E-031  1.010016339102082E+000
  1.400000000000000E+002  1.769749348719068E-031  1.010152103145243E+000
  1.450000000000000E+002  2.376136558962660E-031  1.010284280108390E+000
  1.500000000000000E+002  3.138061199912171E-031  1.010413193403435E+000
  1.550000000000000E+002  4.082807300626569E-031  1.010539118269801E+000
  1.600000000000000E+002  5.240238136004483E-031  1.010662291354166E+000
  1.650000000000000E+002  6.642789184650592E-031  1.010782917969389E+000
  1.700000000000000E+002  8.325444653230229E-031  1.010901177684246E+000
  1.750000000000000E+002  1.032569910353913E-030  1.011017228690159E+000
  1.800000000000000E+002  1.268350573882967E-030  1.011131211256756E+000
  1.900000000000000E+002  1.924039440136947E-030  1.011405773209123E+000
  2.000000000000000E+002  2.805543931350304E-030  1.011663810312728E+000
  2.100000000000000E+002  3.957808543147490E-030  1.011908336901241E+000
  2.200000000000000E+002  5.428600316316494E-030  1.012141542550669E+000
  2.300000000000000E+002  7.268084799696033E-030  1.012365075639105E+000
  2.400000000000000E+002  9.528412512907556E-030  1.012580213348879E+000
  2.500000000000000E+002  1.226332278370348E-029  1.012787968930947E+000
  2.600000000000000E+002  1.552776963215804E-029  1.012989162284256E+000
  2.700000000000000E+002  1.937757263551829E-029  1.013184468052503E+000
  2.800000000000000E+002  2.386909438219465E-029  1.013374449388114E+000
  2.900000000000000E+002  2.905894512729522E-029  1.013559582266665E+000
  3.000000000000000E+002  3.500371452677023E-029  1.013740273388108E+000
  3.100000000000000E+002  4.175972979664443E-029  1.013916873614215E+000
  3.200000000000000E+002  4.938283927259769E-029  1.014089688229257E+000
  3.300000000000000E+002  5.792822009685232E-029  1.014258984895081E+000
  3.400000000000000E+002  6.745020860493029E-029  1.014424999903128E+000
  3.500000000000000E+002  7.800215190137815E-029  1.014587943148578E+000
  3.600000000000000E+002  8.963627908301988E-029  1.014748002131898E+000
  3.700000000000000E+002  1.024035905765745E-028  1.014905345210548E+000
  3.800000000000000E+002  1.163537640936545E-028  1.015060124265779E+000
  3.900000000000000E+002  1.315350757617893E-028  1.015212476908233E+000
  4.000000000000000E+002  1.479943350587426E-028  1.015362528316277E+000
  4.200000000000000E+002  1.864761057488822E-028  1.015690507486957E+000
  4.400000000000000E+002  2.308537831896879E-028  1.016005498548769E+000
  4.600000000000000E+002  2.814310696994817E-028  1.016309124293435E+000
  4.800000000000000E+002  3.384830984868464E-028  1.016602689982712E+000
  5.000000000000000E+002  4.022572260990434E-028  1.016887264141547E+000
  5.200000000000000E+002  4.729740244008938E-028  1.017163734724901E+000
  5.400000000000000E+002  5.508284159777536E-028  1.017432849259297E+000
  5.600000000000000E+002  6.359909042144097E-028  1.017695244208528E+000
  5.800000000000000E+002  7.286088589598629E-028  1.017951466894600E+000
  6.000000000000000E+002  8.288078272906078E-028  1.018201992154129E+000
  6.200000000000000E+002  9.366928459633470E-028  1.018447235194979E+000
  6.400000000000000E+002  1.052349737837671E-027  1.018687561660261E+000
  6.600000000000000E+002  1.175846379080263E-027  1.018923295606194E+000
  6.800000000000000E+002  1.307233927551788E-027  1.019154725898730E+000
  7.000000000000000E+002  1.446548005609708E-027  1.019382111395664E+000
  7.200000000000000E+002  1.593809832785080E-027  1.019605685184584E+000
  7.400000000000000E+002  1.749027305530549E-027  1.019825658078749E+000
  7.600000000000000E+002  1.912196022587670E-027  1.020042221523790E+000
  7.800000000000000E+002  2.083300255562872E-027  1.020255550032313E+000
  8.000000000000000E+002  2.262313865095584E-027  1.020465803236879E+000
  8.200000000000000E+002  2.449201163599366E-027  1.020673127632144E+000
  8.400000000000000E+002  2.643917725998165E-027  1.020877658061830E+000
  8.600000000000000E+002  2.846411150197094E-027  1.021079518994872E+000
  8.800000000000000E+002  3.056621769246440E-027  1.021278825626208E+000
  9.000000000000000E+002  3.274483317300078E-027  1.021475684830859E+000
  9.200000000000000E+002  3.499923551551678E-027  1.021670195994543E+000
  9.400000000000000E+002  3.732864832367153E-027  1.021862451739882E+000
  9.600000000000000E+002  3.973224663831384E-027  1.022052538563825E+000
  9.800000000000000E+002  4.220916196898806E-027  1.022240537399272E+000
  1.000000000000000E+003  4.475848697288916E-027  1.022426524111626E+000
  1.050000000000000E+003  5.157630797698474E-027  1.022919484683211E+000
  1.100000000000000E+003  5.882123611728436E-027  1.023396236463483E+000
  1.150000000000000E+003  6.647536821630940E-027  1.023858512176068E+000
  1.200000000000000E+003  7.452055602193229E-027  1.024307751269244E+000
  1.250000000000000E+003  8.293860175187595E-027  1.024745165229895E+000
  1.300000000000000E+003  9.171141039215877E-027  1.025171785246507E+000
  1.350000000000000E+003  1.008211089142910E-026  1.025588497773535E+000
  1.400000000000000E+003  1.102501389940364E-026  1.025996071556874E+000
  1.450000000000000E+003  1.199813282501722E-026  1.026395178499008E+000
  1.500000000000000E+003  1.299979440086232E-026  1.026786409996283E+000
  1.550000000000000E+003  1.402837328399914E-026  1.027170289893174E+000
  1.600000000000000E+003  1.508229485225597E-026  1.027547284871631E+000
  1.650000000000000E+003  1.616003706041654E-026  1.027917812869771E+000
  1.700000000000000E+003  1.726013153480238E-026  1.028282249968267E+000
  1.750000000000000E+003  1.838116405308413E-026  1.028640936072026E+000
  1.800000000000000E+003  1.952177453022463E-026  1.028994179635205E+000
  1.850000000000000E+003  2.068065661016630E-026  1.029342261619402E+000
  1.900000000000000E+003  2.185655694535817E-026  1.029685438831964E+000
  1.950000000000000E+003  2.304827423177622E-026  1.030023946759105E+000
  2.000000000000000E+003  2.425465805516386E-026  1.030358001984437E+000
  2.050000000000000E+003  2.547460759435819E-026  1.030687804264700E+000
  2.100000000000000E+003  2.670707021939867E-026  1.031013538320401E+000
  2.150000000000000E+003  2.795104001534606E-026  1.031335375387890E+000
  2.200000000000000E+003  2.920555625712228E-026  1.031653474570591E+000
  2.250000000000000E+003  3.046970185601704E-026  1.031967984020414E+000
  2.300000000000000E+003  3.174260179463450E-026  1.032279041974666E+000
  2.350000000000000E+003  3.302342156383267E-026  1.032586777669625E+000
  2.400000000000000E+003  3.431136561253441E-026  1.032891312148235E+000
  2.450000000000000E+003  3.560567581906743E-026  1.033192758976547E+000
  2.500000000000000E+003  3.690562999084342E-026  1.033491224881309E+000
  2.550000000000000E+003  3.821054039765990E-026  1.033786810318988E+000
  2.600000000000000E+003  3.951975234263692E-026  1.034079609985102E+000
  2.650000000000000E+003  4.083264277375355E-026  1.034369713271361E+000
  2.700000000000000E+003  4.214861893808508E-026  1.034657204676967E+000
  2.750000000000000E+003  4.346711708012552E-026  1.034942164179657E+000
  2.800000000000000E+003  4.478760118500026E-026  1.035224667571166E+000
  2.850000000000000E+003  4.610956176689477E-026  1.035504786761197E+000
  2.900000000000000E+003  4.743251470263673E-026  1.035782590053492E+000
  2.950000000000000E+003  4.875600011005953E-026  1.036058142397027E+000
  3.000000000000000E+003  5.007958127052260E-026  1.036331505615067E+000
  3.050000000000000E+003  5.140284359476907E-026  1.036602738614380E+000
  3.100000000000000E+003  5.272539363114539E-026  1.036871897576733E+000
  3.150000000000000E+003  5.404685811509265E-026  1.037139036134421E+000
  3.200000000000000E+003  5.536688305872925E-026  1.037404205531461E+000
  3.300000000000000E+003  5.799850844133492E-026  1.037939073858114E+000
  3.400000000000000E+003  6.061937416950039E-026  1.038465676344315E+000
  3.500000000000000E+003  6.322738717334252E-026  1.038984449567982E+000
  3.600000000000000E+003  6.582067743445960E-026  1.039495790977073E+000
  3.700000000000000E+003  6.839757834511010E-026  1.040000063738885E+000
  3.800000000000000E+003  7.095660835832182E-026  1.040497600801891E+000
  3.900000000000000E+003  7.349645418323799E-026  1.040988708347309E+000
  4.000000000000000E+003  7.601595547573385E-026  1.041473668745201E+000
  4.100000000000000E+003  7.851409091365676E-026  1.041952743101425E+000
  4.200000000000000E+003  8.098996553725484E-026  1.042426173463232E+000
  4.300000000000000E+003  8.344279923994752E-026  1.042894184738152E+000
  4.400000000000000E+003  8.587191630288387E-026  1.043356986370581E+000
  4.500000000000000E+003  8.827673587581321E-026  1.043814773812512E+000
  4.600000000000000E+003  9.065676331567194E-026  1.044267729818540E+000
  4.700000000000000E+003  9.301158230262415E-026  1.044716025590166E+000
  4.800000000000000E+003  9.534084766096494E-026  1.045159821790318E+000
  4.900000000000000E+003  9.764427881929089E-026  1.045599269445644E+000
  5.000000000000000E+003  9.992165385068348E-026  1.046034510751437E+000
  5.100000000000000E+003  1.021728040393870E-025  1.046465679791706E+000
  5.200000000000000E+003  1.043976089256349E-025  1.046892903185106E+000
  5.300000000000000E+003  1.065959917849364E-025  1.047316300665885E+000
  5.400000000000000E+003  1.087679155023410E-025  1.047735985607628E+000
  5.500000000000000E+003  1.109133788059683E-025  1.048152065496574E+000
  5.600000000000000E+003  1.130324128275030E-025  1.048564642360330E+000
  5.700000000000000E+003  1.151250779604078E-025  1.048973813157005E+000
  5.800000000000000E+003  1.171914609893750E-025  1.049379670129158E+000
  5.900000000000000E+003  1.192316724670154E-025  1.049782301126386E+000
  6.000000000000000E+003  1.212458443160262E-025  1.050181789899863E+000
  6.100000000000000E+003  1.232341276370957E-025  1.050578216371807E+000
  6.200000000000000E+003  1.251966907046255E-025  1.050971656882398E+000
  6.300000000000000E+003  1.271337171339949E-025  1.051362184416433E+000
  6.400000000000000E+003  1.290454042055708E-025  1.051749868811736E+000
  6.500000000000000E+003  1.309319613320161E-025  1.052134776951052E+000
  6.600000000000000E+003  1.327936086566519E-025  1.052516972939054E+000
  6.700000000000000E+003  1.346305757717328E-025  1.052896518265797E+000
  6.800000000000000E+003  1.364431005464825E-025  1.053273471957933E+000
  6.900000000000000E+003  1.382314280556382E-025  1.053647890718722E+000
  7.000000000000000E+003  1.399958096000642E-025  1.054019829057916E+000
  7.100000000000000E+003  1.417365018117360E-025  1.054389339412342E+000
  7.200000000000000E+003  1.434537658360683E-025  1.054756472257995E+000
  7.300000000000000E+003  1.451478665851584E-025  1.055121276214428E+000
  7.400000000000000E+003  1.468190720560869E-025  1.055483798141961E+000
  7.500000000000000E+003  1.484676527089025E-025  1.055844083232425E+000
  7.600000000000000E+003  1.500938808993838E-025  1.056202175093898E+000
  7.700000000000000E+003  1.516980303620895E-025  1.056558115829903E+000
  7.800000000000000E+003  1.532803757395771E-025  1.056911946113550E+000
  8.000000000000000E+003  1.563594275479031E-025  1.057618258930966E+000
  8.200000000000000E+003  1.593550920929544E-025  1.058316113358498E+000
  8.400000000000000E+003  1.622695973341546E-025  1.059005833587503E+000
  8.600000000000000E+003  1.651051431791276E-025  1.059687721925554E+000
  8.800000000000000E+003  1.678638962366253E-025  1.060362060913029E+000
  9.000000000000000E+003  1.705479853594951E-025  1.061029115157470E+000
  9.200000000000000E+003  1.731594980716486E-025  1.061689132946568E+000
  9.400000000000000E+003  1.757004777892832E-025  1.062342347675099E+000
  9.600000000000000E+003  1.781729217278333E-025  1.062988979112641E+000
  9.800000000000000E+003  1.805787793926665E-025  1.063629234533862E+000
  1.000000000000000E+004  1.829199515629912E-025  1.064263309729381E+000
  1.020000000000000E+004  1.851982896902680E-025  1.064891389912506E+000
  1.040000000000000E+004  1.874155956433896E-025  1.065513650534739E+000
  1.060000000000000E+004  1.895736217426070E-025  1.066130258021094E+000
  1.080000000000000E+004  1.916740710326494E-025  1.066741370434743E+000
  1.100000000000000E+004  1.937185977527913E-025  1.067347138079107E+000
  1.120000000000000E+004  1.957088079678771E-025  1.067947704044542E+000
  1.140000000000000E+004  1.976462603297000E-025  1.068543204705691E+000
  1.160000000000000E+004  1.995324669427071E-025  1.069133770174920E+000
  1.180000000000000E+004  2.013688943119428E-025  1.069719524716456E+000
  1.200000000000000E+004  2.031569643544955E-025  1.070300587125390E+000
  1.220000000000000E+004  2.048980554585843E-025  1.070877071075065E+000
  1.240000000000000E+004  2.065935035768804E-025  1.071449085436115E+000
  1.260000000000000E+004  2.082446033427526E-025  1.072016734569874E+000
  1.280000000000000E+004  2.098526091999369E-025  1.072580118598687E+000
  1.300000000000000E+004  2.114187365376532E-025  1.073139333655304E+000
  1.320000000000000E+004  2.129441628245162E-025  1.073694472113318E+000
  1.340000000000000E+004  2.144300287357168E-025  1.074245622800375E+000
  1.360000000000000E+004  2.158774392689023E-025  1.074792871195751E+000
  1.380000000000000E+004  2.172874648450207E-025  1.075336299613631E+000
  1.400000000000000E+004  2.186611423910822E-025  1.075875987373406E+000
  1.420000000000000E+004  2.199994764024091E-025  1.076412010958044E+000
  1.440000000000000E+004  2.213034399824407E-025  1.076944444161589E+000
  1.460000000000000E+004  2.225739758586089E-025  1.077473358226673E+000
  1.480000000000000E+004  2.238119973731601E-025  1.077998821972880E+000
  1.500000000000000E+004  2.250183894481262E-025  1.078520901916671E+000
  1.520000000000000E+004  2.261940095238979E-025  1.079039662383585E+000
  1.540000000000000E+004  2.273396884710960E-025  1.079555165613286E+000
  1.560000000000000E+004  2.284562314756106E-025  1.080067471858021E+000
  1.580000000000000E+004  2.295444188968436E-025  1.080576639475028E+000
  1.600000000000000E+004  2.306050070993217E-025  1.081082725013275E+000
  1.620000000000000E+004  2.316387292579589E-025  1.081585783295020E+000
  1.640000000000000E+004  2.326462961373252E-025  1.082085867492544E+000
  1.660000000000000E+004  2.336283968453682E-025  1.082583029200399E+000
  1.680000000000000E+004  2.345856995620831E-025  1.083077318503492E+000
  1.700000000000000E+004  2.355188522436699E-025  1.083568784041331E+000
  1.720000000000000E+004  2.364284833027665E-025  1.084057473068643E+000
  1.740000000000000E+004  2.373152022653571E-025  1.084543431512662E+000
  1.760000000000000E+004  2.381796004049864E-025  1.085026704027289E+000
  1.780000000000000E+004  2.390222513549193E-025  1.085507334044326E+000
  1.800000000000000E+004  2.398437116988912E-025  1.085985363822011E+000
  1.820000000000000E+004  2.406445215411002E-025  1.086460834490991E+000
  1.840000000000000E+004  2.414252050560941E-025  1.086933786097908E+000
  1.860000000000000E+004  2.421862710191904E-025  1.087404257646785E+000
  1.880000000000000E+004  2.429282133180737E-025  1.087872287138292E+000
  1.900000000000000E+004  2.436515114461970E-025  1.088337911607064E+000
  1.920000000000000E+004  2.443566309786073E-025  1.088801167157195E+000
  1.940000000000000E+004  2.450440240307991E-025  1.089262088995977E+000
  1.960000000000000E+004  2.457141297011927E-025  1.089720711466036E+000
  1.980000000000000E+004  2.463673744978113E-025  1.090177068075941E+000
  2.000000000000000E+004  2.470041727497227E-025  1.090631191529365E+000
