! time                    frank_diameter          perfect_diameter        faulted_diameter        void_diameter           
  0.000000000000000E+000  0.000000000000000E+000  0.000000000000000E+000  0.000000000000000E+000  4.035482754078670E+000
  0.000000000000000E+000  0.000000000000000E+000  0.000000000000000E+000  0.000000000000000E+000  4.035482754078670E+000
  1.000000000000000E-001  3.781632171089463E-001  4.141873852329817E-001  4.747530017866095E-001  4.035474474117114E+000
  2.000000000000000E-001  3.783248110168635E-001  4.143897272562108E-001  4.743613933383792E-001  4.035466141552804E+000
  3.000000000000000E-001  3.784922095258072E-001  4.145826033746754E-001  4.739608498119961E-001  4.035457857151606E+000
  4.000000000000000E-001  3.786435665745551E-001  4.147685962275494E-001  4.736058000490579E-001  4.035449609571215E+000
  5.000000000000000E-001  3.787881966426835E-001  4.149477680157347E-001  4.732756761210686E-001  4.035441397414330E+000
  6.000000000000000E-001  3.789292218175507E-001  4.151202253946288E-001  4.729647753453761E-001  4.035433219331660E+000
  8.000000000000000E-001  3.792381883986401E-001  4.154398550692479E-001  4.723532917465068E-001  4.035416989927282E+000
  1.000000000000000E+000  3.795287275495829E-001  4.157354328232108E-001  4.718525483662409E-001  4.035400878070278E+000
  1.200000000000000E+000  3.798092697922126E-001  4.160085483308587E-001  4.714457701203971E-001  4.035384875374584E+000
  1.400000000000000E+000  3.800834832181586E-001  4.162607618394888E-001  4.711252997819906E-001  4.035368974217690E+000
  1.600000000000000E+000  3.803532439357185E-001  4.164935778242120E-001  4.708859231642974E-001  4.035353167672731E+000
  1.800000000000000E+000  3.806196269307139E-001  4.167084259261725E-001  4.707229330005254E-001  4.035337449441777E+000
  2.000000000000000E+000  3.808833029664062E-001  4.169066514101218E-001  4.706315631684033E-001  4.035321813793471E+000
  2.500000000000000E+000  3.816068970335676E-001  4.173168397409613E-001  4.708160874274885E-001  4.035283170335024E+000
  3.000000000000000E+000  3.822945228499619E-001  4.176552196380212E-001  4.713176149646988E-001  4.035244912938635E+000
  3.500000000000000E+000  3.829594037140392E-001  4.179341351449284E-001  4.720449924109693E-001  4.035206993189147E+000
  4.000000000000000E+000  3.836083538905537E-001  4.181637731036731E-001  4.729314858141130E-001  4.035169371487028E+000
  4.500000000000000E+000  3.842452965486421E-001  4.183525405846412E-001  4.739263304160148E-001  4.035132015242083E+000
  5.000000000000000E+000  3.848726814614943E-001  4.185073778832216E-001  4.749905620402113E-001  4.035094897486015E+000
  6.000000000000000E+000  3.861965466266721E-001  4.187206328976100E-001  4.773413008515430E-001  4.035021463057298E+000
  7.000000000000000E+000  3.874675760252246E-001  4.188648198800549E-001  4.796176193326420E-001  4.034948717312966E+000
  8.000000000000000E+000  3.887010546705223E-001  4.189598854686234E-001  4.817785700991052E-001  4.034876578259156E+000
  9.000000000000000E+000  3.899057221215370E-001  4.190200212587772E-001  4.838095642398681E-001  4.034804985326202E+000
  1.000000000000000E+001  3.910869838238494E-001  4.190553587576720E-001  4.857106849393670E-001  4.034733893193393E+000
  1.100000000000000E+001  3.922483927444623E-001  4.190731449574621E-001  4.874895654826570E-001  4.034663267479957E+000
  1.200000000000000E+001  3.933924021575681E-001  4.190785688891099E-001  4.891571230066846E-001  4.034593081704513E+000
  1.400000000000000E+001  3.957665448772701E-001  4.190622823701899E-001  4.922579279325496E-001  4.034454334127449E+000
  1.600000000000000E+001  3.980480191912531E-001  4.190326214957822E-001  4.950196621494589E-001  4.034317112805264E+000
  1.800000000000000E+001  4.002561978321629E-001  4.189967502311218E-001  4.975200867976323E-001  4.034181345195202E+000
  2.000000000000000E+001  4.024032202117769E-001  4.189586030736473E-001  4.998120968556836E-001  4.034046974144639E+000
  2.200000000000000E+001  4.044972295840070E-001  4.189203195638164E-001  5.019327205793527E-001  4.033913952261982E+000
  2.400000000000000E+001  4.065440049850995E-001  4.188830414892919E-001  5.039087342046304E-001  4.033782238632639E+000
  2.600000000000000E+001  4.085478461313368E-001  4.188473572321048E-001  5.057601867843801E-001  4.033651796866192E+000
  2.800000000000000E+001  4.105120824788461E-001  4.188135492035854E-001  5.075026148686476E-001  4.033522593905122E+000
  3.000000000000000E+001  4.124393809076996E-001  4.187817315124744E-001  5.091484380210692E-001  4.033394599273875E+000
  3.500000000000000E+001  4.173893097220740E-001  4.187104634312520E-001  5.129331474341897E-001  4.033081792780987E+000
  4.000000000000000E+001  4.220542308430471E-001  4.186509983251388E-001  5.162688955443301E-001  4.032775800081192E+000
  4.500000000000000E+001  4.264875678179753E-001  4.186022179508095E-001  5.192516430570102E-001  4.032476295079714E+000
  5.000000000000000E+001  4.307246546361492E-001  4.185630896657161E-001  5.219473143247667E-001  4.032182984189327E+000
  5.500000000000000E+001  4.347905920463602E-001  4.185327030837921E-001  5.244034060914723E-001  4.031895600754128E+000
  6.000000000000000E+001  4.387042453716528E-001  4.185102659479426E-001  5.266555088603541E-001  4.031613900830351E+000
  6.500000000000000E+001  4.424804356486082E-001  4.184950904733037E-001  5.287312170894188E-001  4.031337659897702E+000
  7.000000000000000E+001  4.461312163260381E-001  4.184865783610793E-001  5.306525750163748E-001  4.031066670240276E+000
  7.500000000000000E+001  4.496666570605032E-001  4.184842070768456E-001  5.324376503279988E-001  4.030800738825541E+000
  8.000000000000000E+001  4.530953475331749E-001  4.184875180447684E-001  5.341015687068356E-001  4.030539685562935E+000
  9.000000000000000E+001  4.598684516616711E-001  4.185076888420742E-001  5.370943628181307E-001  4.030035928212540E+000
  1.000000000000000E+002  4.662333036664475E-001  4.185461353513227E-001  5.397381473281165E-001  4.029549360799177E+000
  1.100000000000000E+002  4.722487729632749E-001  4.186007515851962E-001  5.420985030309503E-001  4.029078943878078E+000
  1.200000000000000E+002  4.779594826096167E-001  4.186697985089995E-001  5.442254526712643E-001  4.028623739045901E+000
  1.300000000000000E+002  4.834004647577265E-001  4.187518218623409E-001  5.461578578791589E-001  4.028182894224240E+000
  1.400000000000000E+002  4.885999822875094E-001  4.188455891666869E-001  5.479263220657281E-001  4.027755631892697E+000
  1.500000000000000E+002  4.935813351972784E-001  4.189500433649431E-001  5.495552160612266E-001  4.027341239524924E+000
  1.600000000000000E+002  4.983640710014301E-001  4.190642681876492E-001  5.510641445542185E-001  4.026939061704180E+000
  1.700000000000000E+002  5.029648272253433E-001  4.191874618922996E-001  5.524690324535072E-001  4.026548493542743E+000
  1.800000000000000E+002  5.073979367961263E-001  4.193189170642448E-001  5.537829410440357E-001  4.026168975129973E+000
  1.900000000000000E+002  5.116758748679893E-001  4.194580048754211E-001  5.550166864746741E-001  4.025799986803779E+000
  2.000000000000000E+002  5.158095962018374E-001  4.196041626638974E-001  5.561793111939536E-001  4.025441045089657E+000
  2.100000000000000E+002  5.198087949169189E-001  4.197568840178829E-001  5.572784449766883E-001  4.025091699187198E+000
  2.200000000000000E+002  5.236821078793413E-001  4.199157107740916E-001  5.583205826550294E-001  4.024751527910198E+000
  2.300000000000000E+002  5.274372763260980E-001  4.200802264929044E-001  5.593112988494507E-001  4.024420137006058E+000
  2.400000000000000E+002  5.310812759877364E-001  4.202500510867637E-001  5.602554149702452E-001  4.024097156794896E+000
  2.500000000000000E+002  5.346204230739495E-001  4.204248363575860E-001  5.611571299967580E-001  4.023782240080219E+000
  2.600000000000000E+002  5.380604615043763E-001  4.206042622571953E-001  5.620201237033808E-001  4.023475060291775E+000
  2.700000000000000E+002  5.414066353796237E-001  4.207880337290555E-001  5.628476388570074E-001  4.023175309828107E+000
  2.800000000000000E+002  5.446637497227582E-001  4.209758780231797E-001  5.636425472928123E-001  4.022882698571946E+000
  2.900000000000000E+002  5.478362241071905E-001  4.211675426226053E-001  5.644074035670860E-001  4.022596952554637E+000
  2.950000000000000E+002  5.493803232856711E-001  4.212652977054689E-001  5.647807295112797E-001  4.022455755641307E+000
  3.000000000000000E+002  5.509054132928196E-001  4.213639242482941E-001  5.651473044607164E-001  4.022316202904714E+000
  3.010000000000000E+002  5.512063757030874E-001  4.213838401676140E-001  5.652200527670037E-001  4.022288357657025E+000
  3.020000000000000E+002  5.515066187186621E-001  4.214037892892297E-001  5.652925409075493E-001  4.022260577453861E+000
  3.030000000000000E+002  5.518061446761401E-001  4.214237900134393E-001  5.653647709578239E-001  4.022232862050619E+000
  3.035000000000000E+002  5.519555278187621E-001  4.214337798754743E-001  5.654008032925998E-001  4.022219020507690E+000
  3.040000000000000E+002  5.521047335790500E-001  4.214437977873464E-001  5.654367717301017E-001  4.022205195095124E+000
  3.045000000000000E+002  5.522537623362521E-001  4.214538209176129E-001  5.654726765152138E-001  4.022191385782563E+000
  3.050000000000000E+002  5.524026144970254E-001  4.214638589189536E-001  5.655085178781294E-001  4.022177592540825E+000
  3.055000000000000E+002  5.525512902624028E-001  4.214738990971050E-001  5.655442960787800E-001  4.022163815336708E+000
  3.056000000000000E+002  5.525809865628766E-001  4.214759371613420E-001  5.655514463182446E-001  4.022161060537540E+000
  3.058000000000000E+002  5.526403669771602E-001  4.214799510005608E-001  5.655657381673338E-001  4.022155553501547E+000
  3.060000000000000E+002  5.526997193417167E-001  4.214839670049786E-001  5.655800199525745E-001  4.022150049026278E+000
  3.065000000000000E+002  5.528480437765589E-001  4.214940114761194E-001  5.656156724429225E-001  4.022136303813194E+000
  3.070000000000000E+002  5.529961929484630E-001  4.215040797833361E-001  5.656512624569691E-001  4.022122574548378E+000
  3.075000000000000E+002  5.531441673470346E-001  4.215141410474165E-001  5.656867901927386E-001  4.022108861200202E+000
  3.080000000000000E+002  5.532919672317551E-001  4.215242280104549E-001  5.657222558853250E-001  4.022095163738950E+000
  3.081000000000000E+002  5.533214888877308E-001  4.215262777150386E-001  5.657293437311155E-001  4.022092424882192E+000
  3.082000000000000E+002  5.533510035988762E-001  4.215282660530146E-001  5.657364290926972E-001  4.022089686660176E+000
  3.084000000000000E+002  5.534100208994792E-001  4.215323073281155E-001  5.657505913523584E-001  4.022084212753202E+000
  3.086000000000000E+002  5.534690104573077E-001  4.215363758481214E-001  5.657647437633164E-001  4.022078741381755E+000
  3.088000000000000E+002  5.535279722501287E-001  4.215404051323315E-001  5.657788863101271E-001  4.022073272544589E+000
  3.090000000000000E+002  5.535869063356361E-001  4.215444461112522E-001  5.657930190170756E-001  4.022067806239365E+000
  3.095000000000000E+002  5.537341851152152E-001  4.215545391186796E-001  5.658282999197504E-001  4.022054156270741E+000
  3.100000000000000E+002  5.538812908538091E-001  4.215646612521684E-001  5.658635196982167E-001  4.022040522070000E+000
  3.105000000000000E+002  5.540282238754972E-001  4.215747788661805E-001  5.658986785378820E-001  4.022026903606246E+000
  3.110000000000000E+002  5.541749845355536E-001  4.215849058361207E-001  5.659337766663860E-001  4.022013300849986E+000
  3.111000000000000E+002  5.542042989547484E-001  4.215869425340683E-001  5.659407911101642E-001  4.022010580927125E+000
  3.112000000000000E+002  5.542336065075316E-001  4.215889794969104E-001  5.659478031367757E-001  4.022007861631973E+000
  3.114000000000000E+002  5.542922096429473E-001  4.215930112057484E-001  5.659618188536953E-001  4.022002425549024E+000
  3.116000000000000E+002  5.543507853279986E-001  4.215970755268456E-001  5.659758249276369E-001  4.021996991973296E+000
  3.118000000000000E+002  5.544093336100707E-001  4.216011374975077E-001  5.659898213621299E-001  4.021991560902744E+000
  3.120000000000000E+002  5.544678545087591E-001  4.216051939404392E-001  5.660038081756212E-001  4.021986132335496E+000
  3.125000000000000E+002  5.546141004361689E-001  4.216153558273800E-001  5.660387254574964E-001  4.021972576536657E+000
  3.130000000000000E+002  5.547601754768219E-001  4.216255126499192E-001  5.660735829308984E-001  4.021959036327940E+000
  3.131000000000000E+002  5.547893531757467E-001  4.216275428500763E-001  5.660805493121815E-001  4.021956328909588E+000
  3.132000000000000E+002  5.548185240636441E-001  4.216295736067511E-001  5.660875133062343E-001  4.021953622114085E+000
  3.134000000000000E+002  5.548768538707727E-001  4.216336454572948E-001  5.661014331035987E-001  4.021948211012393E+000
  3.136000000000000E+002  5.549351563033370E-001  4.216377389996822E-001  5.661153434105801E-001  4.021942802399612E+000
  3.138000000000000E+002  5.549934316106944E-001  4.216418158193456E-001  5.661292442135710E-001  4.021937396273596E+000
  3.140000000000000E+002  5.550516797084045E-001  4.216458809811536E-001  5.661431355215443E-001  4.021931992631473E+000
  3.145000000000000E+002  5.551972440931858E-001  4.216560548717922E-001  5.661778147181931E-001  4.021918499028645E+000
  3.146000000000000E+002  5.552263199734098E-001  4.216580856947933E-001  5.661847455031840E-001  4.021915800927762E+000
  3.148000000000000E+002  5.552844597697513E-001  4.216621667884234E-001  5.661985989785149E-001  4.021910407202617E+000
  3.150000000000000E+002  5.553425725210966E-001  4.216662407090814E-001  5.662124430313531E-001  4.021905015952546E+000
  3.155000000000000E+002  5.554877982154807E-001  4.216764518724767E-001  5.662470044760397E-001  4.021891553272710E+000
  3.156000000000000E+002  5.555168065577801E-001  4.216784948688020E-001  5.662539117429534E-001  4.021888861353672E+000
  3.158000000000000E+002  5.555748112961940E-001  4.216825779697389E-001  5.662677182469958E-001  4.021883479984245E+000
  3.160000000000000E+002  5.556327891023397E-001  4.216866453285868E-001  5.662815153808280E-001  4.021878101080119E+000
  3.165000000000000E+002  5.557776775456100E-001  4.216968730249102E-001  5.663159598545272E-001  4.021864669205178E+000
  3.170000000000000E+002  5.559223977251923E-001  4.217070946680867E-001  5.663503461908272E-001  4.021851252689394E+000
  3.171000000000000E+002  5.559513052308049E-001  4.217091526045280E-001  5.663572184970191E-001  4.021848570000003E+000
  3.172000000000000E+002  5.559802060420632E-001  4.217112296322126E-001  5.663640884944839E-001  4.021845887925181E+000
  3.174000000000000E+002  5.560379957918143E-001  4.217152867330224E-001  5.663778205183932E-001  4.021840526226817E+000
  3.176000000000000E+002  5.560957587122431E-001  4.217193621099434E-001  5.663915432774882E-001  4.021835166980384E+000
  3.178000000000000E+002  5.561534949501864E-001  4.217234657803009E-001  5.664052568034771E-001  4.021829810182781E+000
  3.180000000000000E+002  5.562112044817512E-001  4.217275580084833E-001  5.664189611014178E-001  4.021824455832083E+000
  3.185000000000000E+002  5.563554223325194E-001  4.217378164927634E-001  5.664531741862111E-001  4.021811085227571E+000
  3.190000000000000E+002  5.564994732883366E-001  4.217480739258075E-001  5.664873299464582E-001  4.021797729867388E+000
  3.195000000000000E+002  5.566433577164419E-001  4.217583332375019E-001  5.665214285703358E-001  4.021784389722205E+000
  3.200000000000000E+002  5.567870759540706E-001  4.217686090743372E-001  5.665554702745500E-001  4.021771064764365E+000
  3.201000000000000E+002  5.568157836684288E-001  4.217706423847873E-001  5.665622737483138E-001  4.021768400379384E+000
  3.202000000000000E+002  5.568444847548503E-001  4.217727266342714E-001  5.665690749612701E-001  4.021765736601749E+000
  3.204000000000000E+002  5.569018751144367E-001  4.217768185886355E-001  5.665826695968211E-001  4.021760411471792E+000
  3.206000000000000E+002  5.569592390605584E-001  4.217809288384781E-001  5.665962551695878E-001  4.021755088765577E+000
  3.208000000000000E+002  5.570165765729225E-001  4.217850389331808E-001  5.666098316953335E-001  4.021749768481341E+000
  3.210000000000000E+002  5.570738876926298E-001  4.217891580186770E-001  5.666233991938339E-001  4.021744450617580E+000
  3.215000000000000E+002  5.572171096559221E-001  4.217994484816793E-001  5.666572712475584E-001  4.021731171060254E+000
  3.220000000000000E+002  5.573601667588507E-001  4.218097492570474E-001  5.666910871740634E-001  4.021717906577579E+000
  3.225000000000000E+002  5.575030592950107E-001  4.218200607605351E-001  5.667248471724462E-001  4.021704657141746E+000
  3.230000000000000E+002  5.576457876038843E-001  4.218303798559087E-001  5.667585514444817E-001  4.021691422725552E+000
  3.235000000000000E+002  5.577883521093074E-001  4.218406830215445E-001  5.667922001468306E-001  4.021678203299738E+000
  3.236000000000000E+002  5.578168296691887E-001  4.218427875691043E-001  5.667989251658174E-001  4.021675560014330E+000
  3.238000000000000E+002  5.578737731436588E-001  4.218468873201878E-001  5.668123675735118E-001  4.021670275837422E+000
  3.240000000000000E+002  5.579306905086651E-001  4.218510350390275E-001  5.668258011454144E-001  4.021664994055046E+000
  3.245000000000000E+002  5.580729283305261E-001  4.218613559214470E-001  5.668593393272605E-001  4.021651804533279E+000
  3.250000000000000E+002  5.582150032679597E-001  4.218717069285179E-001  5.668928225602757E-001  4.021638629920155E+000
  3.255000000000000E+002  5.583569155512307E-001  4.218820594004762E-001  5.669262510392458E-001  4.021625470190995E+000
  3.256000000000000E+002  5.583852631112959E-001  4.218840981975109E-001  5.669329320453446E-001  4.021622838838947E+000
  3.258000000000000E+002  5.584419465169943E-001  4.218882553709569E-001  5.669462865786715E-001  4.021617578513073E+000
  3.260000000000000E+002  5.584986040142538E-001  4.218923785441764E-001  5.669596323762885E-001  4.021612320562641E+000
  3.265000000000000E+002  5.586401923558695E-001  4.219027574064904E-001  5.669929518103799E-001  4.021599190513605E+000
  3.270000000000000E+002  5.587816189884431E-001  4.219131428047112E-001  5.670262170722477E-001  4.021586075264009E+000
  3.275000000000000E+002  5.589228844891514E-001  4.219235062523519E-001  5.670594282902834E-001  4.021572974785223E+000
  3.276000000000000E+002  5.589511030228775E-001  4.219255783922373E-001  5.670660659224038E-001  4.021570355279770E+000
  3.278000000000000E+002  5.590075284233387E-001  4.219297492865048E-001  5.670793338156015E-001  4.021565118629925E+000
  3.280000000000000E+002  5.590639281586732E-001  4.219338921253322E-001  5.670925930971821E-001  4.021559884338283E+000
  3.285000000000000E+002  5.592048721371725E-001  4.219442831737713E-001  5.671256968239047E-001  4.021546813326618E+000
  3.290000000000000E+002  5.593456557134622E-001  4.219546874515844E-001  5.671587471062739E-001  4.021533757006265E+000
  3.295000000000000E+002  5.594862793378547E-001  4.219650835746714E-001  5.671917441061465E-001  4.021520715348974E+000
  3.296000000000000E+002  5.595143698597748E-001  4.219671709797490E-001  5.671983389602275E-001  4.021518107603353E+000
  3.298000000000000E+002  5.595705393122689E-001  4.219713361460862E-001  5.672115213812353E-001  4.021512894455237E+000
  3.300000000000000E+002  5.596266833657790E-001  4.219754964613039E-001  5.672246953115992E-001  4.021507683648370E+000
  3.305000000000000E+002  5.597669880613662E-001  4.219859186033281E-001  5.672575862944440E-001  4.021494671242433E+000
  3.306000000000000E+002  5.597950149620357E-001  4.219880079891606E-001  5.672641599814178E-001  4.021492069345554E+000
  3.308000000000000E+002  5.598510572174284E-001  4.219921743237263E-001  5.672773001128318E-001  4.021486867885477E+000
  3.310000000000000E+002  5.599070741044265E-001  4.219963418130349E-001  5.672904318176500E-001  4.021481668757835E+000
  3.315000000000000E+002  5.600470610920021E-001  4.220067818088136E-001  5.673232175287493E-001  4.021468685497281E+000
  3.316000000000000E+002  5.600750246345949E-001  4.220088677464614E-001  5.673297701882278E-001  4.021466089426871E+000
  3.318000000000000E+002  5.601309400842990E-001  4.220131159879587E-001  5.673428683672673E-001  4.021460899614112E+000
  3.320000000000000E+002  5.601868303582852E-001  4.220172272749593E-001  5.673559581321105E-001  4.021455712123681E+000
  3.321000000000000E+002  5.602147623277384E-001  4.220193263494160E-001  5.673625003363579E-001  4.021453118959279E+000
  3.322000000000000E+002  5.602426879841264E-001  4.220214062444847E-001  5.673690404493513E-001  4.021450526375411E+000
  3.324000000000000E+002  5.602985277726840E-001  4.220255919030338E-001  5.673821135186115E-001  4.021445343528682E+000
  3.326000000000000E+002  5.603543423694809E-001  4.220297705680760E-001  5.673951782535670E-001  4.021440163001487E+000
  3.328000000000000E+002  5.604101317600523E-001  4.220339482767300E-001  5.674082346691951E-001  4.021434984791781E+000
  3.330000000000000E+002  5.604658959805777E-001  4.220381288154013E-001  5.674212827706819E-001  4.021429808897375E+000
  3.331000000000000E+002  5.604937649583379E-001  4.220402484828728E-001  5.674278041695470E-001  4.021427221529182E+000
  3.332000000000000E+002  5.605216276601263E-001  4.220423192653732E-001  5.674343234888355E-001  4.021424634739391E+000
  3.334000000000000E+002  5.605773416013002E-001  4.220464887924181E-001  5.674473550003573E-001  4.021419463472017E+000
  3.336000000000000E+002  5.606330303755023E-001  4.220507068052409E-001  5.674603782604831E-001  4.021414294515750E+000
  3.338000000000000E+002  5.606886940985049E-001  4.220548719049030E-001  5.674733932427803E-001  4.021409127868074E+000
  3.340000000000000E+002  5.607443327394011E-001  4.220590681792025E-001  5.674863999801085E-001  4.021403963528118E+000
  3.341000000000000E+002  5.607721389743586E-001  4.220611624182967E-001  5.674929007081095E-001  4.021401381935454E+000
  3.342000000000000E+002  5.607999389877992E-001  4.220632530311943E-001  5.674993993724284E-001  4.021398800918471E+000
  3.344000000000000E+002  5.608555275476048E-001  4.220674402568406E-001  5.675123896353297E-001  4.021393641188327E+000
  3.346000000000000E+002  5.609110911130023E-001  4.220716287949622E-001  5.675253716770938E-001  4.021388483760089E+000
  3.348000000000000E+002  5.609666296757027E-001  4.220758535312540E-001  5.675383455357383E-001  4.021383328634263E+000
  3.350000000000000E+002  5.610221432424672E-001  4.220800272249992E-001  5.675513111848858E-001  4.021378175806177E+000
  3.355000000000000E+002  5.611608722288659E-001  4.220905201203874E-001  5.675836829106152E-001  4.021365308083923E+000
  3.360000000000000E+002  5.612994451345013E-001  4.221010100250628E-001  5.676160036812450E-001  4.021352454682633E+000
  3.361000000000000E+002  5.613271266402873E-001  4.221031162344053E-001  5.676224634989453E-001  4.021349884574807E+000
  3.362000000000000E+002  5.613548019705366E-001  4.221051864737660E-001  5.676289212751778E-001  4.021347315038209E+000
  3.364000000000000E+002  5.614101411606551E-001  4.221094146431273E-001  5.676418298774979E-001  4.021342178254288E+000
  3.366000000000000E+002  5.614654555009165E-001  4.221136318597333E-001  5.676547303827957E-001  4.021337043756374E+000
  3.368000000000000E+002  5.615207450481653E-001  4.221178261101284E-001  5.676676227831787E-001  4.021331911542343E+000
  3.370000000000000E+002  5.615760098200331E-001  4.221220253676274E-001  5.676805070941238E-001  4.021326781610704E+000
  3.375000000000000E+002  5.617141170048922E-001  4.221325398977714E-001  5.677126760319741E-001  4.021313971024324E+000
  3.380000000000000E+002  5.618520694569855E-001  4.221430773499870E-001  5.677447947436368E-001  4.021301174655952E+000
  3.381000000000000E+002  5.618796271808019E-001  4.221451560080929E-001  5.677512141947151E-001  4.021298615950197E+000
  3.382000000000000E+002  5.619071787446466E-001  4.221472560954701E-001  5.677576316396101E-001  4.021296057812520E+000
  3.384000000000000E+002  5.619622705326948E-001  4.221514850136598E-001  5.677704596710543E-001  4.021290943808737E+000
  3.386000000000000E+002  5.620173376599706E-001  4.221556806345897E-001  5.677832796903335E-001  4.021285832073720E+000
  3.388000000000000E+002  5.620723802115833E-001  4.221599228731222E-001  5.677960917426593E-001  4.021280722607066E+000
  3.390000000000000E+002  5.621273981367098E-001  4.221641155083361E-001  5.678088958010313E-001  4.021275615405897E+000
  3.395000000000000E+002  5.622648883410469E-001  4.221746691103624E-001  5.678408646840704E-001  4.021262861543978E+000
  3.400000000000000E+002  5.624022249778927E-001  4.221852265880103E-001  5.678727839944367E-001  4.021250121797723E+000
  3.405000000000000E+002  5.625394083296439E-001  4.221957669161773E-001  5.679046538657943E-001  4.021237396139897E+000
  3.406000000000000E+002  5.625668126376452E-001  4.221978993738316E-001  5.679110236400693E-001  4.021234851572046E+000
  3.408000000000000E+002  5.626216099804656E-001  4.222020894712685E-001  5.679237563971631E-001  4.021229764686308E+000
  3.410000000000000E+002  5.626763829160387E-001  4.222063311684532E-001  5.679364812940382E-001  4.021224680050798E+000
  3.415000000000000E+002  5.628132608192422E-001  4.222168992127145E-001  5.679682528088390E-001  4.021211982501550E+000
  3.420000000000000E+002  5.629499863773295E-001  4.222274642362750E-001  5.679999753854409E-001  4.021199298965437E+000
  3.421000000000000E+002  5.629772993633400E-001  4.222295814887795E-001  5.680063157368238E-001  4.021196762818445E+000
  3.422000000000000E+002  5.630046062911308E-001  4.222316966888047E-001  5.680126541344620E-001  4.021194227231308E+000
  3.424000000000000E+002  5.630592088410934E-001  4.222359503042721E-001  5.680253242588439E-001  4.021189158296555E+000
  3.426000000000000E+002  5.631137871668841E-001  4.222401708980991E-001  5.680379865830756E-001  4.021184091597956E+000
  3.428000000000000E+002  5.631683412594274E-001  4.222444093641570E-001  5.680506411321268E-001  4.021179027134613E+000
  3.430000000000000E+002  5.632228711332371E-001  4.222486517742170E-001  5.680632879205314E-001  4.021173964905306E+000
  3.435000000000000E+002  5.633591415664362E-001  4.222592369126813E-001  5.680948646831830E-001  4.021161323269901E+000
  3.440000000000000E+002  5.634952607965854E-001  4.222698335483001E-001  5.681263931673626E-001  4.021148695547901E+000
  3.441000000000000E+002  5.635224528288176E-001  4.222719838215421E-001  5.681326947658999E-001  4.021146170560116E+000
  3.442000000000000E+002  5.635496388558731E-001  4.222740750499860E-001  5.681389944270917E-001  4.021143646127864E+000
  3.444000000000000E+002  5.636039996948391E-001  4.222783164534314E-001  5.681515871458471E-001  4.021138599485796E+000
  3.446000000000000E+002  5.636583364684521E-001  4.222825688323255E-001  5.681641721844505E-001  4.021133555064784E+000
  3.448000000000000E+002  5.637126491830184E-001  4.222868219819538E-001  5.681767495567341E-001  4.021128512863394E+000
  3.450000000000000E+002  5.637669378808168E-001  4.222910610248198E-001  5.681893192602770E-001  4.021123472879545E+000
  3.455000000000000E+002  5.639026055443207E-001  4.223016596024075E-001  5.682207038281144E-001  4.021110886757770E+000
  3.460000000000000E+002  5.640381231230562E-001  4.223122988658367E-001  5.682520407803859E-001  4.021098314451640E+000
  3.461000000000000E+002  5.640651951576960E-001  4.223144219508095E-001  5.682583041158477E-001  4.021095800542640E+000
  3.462000000000000E+002  5.640922612179076E-001  4.223165539314737E-001  5.682645655518405E-001  4.021093287185619E+000
  3.464000000000000E+002  5.641463821695789E-001  4.223208055153878E-001  5.682770819069806E-001  4.021088262678536E+000
  3.466000000000000E+002  5.642004792378864E-001  4.223250650030621E-001  5.682895906833925E-001  4.021083240376600E+000
  3.468000000000000E+002  5.642545524476106E-001  4.223293197257018E-001  5.683020918863642E-001  4.021078220277988E+000
  3.470000000000000E+002  5.643086018193602E-001  4.223335744012336E-001  5.683145855258050E-001  4.021073202381253E+000
  3.475000000000000E+002  5.644436712138435E-001  4.223442291351498E-001  5.683457804988757E-001  4.021060671381502E+000
  3.480000000000000E+002  5.645785917730657E-001  4.223548605471467E-001  5.683769284463069E-001  4.021048154098026E+000
  3.490000000000000E+002  5.648481529543864E-001  4.223761985437437E-001  5.684390637330567E-001  4.021023174226044E+000
  3.495000000000000E+002  5.649826279279354E-001  4.223868433079078E-001  5.684700715912751E-001  4.021010697934385E+000
  3.496000000000000E+002  5.650094920509902E-001  4.223889697341482E-001  5.684762691974856E-001  4.021008203220814E+000
  3.498000000000000E+002  5.650632092089503E-001  4.223932473376245E-001  5.684886580427914E-001  4.021003215974172E+000
  3.500000000000000E+002  5.651169027917856E-001  4.223975239942261E-001  5.685010394758275E-001  4.020998230906286E+000
  3.505000000000000E+002  5.652510829893590E-001  4.224082128332036E-001  5.685319546855583E-001  4.020985781833012E+000
  3.510000000000000E+002  5.653851160318522E-001  4.224189114157638E-001  5.685628238230009E-001  4.020973346331892E+000
  3.520000000000000E+002  5.656529042020962E-001  4.224402617695294E-001  5.686244044045673E-001  4.020948529448263E+000
  3.530000000000000E+002  5.659201057999899E-001  4.224616752777845E-001  5.686858026889641E-001  4.020923766483686E+000
  3.540000000000000E+002  5.661867221648864E-001  4.224831297304745E-001  5.687470197699377E-001  4.020899057255886E+000
  3.545000000000000E+002  5.663197319566264E-001  4.224938223568401E-001  5.687775704187097E-001  4.020886716043653E+000
  3.546000000000000E+002  5.663463036922292E-001  4.224959864788887E-001  5.687836767231846E-001  4.020884248337300E+000
  3.548000000000000E+002  5.663994362251962E-001  4.225002796091571E-001  5.687958831596834E-001  4.020879315066546E+000
  3.550000000000000E+002  5.664525456343948E-001  4.225045744850764E-001  5.688080824185818E-001  4.020874383936248E+000
  3.555000000000000E+002  5.665852657805351E-001  4.225153157840415E-001  5.688385433742222E-001  4.020862069472144E+000
  3.560000000000000E+002  5.667178415908720E-001  4.225260614501745E-001  5.688689597351644E-001  4.020849768338670E+000
  3.561000000000000E+002  5.667443267606368E-001  4.225282103976442E-001  5.688750392130862E-001  4.020847308644848E+000
  3.562000000000000E+002  5.667708061798296E-001  4.225303647103090E-001  5.688811169116942E-001  4.020844849483952E+000
  3.564000000000000E+002  5.668237541124513E-001  4.225346698640933E-001  5.688932662045156E-001  4.020839933292199E+000
  3.566000000000000E+002  5.668766790610789E-001  4.225389708451507E-001  5.689054083902585E-001  4.020835019228779E+000
  3.568000000000000E+002  5.669295810198490E-001  4.225432917952511E-001  5.689175434935088E-001  4.020830107292751E+000
  3.570000000000000E+002  5.669824600330601E-001  4.225475905187824E-001  5.689296715081528E-001  4.020825197482044E+000
  3.575000000000000E+002  5.671146044481585E-001  4.225583440448825E-001  5.689599548400258E-001  4.020812936219081E+000
  3.576000000000000E+002  5.671410035573313E-001  4.225604991936673E-001  5.689660077493081E-001  4.020810484496621E+000
  3.578000000000000E+002  5.671937909055277E-001  4.225648110215749E-001  5.689781075183332E-001  4.020805583171452E+000
  3.580000000000000E+002  5.672465553777652E-001  4.225691076122000E-001  5.689902002395488E-001  4.020800683963984E+000
  3.585000000000000E+002  5.673784118919678E-001  4.225798974599204E-001  5.690203956870231E-001  4.020788449174330E+000
  3.586000000000000E+002  5.674047538891452E-001  4.225820466025517E-001  5.690264310252495E-001  4.020786002742468E+000
  3.588000000000000E+002  5.674574270779058E-001  4.225863412751838E-001  5.690384956788817E-001  4.020781111990805E+000
  3.590000000000000E+002  5.675100774416058E-001  4.225906897397746E-001  5.690505533584518E-001  4.020776223350492E+000
  3.595000000000000E+002  5.676416495501840E-001  4.226014729993194E-001  5.690806614042090E-001  4.020764014928171E+000
  3.596000000000000E+002  5.676679346367498E-001  4.226036403404024E-001  5.690866792982315E-001  4.020761573769176E+000
  3.598000000000000E+002  5.677204939653540E-001  4.226079404858726E-001  5.690987090782977E-001  4.020756693550995E+000
  3.600000000000000E+002  5.677730306561941E-001  4.226122590574228E-001  5.691107319208318E-001  4.020751815440912E+000
  3.601000000000000E+002  5.677992873816798E-001  4.226144327395800E-001  5.691167411294457E-001  4.020749376911555E+000
  3.602000000000000E+002  5.678255384471504E-001  4.226165775028081E-001  5.691227485994648E-001  4.020746938907287E+000
  3.604000000000000E+002  5.678780295221716E-001  4.226208814869316E-001  5.691347575397986E-001  4.020742065013580E+000
  3.606000000000000E+002  5.679304982224612E-001  4.226252096055707E-001  5.691467595861840E-001  4.020737193206649E+000
  3.608000000000000E+002  5.679829444858899E-001  4.226295578629352E-001  5.691587546265627E-001  4.020732323539510E+000
  3.610000000000000E+002  5.680353676763145E-001  4.226338828453062E-001  5.691707428021371E-001  4.020727455963506E+000
  3.611000000000000E+002  5.680615678593486E-001  4.226360339486814E-001  5.691767347027989E-001  4.020725022679125E+000
  3.612000000000000E+002  5.680877623933532E-001  4.226382095149026E-001  5.691827248844508E-001  4.020722589918484E+000
  3.614000000000000E+002  5.681401406779035E-001  4.226425341949090E-001  5.691946993336148E-001  4.020717726490418E+000
  3.616000000000000E+002  5.681924964075570E-001  4.226468597950550E-001  5.692066669029471E-001  4.020712865153762E+000
  3.618000000000000E+002  5.682448295948903E-001  4.226511873260670E-001  5.692186276021628E-001  4.020708005907189E+000
  3.620000000000000E+002  5.682971402533856E-001  4.226555145382126E-001  5.692305814396244E-001  4.020703148749326E+000
  3.625000000000000E+002  5.684278642069071E-001  4.226663384228136E-001  5.692604305006859E-001  4.020691018889170E+000
  3.630000000000000E+002  5.685584475054711E-001  4.226771640173393E-001  5.692902368966346E-001  4.020678902040823E+000
  3.640000000000000E+002  5.688193441779421E-001  4.226988313842768E-001  5.693497038290753E-001  4.020654720232139E+000
  3.660000000000000E+002  5.693400526695024E-001  4.227421886835733E-001  5.694680593142362E-001  4.020606562892835E+000
  3.680000000000000E+002  5.698585227778665E-001  4.227856347973397E-001  5.695857489671383E-001  4.020558610410714E+000
  3.700000000000000E+002  5.703747713130290E-001  4.228291689201241E-001  5.697027810346382E-001  4.020510861379788E+000
  3.750000000000000E+002  5.716600029847149E-001  4.229380943669264E-001  5.699920200424544E-001  4.020392741723522E+000
  3.800000000000000E+002  5.729315133530786E-001  4.230475461555357E-001  5.702773459834756E-001  4.020275853902849E+000
  3.900000000000000E+002  5.754472007317254E-001  4.232670283236071E-001  5.708351515972738E-001  4.020046861727225E+000
  4.000000000000000E+002  5.779098904906097E-001  4.234884357051245E-001  5.713787892051583E-001  4.019822497771691E+000
  4.200000000000000E+002  5.827269902739913E-001  4.239329815234230E-001  5.724214371392609E-001  4.019391261403261E+000
  4.400000000000000E+002  5.873476565724942E-001  4.243839623010490E-001  5.734170250498490E-001  4.018976454876421E+000
  4.600000000000000E+002  5.917859811222480E-001  4.248406345436660E-001  5.743701787052229E-001  4.018577104703530E+000
  4.800000000000000E+002  5.960545256997604E-001  4.253023249280264E-001  5.752848518663611E-001  4.018192316024106E+000
  5.000000000000000E+002  6.001645511186949E-001  4.257684269655709E-001  5.761644527740538E-001  4.017821264503373E+000
  5.500000000000000E+002  6.099786893424856E-001  4.269273024786323E-001  5.782079343447752E-001  4.016969956475497E+000
  6.000000000000000E+002  6.189483728827962E-001  4.281037960562873E-001  5.800931820546464E-001  4.016185576165964E+000
  6.500000000000000E+002  6.271953771358157E-001  4.292923340791465E-001  5.818455995694846E-001  4.015460248115472E+000
  7.000000000000000E+002  6.348164634234222E-001  4.304884803824418E-001  5.834844786856501E-001  4.014787312583966E+000
  7.500000000000000E+002  6.418900381768953E-001  4.316886954553765E-001  5.850248423772274E-001  4.014161095626887E+000
  8.000000000000000E+002  6.484806637802989E-001  4.328901430397926E-001  5.864786302689970E-001  4.013576730277347E+000
  8.500000000000000E+002  6.546422213911609E-001  4.340905429854520E-001  5.878554983612949E-001  4.013030015841014E+000
  9.000000000000000E+002  6.604201931246931E-001  4.352880583789255E-001  5.891633771230880E-001  4.012517306035829E+000
  9.050000000000000E+002  6.609717605947177E-001  4.354095681562431E-001  5.892918486625193E-001  4.012466364278617E+000
  9.100000000000000E+002  6.615200726776655E-001  4.355310353701775E-001  5.894196886656692E-001  4.012415748594702E+000
  9.200000000000000E+002  6.626085271014711E-001  4.357733761254957E-001  5.896732308865473E-001  4.012315798833733E+000
  9.400000000000000E+002  6.647530070453622E-001  4.362556656019857E-001  5.901719334618850E-001  4.012120850071917E+000
  9.600000000000000E+002  6.668480046150838E-001  4.367370308240256E-001  5.906611889989104E-001  4.011930662453197E+000
  9.800000000000000E+002  6.688953768608896E-001  4.372174060694872E-001  5.911413362975979E-001  4.011745056356310E+000
  1.000000000000000E+003  6.708968847602228E-001  4.376967291203405E-001  5.916126967131649E-001  4.011563861320832E+000
  1.050000000000000E+003  6.757402583371609E-001  4.388784205130716E-001  5.927480104033089E-001  4.011136372504680E+000
  1.100000000000000E+003  6.803256793369996E-001  4.400527859551462E-001  5.938354539032302E-001  4.010732217357099E+000
  1.200000000000000E+003  6.888732272988747E-001  4.423435902108354E-001  5.958631179179272E-001  4.010004609965503E+000
  1.300000000000000E+003  6.966038171795240E-001  4.446013872863774E-001  5.977407964596553E-001  4.009345926965133E+000
  1.400000000000000E+003  7.036407347382685E-001  4.468239823629201E-001  5.994860242686841E-001  4.008746605436193E+000
  1.500000000000000E+003  7.100822194194341E-001  4.490101367025683E-001  6.011130927538554E-001  4.008198795698481E+000
  1.600000000000000E+003  7.160077995788244E-001  4.511592896383939E-001  6.026339101734347E-001  4.007695992809271E+000
  1.700000000000000E+003  7.214827230865631E-001  4.532713562826545E-001  6.040585520717300E-001  4.007232759562003E+000
  1.800000000000000E+003  7.265611434688698E-001  4.553465845973895E-001  6.053956478076468E-001  4.006804515434857E+000
  2.000000000000000E+003  7.357498214973585E-001  4.593177305731533E-001  6.077983605340344E-001  4.006063122571139E+000
  2.200000000000000E+003  7.437973677581805E-001  4.631562368615941E-001  6.099398356483008E-001  4.005415048662099E+000
  2.400000000000000E+003  7.509214790122807E-001  4.668676404819066E-001  6.118553382535510E-001  4.004843789613905E+000
  2.600000000000000E+003  7.572854703269586E-001  4.704580236224533E-001  6.135735954560432E-001  4.004336605685245E+000
  2.800000000000000E+003  7.630147368267767E-001  4.739335790126463E-001  6.151183543783911E-001  4.003883506726508E+000
  3.000000000000000E+003  7.682074433580477E-001  4.773003691423511E-001  6.165094772934020E-001  4.003476548288804E+000
  3.200000000000000E+003  7.729417197001900E-001  4.805642011111860E-001  6.177637499236888E-001  4.003109332969701E+000
  3.400000000000000E+003  7.772806465394897E-001  4.837305672014583E-001  6.188954894081690E-001  4.002776650490450E+000
  3.500000000000000E+003  7.793163223305328E-001  4.852941912585262E-001  6.194297840528865E-001  4.002618223504594E+000
  3.600000000000000E+003  7.812720078008791E-001  4.868347395858212E-001  6.199367293973689E-001  4.002467206652580E+000
  3.700000000000000E+003  7.831527229086266E-001  4.883528379209134E-001  6.204177589631262E-001  4.002323139927556E+000
  3.800000000000000E+003  7.849630644357419E-001  4.898490911502812E-001  6.208741998617784E-001  4.002185603786367E+000
  4.000000000000000E+003  7.883911065626932E-001  4.927528224369681E-001  6.217013102439889E-001  4.001934141922048E+000
  4.500000000000000E+003  7.959922990902070E-001  4.995147751743628E-001  6.233371401248534E-001  4.001424516868247E+000
  5.000000000000000E+003  8.024687548472053E-001  5.058665305906804E-001  6.245993368275933E-001  4.001008834119583E+000
  5.500000000000000E+003  8.080704428716821E-001  5.118511666008959E-001  6.255523205921372E-001  4.000669126927657E+000
  6.000000000000000E+003  8.129759468800151E-001  5.175055948997057E-001  6.262480396821690E-001  4.000392135766880E+000
  6.500000000000000E+003  8.173167532818265E-001  5.228615543197996E-001  6.267286312261734E-001  4.000167818979406E+000
  7.000000000000000E+003  8.211921130547417E-001  5.279464672633180E-001  6.270285510345436E-001  3.999988395911843E+000
  7.500000000000000E+003  8.246785373362193E-001  5.327841535797476E-001  6.271762087963730E-001  3.999847713912459E+000
  8.000000000000000E+003  8.278360813159787E-001  5.373954164500161E-001  6.271952158112702E-001  3.999740818569872E+000
  8.500000000000000E+003  8.307126276636145E-001  5.417985210815882E-001  6.271053402279724E-001  3.999663655094070E+000
  9.000000000000000E+003  8.333468815900409E-001  5.460095861224813E-001  6.269232433396467E-001  3.999612856444919E+000
  1.000000000000000E+004  8.379993636677544E-001  5.537770743325285E-001  6.262865249196001E-001  3.999598839225611E+000
  1.100000000000000E+004  8.420031518411288E-001  5.609531163125322E-001  6.254501603376535E-001  3.999656282784719E+000
  1.200000000000000E+004  8.454939932207406E-001  5.676102302663171E-001  6.244707101609719E-001  3.999772862438889E+000
  1.300000000000000E+004  8.485711252879770E-001  5.738082925171295E-001  6.233919297042448E-001  3.999938900648714E+000
  1.400000000000000E+004  8.513089959113878E-001  5.795973057545828E-001  6.222476648541889E-001  4.000146635145617E+000
  1.500000000000000E+004  8.537646821155628E-001  5.850194623672784E-001  6.210640812553274E-001  4.000389732181950E+000
  1.600000000000000E+004  8.559827632644540E-001  5.901106998386275E-001  6.198613715200375E-001  4.000662952044263E+000
  1.800000000000000E+004  8.598258155870133E-001  5.992517600879519E-001  6.174637516824504E-001  4.001301368753404E+000
  2.000000000000000E+004  8.630708264128428E-001  6.074291440488907E-001  6.151386180075021E-001  4.002007894445101E+000
  2.200000000000000E+004  8.658562249755363E-001  6.147869997294676E-001  6.129284576672955E-001  4.002764867451766E+000
  2.400000000000000E+004  8.682796518644346E-001  6.214396202292485E-001  6.108549886313480E-001  4.003558995050472E+000
  2.600000000000000E+004  8.704121796964565E-001  6.274792153873421E-001  6.089268015454885E-001  4.004380107063240E+000
  2.800000000000000E+004  8.723069030324537E-001  6.329813008343115E-001  6.071442808777874E-001  4.005220305221716E+000
  3.000000000000000E+004  8.740043643320533E-001  6.380085273295959E-001  6.055028222916512E-001  4.006073370051944E+000
  3.200000000000000E+004  8.755361082596262E-001  6.426134642844910E-001  6.039949439980515E-001  4.006934342097403E+000
  3.400000000000000E+004  8.769270821273191E-001  6.468406639670393E-001  6.026116673615342E-001  4.007799224109007E+000
  3.600000000000000E+004  8.781973000302390E-001  6.507282195015351E-001  6.013434101528139E-001  4.008664768091699E+000
  3.800000000000000E+004  8.793630230633551E-001  6.543089593673921E-001  6.001805533718050E-001  4.009528321900102E+000
  4.000000000000000E+004  8.804376132379029E-001  6.576113761412566E-001  5.991137894083545E-001  4.010387717345970E+000
  4.500000000000000E+004  8.827797721210919E-001  6.646903553267579E-001  5.968897381803059E-001  4.012489228779937E+000
  5.000000000000000E+004  8.847561212989663E-001  6.705433920267576E-001  5.950470644876230E-001  4.014531280767715E+000
  5.500000000000000E+004  8.864506556521943E-001  6.753890143134108E-001  5.935156909980680E-001  4.016507365884980E+000
  6.000000000000000E+004  8.879226108689855E-001  6.793956555840327E-001  5.922331168303964E-001  4.018415298821965E+000
  6.500000000000000E+004  8.892151316392611E-001  6.826957963519832E-001  5.911489108174098E-001  4.020255608848065E+000
  7.000000000000000E+004  8.903604859614129E-001  6.853953925214017E-001  5.902235411625758E-001  4.022030441328615E+000
  7.500000000000000E+004  8.913833538014116E-001  6.875803960638120E-001  5.894262702133886E-001  4.023742822249791E+000
  8.000000000000000E+004  8.923029784813610E-001  6.893213918418608E-001  5.887331930949073E-001  4.025396182238769E+000
  9.000000000000000E+004  8.938786657093749E-001  6.917706876948477E-001  5.876203199367699E-001  4.028492880385470E+000
  1.000000000000000E+005  8.951958521089451E-001  6.930626135187828E-001  5.867271727167057E-001  4.031405450731303E+000
  1.100000000000000E+005  8.963129930561612E-001  6.934482566149064E-001  5.859973554034922E-001  4.034155574118514E+000
  1.200000000000000E+005  8.972717194387623E-001  6.931157849541912E-001  5.853903264894316E-001  4.036761947831974E+000
  1.300000000000000E+005  8.981025966944666E-001  6.922091877105980E-001  5.848776382651666E-001  4.039240584240607E+000
  1.400000000000000E+005  8.988286376202046E-001  6.908405671599952E-001  5.844389868423263E-001  4.041605188977014E+000
  1.500000000000000E+005  8.994675410488118E-001  6.890984861220674E-001  5.840595542527049E-001  4.043867520472436E+000
  1.600000000000000E+005  9.000331691594116E-001  6.870537928787315E-001  5.837282871636152E-001  4.046037703164171E+000
  1.800000000000000E+005  9.009720231732948E-001  6.826694589810250E-001  5.831911724810624E-001  4.050068678393710E+000
  2.000000000000000E+005  9.017315837784319E-001  6.776158509668567E-001  5.827603322061580E-001  4.053840908077428E+000
  2.200000000000000E+005  9.023536616570967E-001  6.721219880454097E-001  5.824091717481525E-001  4.057392659450165E+000
  2.400000000000000E+005  9.028681006355921E-001  6.663508180571315E-001  5.821190691645994E-001  4.060754449412900E+000
  2.600000000000000E+005  9.032967848442046E-001  6.604202798994500E-001  5.818768350645521E-001  4.063950910865841E+000
  2.800000000000000E+005  9.036561314679877E-001  6.544167848238488E-001  5.816728591547150E-001  4.067002157018211E+000
  3.000000000000000E+005  9.039586993007338E-001  6.484041539993703E-001  5.814999631609680E-001  4.069924785546234E+000
  3.500000000000000E+005  9.044967306679785E-001  6.351589543573951E-001  5.811818921598466E-001  4.076592339651056E+000
  4.000000000000000E+005  9.048560899251732E-001  6.222500196468009E-001  5.809603719694680E-001  4.082753620889716E+000
  4.500000000000000E+005  9.050922689369445E-001  6.099282161755302E-001  5.808064143880418E-001  4.088498986678566E+000
  5.000000000000000E+005  9.052410635159807E-001  5.983136115460168E-001  5.807013887796241E-001  4.093895173028301E+000
  5.500000000000000E+005  9.053264404812524E-001  5.874518031300161E-001  5.806328513137364E-001  4.098992820061183E+000
  6.000000000000000E+005  9.053649554863117E-001  5.773453499166227E-001  5.805921701181386E-001  4.103831322623257E+000
  6.500000000000000E+005  9.053683484825489E-001  5.679720966391308E-001  5.805731689983623E-001  4.108442031725888E+000
  7.000000000000000E+005  9.053451309042962E-001  5.592961793598861E-001  5.805713132126523E-001  4.112850412847584E+000
  8.000000000000000E+005  9.052278532490147E-001  5.451473380604154E-001  5.806074701094550E-001  4.120991314415541E+000
  9.000000000000000E+005  9.050689178722203E-001  5.328073932835092E-001  5.806778997381011E-001  4.128576968005425E+000
  1.000000000000000E+006  9.048851268744901E-001  5.220559820752123E-001  5.807722180974355E-001  4.135693062728606E+000
  1.100000000000000E+006  9.046871077993744E-001  5.126795773670767E-001  5.808835337496995E-001  4.142406717081513E+000
  1.200000000000000E+006  9.044817168521218E-001  5.044846257798115E-001  5.810071254103021E-001  4.148771587901004E+000
  1.300000000000000E+006  9.042734449933546E-001  4.973014678381012E-001  5.811396654053100E-001  4.154831267998557E+000
  1.400000000000000E+006  9.040652620024922E-001  4.909840963280458E-001  5.812787528832457E-001  4.160621632715427E+000
  1.600000000000000E+006  9.036486170391903E-001  4.814026127636118E-001  5.815666750081017E-001  4.171309917971514E+000
  1.800000000000000E+006  9.032533271600697E-001  4.735923969654753E-001  5.818634222051555E-001  4.181276819074247E+000
  2.000000000000000E+006  9.028805680630926E-001  4.671672667009776E-001  5.821641416447000E-001  4.190637597262553E+000
  2.200000000000000E+006  9.025300934527040E-001  4.618313752725695E-001  5.824658245364677E-001  4.199478845656222E+000
  2.400000000000000E+006  9.022009487356395E-001  4.573587079315700E-001  5.827665680857633E-001  4.207866634444371E+000
  2.600000000000000E+006  9.018918626363435E-001  4.535760414576920E-001  5.830651552218918E-001  4.215852104814482E+000
  2.800000000000000E+006  9.016014566534263E-001  4.503497938080911E-001  5.833608071166758E-001  4.223475416904185E+000
  3.000000000000000E+006  9.013283549717386E-001  4.475761622592833E-001  5.836530318204582E-001  4.230768598946772E+000
  3.200000000000000E+006  9.010712400529525E-001  4.451738095645114E-001  5.839415287315635E-001  4.237757636433932E+000
  3.400000000000000E+006  9.008288784880472E-001  4.430784538532160E-001  5.842261266979366E-001  4.244464019310477E+000
  3.600000000000000E+006  9.006001305986404E-001  4.412388585144948E-001  5.845067430124991E-001  4.250905893233504E+000
  3.800000000000000E+006  9.003839512738381E-001  4.396138456950023E-001  5.847833557371651E-001  4.257098916344207E+000
  4.000000000000000E+006  9.001793862378104E-001  4.381700580644972E-001  5.850559847268678E-001  4.263056894306133E+000
  4.200000000000000E+006  8.999855661093040E-001  4.368802692278855E-001  5.853246784469852E-001  4.268792247217565E+000
  4.400000000000000E+006  8.998016995780171E-001  4.357220984290980E-001  5.855895047165975E-001  4.274316348777999E+000
  4.600000000000000E+006  8.996270664305678E-001  4.346770250227137E-001  5.858505441530947E-001  4.279639768635068E+000
  4.800000000000000E+006  8.994610108181863E-001  4.337296267537734E-001  5.861078855006092E-001  4.284772441864335E+000
  5.000000000000000E+006  8.993029349618076E-001  4.328669863619026E-001  5.863616222877015E-001  4.289723784241487E+000
  5.200000000000000E+006  8.991522933776649E-001  4.320782257368485E-001  5.866118504324715E-001  4.294502767858105E+000
  5.400000000000000E+006  8.990085876429141E-001  4.313541374645208E-001  5.868586665289283E-001  4.299117968388349E+000
  5.600000000000000E+006  8.988713616860459E-001  4.306868912972346E-001  5.871021666268071E-001  4.303577592725965E+000
  5.800000000000000E+006  8.987401975689908E-001  4.300697986939159E-001  5.873424453709414E-001  4.307889493635994E+000
  6.000000000000000E+006  8.986147117199049E-001  4.294971226951710E-001  5.875795954038868E-001  4.312061176401699E+000
  6.200000000000000E+006  8.984945515733247E-001  4.289639234413762E-001  5.878137069618893E-001  4.316099801119270E+000
  6.400000000000000E+006  8.983793925752528E-001  4.284659319055657E-001  5.880448676131114E-001  4.320012183240383E+000
  6.600000000000000E+006  8.982689355133067E-001  4.279994461080391E-001  5.882731621005565E-001  4.323804794139116E+000
  6.800000000000000E+006  8.981629041353365E-001  4.275612453576539E-001  5.884986722618670E-001  4.327483762843349E+000
  7.000000000000000E+006  8.980610430235227E-001  4.271485190348782E-001  5.887214770053614E-001  4.331054879589388E+000
  7.200000000000000E+006  8.979631156944451E-001  4.267588071729207E-001  5.889416523268686E-001  4.334523601502089E+000
  7.400000000000000E+006  8.978689028989746E-001  4.263899506633415E-001  5.891592713558703E-001  4.337895060447530E+000
  7.600000000000000E+006  8.977782010988921E-001  4.260400493538280E-001  5.893744044222470E-001  4.341174072929689E+000
  7.800000000000000E+006  8.976908210998886E-001  4.257074266495115E-001  5.895871191372009E-001  4.344365151790029E+000
  8.000000000000000E+006  8.976065868230515E-001  4.253905994985370E-001  5.897974804834587E-001  4.347472519403638E+000
  8.200000000000000E+006  8.975253341991265E-001  4.250882528549175E-001  5.900055509111244E-001  4.350500122036850E+000
  8.400000000000000E+006  8.974469101717784E-001  4.247992178800231E-001  5.902113904364630E-001  4.353451645027895E+000
  8.600000000000000E+006  8.973711717977010E-001  4.245224532782362E-001  5.904150567416093E-001  4.356330528467469E+000
  8.800000000000000E+006  8.972979854329466E-001  4.242570292698500E-001  5.906166052737269E-001  4.359139983083262E+000
  9.000000000000000E+006  8.972272259960872E-001  4.240021137909085E-001  5.908160893425167E-001  4.361883006066704E+000
  9.200000000000000E+006  8.971587762999670E-001  4.237569605798049E-001  5.910135602153460E-001  4.364562396618293E+000
  9.400000000000000E+006  8.970925264447719E-001  4.235208988674885E-001  5.912090672094553E-001  4.367180771026315E+000
  9.600000000000000E+006  8.970283732659875E-001  4.232933244347035E-001  5.914026577808883E-001  4.369740577131727E+000
  9.800000000000000E+006  8.969662198315861E-001  4.230736918379042E-001  5.915943776099306E-001  4.372244108067181E+000
  1.000000000000000E+007  8.969059749833974E-001  4.228615076369718E-001  5.917842706829426E-001  4.374693515190227E+000
  1.020000000000000E+007  8.968475529182370E-001  4.226563244838788E-001  5.919723793705675E-001  4.377090820159243E+000
  1.040000000000000E+007  8.967908728048347E-001  4.224577359530581E-001  5.921587445023011E-001  4.379437926125455E+000
  1.060000000000000E+007  8.967358584330392E-001  4.222653720122266E-001  5.923434054375095E-001  4.381736628034888E+000
  1.080000000000000E+007  8.966824378921904E-001  4.220788950474433E-001  5.925264001329736E-001  4.383988622051650E+000
  1.100000000000000E+007  8.966305432758600E-001  4.218979963688029E-001  5.927077652070841E-001  4.386195514127297E+000
  1.120000000000000E+007  8.965801104104913E-001  4.217223931337548E-001  5.928875360007888E-001  4.388358827752319E+000
  1.140000000000000E+007  8.965310786056926E-001  4.215518256339996E-001  5.930657466354408E-001  4.390480010932954E+000
  1.160000000000000E+007  8.964833904242133E-001  4.213860548994655E-001  5.932424300676935E-001  4.392560442442842E+000
  1.180000000000000E+007  8.964369914698017E-001  4.212248605792974E-001  5.934176181415526E-001  4.394601437402077E+000
  1.200000000000000E+007  8.963918301913617E-001  4.210680390652535E-001  5.935913416377669E-001  4.396604252238051E+000
  1.220000000000000E+007  8.963478577019492E-001  4.209154018275437E-001  5.937636303206353E-001  4.398570089083092E+000
  1.240000000000000E+007  8.963050276113248E-001  4.207667739371477E-001  5.939345129824405E-001  4.400500099662721E+000
  1.260000000000000E+007  8.962632958708909E-001  4.206219927520426E-001  5.941040174855413E-001  4.402395388727097E+000
  1.280000000000000E+007  8.962226206299563E-001  4.204809067477023E-001  5.942721708023541E-001  4.404257017075451E+000
  1.300000000000000E+007  8.961829621023795E-001  4.203433744747551E-001  5.944389990532436E-001  4.406086004220728E+000
  1.320000000000000E+007  8.961442824427194E-001  4.202092636288556E-001  5.946045275425128E-001  4.407883330738374E+000
  1.340000000000000E+007  8.961065456311329E-001  4.200784502197041E-001  5.947687807925388E-001  4.409649940339748E+000
  1.360000000000000E+007  8.960697173662817E-001  4.199508178277716E-001  5.949317825762034E-001  4.411386741707172E+000
  1.380000000000000E+007  8.960337649656305E-001  4.198262569386989E-001  5.950935559476800E-001  4.413094610124221E+000
  1.400000000000000E+007  8.959986572725347E-001  4.197046643465637E-001  5.952541232717034E-001  4.414774388931281E+000
  1.420000000000000E+007  8.959643645695958E-001  4.195859426182706E-001  5.954135062513705E-001  4.416426890833191E+000
  1.440000000000000E+007  8.959308584977926E-001  4.194699996122493E-001  5.955717259545683E-001  4.418052899082698E+000
  1.460000000000000E+007  8.958981119809453E-001  4.193567480454571E-001  5.957288028391279E-001  4.419653168560289E+000
  1.480000000000000E+007  8.958660991551166E-001  4.192461051033860E-001  5.958847567767475E-001  4.421228426768402E+000
  1.500000000000000E+007  8.958347953025656E-001  4.191379920883989E-001  5.960396070757475E-001  4.422779374755487E+000
  1.520000000000000E+007  8.958041767899350E-001  4.190323341022546E-001  5.961933725027606E-001  4.424306687983051E+000
  1.540000000000000E+007  8.957742210103394E-001  4.189290597591657E-001  5.963460713033849E-001  4.425811017146642E+000
  1.560000000000000E+007  8.957449063290908E-001  4.188281009261431E-001  5.964977212218407E-001  4.427292988960148E+000
  1.580000000000000E+007  8.957162120327899E-001  4.187293924877546E-001  5.966483395197343E-001  4.428753206910803E+000
  1.600000000000000E+007  8.956881182815430E-001  4.186328721327447E-001  5.967979429939516E-001  4.430192251991057E+000
  1.620000000000000E+007  8.956606060640898E-001  4.185384801602462E-001  5.969465479937192E-001  4.431610683412304E+000
  1.640000000000000E+007  8.956336571556334E-001  4.184461593035730E-001  5.970941704368742E-001  4.433009039303929E+000
  1.660000000000000E+007  8.956072540781905E-001  4.183558545697940E-001  5.972408258254389E-001  4.434387837400811E+000
  1.680000000000000E+007  8.955813800632855E-001  4.182675130934952E-001  5.973865292604270E-001  4.435747575721049E+000
  1.700000000000000E+007  8.955560190168347E-001  4.181810840032988E-001  5.975312954560704E-001  4.437088733235461E+000
  1.720000000000000E+007  8.955311554860641E-001  4.180965182998758E-001  5.976751387533571E-001  4.438411770529550E+000
  1.740000000000000E+007  8.955067746283367E-001  4.180137687443085E-001  5.978180731330051E-001  4.439717130458439E+000
  1.760000000000000E+007  8.954828621817571E-001  4.179327897557927E-001  5.979601122278625E-001  4.441005238794651E+000
  1.780000000000000E+007  8.954594044374364E-001  4.178535373177722E-001  5.981012693347816E-001  4.442276504868594E+000
  1.800000000000000E+007  8.954363882133176E-001  4.177759688916876E-001  5.982415574259627E-001  4.443531322201238E+000
  1.820000000000000E+007  8.954138008294452E-001  4.177000433376175E-001  5.983809891598609E-001  4.444770069128379E+000
  1.840000000000000E+007  8.953916300846104E-001  4.176257208411531E-001  5.985195768915792E-001  4.445993109415763E+000
  1.860000000000000E+007  8.953698642342593E-001  4.175529628459253E-001  5.986573326828739E-001  4.447200792864309E+000
  1.880000000000000E+007  8.953484919696113E-001  4.174817319912537E-001  5.987942683117128E-001  4.448393455904639E+000
  1.900000000000000E+007  8.953275023978844E-001  4.174119920544462E-001  5.989303952814778E-001  4.449571422180072E+000
  1.920000000000000E+007  8.953068850235908E-001  4.173437078973249E-001  5.990657248297521E-001  4.450735003117329E+000
  1.940000000000000E+007  8.952866297308049E-001  4.172768454165934E-001  5.992002679367870E-001  4.451884498484254E+000
  1.960000000000000E+007  8.952667267663734E-001  4.172113714977005E-001  5.993340353336006E-001  4.453020196933741E+000
  1.980000000000000E+007  8.952471667239932E-001  4.171472539718908E-001  5.994670375097820E-001  4.454142376533431E+000
  2.000000000000000E+007  8.952279405291051E-001  4.170844615761618E-001  5.995992847209645E-001  4.455251305280424E+000
