! time                    int_density             frank_density           perfect_density         vac_density             faulted_density         void_density            
  0.000000000000000E+000  0.000000000000000E+000  0.000000000000000E+000  0.000000000000000E+000  2.140585232712487E-007  0.000000000000000E+000  0.000000000000000E+000
  1.000000000000000E-001  5.446736798398080E-006  6.863279947602913E-004  1.771902108710748E-005  4.649297713209886E-002  3.314703363828468E-004  2.668979803650678E-011
  2.000000000000001E-001  4.711503004118152E-006  1.371456591685595E-003  1.296617118655322E-005  8.642090970838594E-002  5.568053846013817E-004  5.098417120468320E-011
  3.000000000000002E-001  4.210141111346550E-006  2.055995330374021E-003  1.025900773141686E-005  1.233691481302674E-001  7.482873735595566E-004  7.380701810873924E-011
  4.000000000000003E-001  3.814841275427892E-006  2.740097072972032E-003  8.507619539738744E-006  1.579345831193901E-001  9.275774128528102E-004  9.520770330802788E-011
  5.000000000000003E-001  3.488168062946466E-006  3.423888959114856E-003  7.284802535907033E-006  1.905853707362386E-001  1.104387590071671E-003  1.153661007271582E-010
  6.000000000000004E-001  3.211624095504364E-006  4.107440067797016E-003  6.383265725024695E-006  2.215076198750471E-001  1.283242983394328E-003  1.343256175498015E-010
  7.000000000000005E-001  2.973284306013295E-006  4.790774563648974E-003  5.689162687463858E-006  2.505960474691370E-001  1.468146115183915E-003  1.519634236751090E-010
  8.000000000000006E-001  2.765881552619375E-006  5.473959922769877E-003  5.139732045954476E-006  2.781705665970662E-001  1.660368399314548E-003  1.684681698443737E-010
  9.000000000000007E-001  2.583620469812695E-006  6.157023375134363E-003  4.693818542171509E-006  3.042739665104632E-001  1.861314288032322E-003  1.838399610007633E-010
  1.000000000000001E+000  2.422107644256221E-006  6.839986000026779E-003  4.324424061004402E-006  3.289321245132097E-001  2.072117672003945E-003  1.980838252672532E-010
  1.100000000000001E+000  2.277943511902969E-006  7.522864361475508E-003  4.013178512381004E-006  3.521583215190849E-001  2.293650672991391E-003  2.112110541057995E-010
  1.200000000000001E+000  2.148454133321942E-006  8.205671652326912E-003  3.747163471931711E-006  3.739563775319597E-001  2.526530067252356E-003  2.232402718995832E-010
  1.300000000000001E+000  2.031507502026963E-006  8.888418509674909E-003  3.517039973063623E-006  3.943231365479544E-001  2.771123498779873E-003  2.341976970598469E-010
  1.400000000000001E+000  1.925383236870876E-006  9.571113606058489E-003  3.315896111243125E-006  4.132505818888588E-001  3.027559569188410E-003  2.441163517764456E-010
  1.500000000000001E+000  1.828901732033743E-006  1.025377094614275E-002  3.139088758540589E-006  4.309573484735706E-001  3.293773169608691E-003  2.531895312115660E-010
  1.600000000000001E+000  1.740621708899591E-006  1.093638840221909E-002  2.981858560628263E-006  4.471846073505196E-001  3.571527157488803E-003  2.612794261166713E-010
  1.700000000000001E+000  1.659598004361171E-006  1.161897150363808E-002  2.841131480323918E-006  4.619350115385475E-001  3.860336863397964E-003  2.684399792453492E-010
  1.800000000000001E+000  1.585024625447411E-006  1.230152453420430E-002  2.714442362315981E-006  4.751980866138348E-001  4.159672278212984E-003  2.747123463546367E-010
  1.900000000000001E+000  1.516217895452557E-006  1.298405113159139E-002  2.599810907568746E-006  4.869662479415078E-001  4.468888185820976E-003  2.801333351405953E-010
  2.000000000000001E+000  1.452592251557797E-006  1.366655440341905E-002  2.495628250005106E-006  4.972361325598295E-001  4.787266639122227E-003  2.847347716127377E-010
  2.100000000000001E+000  1.393641707484477E-006  1.434903701870565E-002  2.400574357031062E-006  5.060097787962158E-001  5.114054353568484E-003  2.885436852563265E-010
  2.200000000000002E+000  1.338925550436030E-006  1.503150128073298E-002  2.313556609872050E-006  5.132956346677058E-001  5.448493844335454E-003  2.915831453690147E-010
  2.300000000000002E+000  1.288057226522876E-006  1.571394918571279E-002  2.233662973088295E-006  5.191093779774129E-001  5.789847646411430E-003  2.938735496628604E-010
  2.400000000000002E+000  1.240695635874689E-006  1.639638247048262E-002  2.160125333134146E-006  5.234745348819168E-001  6.137415535105609E-003  2.954341359628286E-010
  2.500000000000002E+000  1.196538247269740E-006  1.707880265162675E-002  2.092290228936869E-006  5.264228882699811E-001  6.490545245817022E-003  2.962844977846922E-010
  2.600000000000002E+000  1.155315580149318E-006  1.776121105781803E-002  2.029595380270527E-006  5.279946717406842E-001  6.848637672176497E-003  2.964459261266890E-010
  2.700000000000002E+000  1.116786708175330E-006  1.844360885673847E-002  1.971551121331816E-006  5.282385488846029E-001  7.211147818030650E-003  2.959424584424061E-010
  2.800000000000002E+000  1.080735524959290E-006  1.912599707761671E-002  1.917726113400783E-006  5.272113810504113E-001  7.577582851180268E-003  2.948015780911055E-010
  2.900000000000002E+000  1.046967585072843E-006  1.980837663018663E-002  1.867736697791010E-006  5.249777903424599E-001  7.947498473728744E-003  2.930545621380497E-010
  3.000000000000002E+000  1.015307393171917E-006  2.049074832069915E-002  1.821239157039451E-006  5.216095289025577E-001  8.320494555842311E-003  2.907365142583344E-010
  3.100000000000002E+000  9.855960600198752E-007  2.117311286549357E-002  1.777924122372647E-006  5.171846710209077E-001  8.696210668387378E-003  2.878861401735204E-010
  3.200000000000002E+000  9.576892754218553E-007  2.185547090253976E-002  1.737512443008788E-006  5.117866512284767E-001  9.074321871882861E-003  2.845453283837041E-010
  3.300000000000002E+000  9.314555650801584E-007  2.253782300128958E-002  1.699751985016762E-006  5.055031785532228E-001  9.454534915231469E-003  2.807585947146878E-010
  3.400000000000002E+000  9.067681264833775E-007  2.322016889132194E-002  1.664390732618004E-006  4.983185179824224E-001  9.836828284590144E-003  2.765158098852086E-010
  3.500000000000002E+000  8.835266580082475E-007  2.390250987174929E-002  1.631254794896010E-006  4.904525453149964E-001  1.022067025339744E-002  2.719323503780678E-010
  3.600000000000001E+000  8.616292414585520E-007  2.458484634682885E-002  1.600156655887501E-006  4.819976890417600E-001  1.060584962651771E-002  2.670562633688559E-010
  3.700000000000001E+000  8.409822478980947E-007  2.526717868025418E-002  1.570927278179804E-006  4.730455571910068E-001  1.099217496476729E-002  2.619352683074925E-010
  3.800000000000001E+000  8.214995166913180E-007  2.594950719984460E-002  1.543414428638430E-006  4.636858621068763E-001  1.137947280449345E-002  2.566162066398881E-010
  3.900000000000000E+000  8.031015826704953E-007  2.663183220162314E-002  1.517480887246334E-006  4.540054379693891E-001  1.176758597219877E-002  2.511445019460067E-010
  4.000000000000000E+000  7.857149707717412E-007  2.731415395336669E-002  1.493002804788731E-006  4.440873641103678E-001  1.215637205326434E-002  2.455636678341046E-010
  4.100000000000000E+000  7.692715549832510E-007  2.799647269770018E-002  1.469868209977617E-006  4.340102031790076E-001  1.254570202772257E-002  2.399148766642107E-010
  4.199999999999999E+000  7.537079839899581E-007  2.867878865479715E-002  1.447975666715028E-006  4.238473603375706E-001  1.293545906829286E-002  2.342365954926558E-010
  4.299999999999999E+000  7.389651771726395E-007  2.936110202474161E-002  1.427233079798562E-006  4.136665675660370E-001  1.332553748834314E-002  2.285642926005237E-010
  4.399999999999999E+000  7.249878928959143E-007  3.004341298959946E-002  1.407556643678086E-006  4.035294952613871E-001  1.371584182413378E-002  2.229302160979256E-010
  4.499999999999998E+000  7.117243678133506E-007  3.072572171524124E-002  1.388869925079183E-006  3.934914912055934E-001  1.410628603444391E-002  2.173632445225681E-010
  4.599999999999998E+000  6.991260225182476E-007  3.140802835295245E-002  1.371103067294496E-006  3.836014444749068E-001  1.449679280057247E-002  2.118888077675944E-010
  4.699999999999998E+000  6.871411383483357E-007  3.209033256945668E-002  1.354193212130524E-006  3.739482469110746E-001  1.488727414065989E-002  2.065556909422548E-010
  4.799999999999997E+000  6.757323097270625E-007  3.277263499229271E-002  1.338080053049627E-006  3.645231453899057E-001  1.527766817506695E-002  2.013559394223460E-010
  4.899999999999997E+000  6.648593934083953E-007  3.345493573438461E-002  1.322709720232412E-006  3.553541332186194E-001  1.566792537933234E-002  1.963039782853301E-010
  4.999999999999996E+000  6.544847686870294E-007  3.413723489917048E-002  1.308032613484487E-006  3.464636016846370E-001  1.605800191101695E-002  1.914111794663456E-010
  5.099999999999996E+000  6.445732474746787E-007  3.481953258150199E-002  1.294003095611688E-006  3.378686911002118E-001  1.644785942247725E-002  1.866860823679732E-010
  5.199999999999996E+000  6.350919824570104E-007  3.550182886845490E-002  1.280579139123912E-006  3.295816937052094E-001  1.683746480876019E-002  1.821346270496676E-010
  5.299999999999995E+000  6.260103820990209E-007  3.618412384006078E-002  1.267722011211207E-006  3.216104923549181E-001  1.722678992208999E-002  1.777604002401570E-010
  5.399999999999995E+000  6.173000280294125E-007  3.686641756996775E-002  1.255395991039586E-006  3.139590203664842E-001  1.761581126855977E-002  1.735648892218649E-010
  5.499999999999995E+000  6.089345915532118E-007  3.754871012603782E-002  1.243568114665258E-006  3.066277294035646E-001  1.800450969516374E-002  1.695477379014536E-010
  5.599999999999994E+000  6.008897471106807E-007  3.823100157088681E-002  1.232207943845386E-006  2.996140539462574E-001  1.839287007180308E-002  1.657069996070699E-010
  5.699999999999994E+000  5.931430814288120E-007  3.891329196237241E-002  1.221287355765971E-006  2.929128626725005E-001  1.878088097134084E-002  1.620393817963988E-010
  5.799999999999994E+000  5.856739979024736E-007  3.959558135403500E-002  1.210780351271673E-006  2.865168888902230E-001  1.916853435017027E-002  1.585404786811135E-010
  5.899999999999993E+000  5.784636163947365E-007  4.027786979549582E-002  1.200662879611457E-006  2.804171339327902E-001  1.955582523158507E-002  1.552049886490350E-010
  5.999999999999993E+000  5.714946691587503E-007  4.096015733281618E-002  1.190912678041262E-006  2.746032391030135E-001  1.994275139423052E-002  1.520269142239794E-010
  6.099999999999993E+000  5.647513939575650E-007  4.164244400882126E-002  1.181509124876414E-006  2.690638232784340E-001  2.032931306793017E-002  1.489997431021255E-010
  6.199999999999992E+000  5.582194256987070E-007  4.232472986339199E-002  1.172433104781584E-006  2.637867846429992E-001  2.071551263915570E-002  1.461166095175152E-010
  6.299999999999992E+000  5.518856880172286E-007  4.300701493372767E-002  1.163666885239373E-006  2.587595661715579E-001  2.110135436830512E-002  1.433704358047805E-010
  6.399999999999991E+000  5.457382862495322E-007  4.368929925458227E-002  1.155194003260817E-006  2.539693854588659E-001  2.148684412077414E-002  1.407540545394088E-010
  6.499999999999991E+000  5.397664031593354E-007  4.437158285847698E-002  1.146999161499944E-006  2.494034302581572E-001  2.187198911355203E-002  1.382603120459536E-010
  6.599999999999991E+000  5.339601986278784E-007  4.505386577589112E-002  1.139068133015977E-006  2.450490216865339E-001  2.225679767876318E-002  1.358821543777758E-010
  6.799999999999991E+000  5.227749451699635E-007  4.641842903009395E-002  1.123941540733149E-006  2.370582078308683E-001  2.302515933489544E-002  1.315172585581080E-010
  6.999999999999991E+000  5.121663536749733E-007  4.778298990736007E-002  1.109720439096859E-006  2.297127186970926E-001  2.379235492204392E-002  1.275034151036000E-010
  7.199999999999991E+000  5.020794154520545E-007  4.914754858881647E-002  1.096322758393803E-006  2.229435463378383E-001  2.455846973871426E-002  1.238030881467816E-010
  7.399999999999991E+000  4.924673712348161E-007  5.051210523630050E-002  1.083676333267402E-006  2.166868572320609E-001  2.532358591423683E-002  1.203814781820992E-010
  7.599999999999992E+000  4.832901404320868E-007  5.187665999505215E-002  1.071717493530176E-006  2.108848066726322E-001  2.608778209459195E-002  1.172070478050015E-010
  7.799999999999992E+000  4.745130326768157E-007  5.324121299593994E-002  1.060389847453858E-006  2.054858030250945E-001  2.685113279928765E-002  1.142516910973029E-010
  7.999999999999992E+000  4.661057182090670E-007  5.460576435731297E-002  1.049643257559800E-006  2.004443844582331E-001  2.761370782643024E-002  1.114906696460660E-010
  8.199999999999992E+000  4.580414188211107E-007  5.597031418655269E-002  1.039432978117091E-006  1.957208456232061E-001  2.837557184354315E-002  1.089024040031683E-010
  8.399999999999991E+000  4.502962793866661E-007  5.733486258138265E-002  1.029718928193503E-006  1.912807220024474E-001  2.913678419160993E-002  1.064681852893882E-010
  8.599999999999991E+000  4.428488824892499E-007  5.869940963098202E-002  1.020465078067028E-006  1.870942113182224E-001  2.989739888089691E-002  1.041718527909002E-010
  8.799999999999990E+000  4.356798734566038E-007  6.006395541693880E-002  1.011638930250655E-006  1.831355869982751E-001  3.065746473862954E-002  1.019994685153828E-010
  8.999999999999989E+000  4.287716687879679E-007  6.142850001407132E-002  1.003211079378368E-006  1.793826390689421E-001  3.141702566537323E-002  9.993900822415704E-011
  9.199999999999989E+000  4.221082265917016E-007  6.279304349114029E-002  9.951548377877798E-007  1.758161629145549E-001  3.217612096100770E-002  9.798007997326118E-011
  9.399999999999988E+000  4.156748626953242E-007  6.415758591146926E-002  9.874459158500866E-007  1.724195055764229E-001  3.293478568814374E-002  9.611367519122915E-011
  9.599999999999987E+000  4.094581003081253E-007  6.552212733348790E-002  9.800621479767105E-007  1.691781719415446E-001  3.369305104838285E-002  9.433195329833435E-011
  9.799999999999986E+000  4.034455444640721E-007  6.688666781120965E-002  9.729832568106206E-007  1.660794885347164E-001  3.445094475378187E-002  9.262805836472586E-011
  9.999999999999986E+000  3.976257750194644E-007  6.825120739465301E-002  9.661906494257148E-007  1.631123199822677E-001  3.520849138174307E-002  9.099596490428643E-011
  1.019999999999999E+001  3.919882538488582E-007  6.961574613021476E-002  9.596672404458672E-007  1.602668319707749E-001  3.596571270617357E-002  8.943034926920257E-011
  1.039999999999998E+001  3.865232432120378E-007  7.098028406100104E-002  9.533972978901723E-007  1.575342942085035E-001  3.672262800121540E-002  8.792648298203606E-011
  1.059999999999998E+001  3.812217331840833E-007  7.234482122712244E-002  9.473663082836594E-007  1.549069171542656E-001  3.747925431630499E-002  8.648014451942062E-011
  1.079999999999998E+001  3.760753766608656E-007  7.370935766595696E-002  9.415608581708253E-007  1.523777168510914E-001  3.823560672297217E-002  8.508754640335801E-011
  1.099999999999998E+001  3.710764308623193E-007  7.507389341238556E-002  9.359685296567487E-007  1.499404029152408E-001  3.899169853482303E-002  8.374527486721334E-011
  1.149999999999998E+001  3.591541299337123E-007  7.848522879173764E-002  9.228327033147829E-007  1.442628755571732E-001  4.088054616260931E-002  8.061662136534228E-011
  1.199999999999998E+001  3.480251518537573E-007  8.189656062004841E-002  9.108026029110477E-007  1.390056883640943E-001  4.276810745151036E-002  7.771875578143402E-011
  1.249999999999998E+001  3.375963857456713E-007  8.530788926880198E-002  8.997449748901360E-007  1.341384520286664E-001  4.465444120323989E-002  7.503542991141065E-011
  1.299999999999998E+001  3.277935125939814E-007  8.871921505739604E-002  8.895469638461365E-007  1.296223322933724E-001  4.653958937784397E-002  7.254540191527113E-011
  1.349999999999998E+001  3.185548422409487E-007  9.213053826233464E-002  8.801124808879758E-007  1.254197041770290E-001  4.842358225482282E-002  7.022801969878783E-011
  1.399999999999998E+001  3.098279510399087E-007  9.554185912441404E-002  8.713592360416321E-007  1.214970227750421E-001  5.030644026962845E-002  6.806486078149873E-011
  1.449999999999998E+001  3.015676373788015E-007  9.895317785444918E-002  8.632163534849517E-007  1.178251959194997E-001  5.218817532765197E-002  6.603994663764357E-011
  1.499999999999998E+001  2.937345375737975E-007  1.023644946378990E-001  8.556224571593866E-007  1.143791594867770E-001  5.406879209887713E-002  6.413950873075321E-011
  1.549999999999998E+001  2.862941094160043E-007  1.057758096386407E-001  8.485241276406953E-007  1.111372816633876E-001  5.594828927886776E-002  6.235166013681048E-011
  1.599999999999998E+001  2.792158465198127E-007  1.091871230020750E-001  8.418746506137897E-007  1.080808016060107E-001  5.782666074354278E-002  6.066608703063380E-011
  1.649999999999998E+001  2.724726529525501E-007  1.125984348577002E-001  8.356329950116269E-007  1.051933539999791E-001  5.970389655700113E-002  5.907378802819022E-011
  1.699999999999998E+001  2.660403368940903E-007  1.160097453212599E-001  8.297629730948767E-007  1.024605801252196E-001  6.157998382365146E-002  5.756686131130271E-011
  1.749999999999998E+001  2.598971961714613E-007  1.194210544965453E-001  8.242325456646011E-007  9.986981241574311E-002  6.345490739426865E-002  5.613833213994017E-011
  1.799999999999998E+001  2.540236762356420E-007  1.228323624769173E-001  8.190132438664596E-007  9.740981816933611E-002  6.532865044340826E-002  5.478201276251766E-011
  1.849999999999998E+001  2.484020859758053E-007  1.262436693465976E-001  8.140796853002450E-007  9.507059011659708E-002  6.720119493743887E-002  5.349238793876117E-011
  1.899999999999998E+001  2.430163601014366E-007  1.296549751817705E-001  8.094091669047317E-007  9.284317407974797E-002  6.907252201142683E-002  5.226452071072053E-011
  1.949999999999998E+001  2.378518592693802E-007  1.330662800515260E-001  8.049813207293005E-007  9.071952613450432E-002  7.094261227096203E-002  5.109397427059265E-011
  1.999999999999998E+001  2.328952009861125E-007  1.364775840186724E-001  8.007778215129476E-007  8.869239340484819E-002  7.281144603261239E-002  4.997674672041580E-011
  2.049999999999998E+001  2.281341157432452E-007  1.398888871404378E-001  7.967821371746103E-007  8.675521393006605E-002  7.467900351441382E-002  4.890921623700598E-011
  2.099999999999998E+001  2.235573239548988E-007  1.433001894690786E-001  7.929793150280185E-007  8.490203203627508E-002  7.654526498579818E-002  4.788809469829511E-011
  2.149999999999998E+001  2.191544301353687E-007  1.467114910524098E-001  7.893557978814570E-007  8.312742639994219E-002  7.841021088465286E-002  4.691038823922239E-011
  2.199999999999998E+001  2.149158314403362E-007  1.501227919342677E-001  7.858992652516274E-007  8.142644856940079E-002  8.027382190779146E-002  4.597336352045516E-011
  2.249999999999998E+001  2.108326382367048E-007  1.535340921549158E-001  7.825984957737738E-007  7.979457015697236E-002  8.213607907994303E-002  4.507451873628539E-011
  2.299999999999998E+001  2.068966047968118E-007  1.569453917514015E-001  7.794432475749925E-007  7.822763726179212E-002  8.399696380541663E-002  4.421155857709239E-011
  2.349999999999998E+001  2.031000685566110E-007  1.603566907578707E-001  7.764241539302982E-007  7.672183095586772E-002  8.585645790581944E-002  4.338237250995038E-011
  2.399999999999998E+001  1.994358966531725E-007  1.637679892058460E-001  7.735326319693841E-007  7.527363288100163E-002  8.771454364657481E-002  4.258501585796389E-011
  2.449999999999998E+001  1.958974386789288E-007  1.671792871244734E-001  7.707608025675533E-007  7.387979517518398E-002  8.957120375447394E-002  4.181769325193918E-011
  2.499999999999998E+001  1.924784847697435E-007  1.705905845407413E-001  7.681014198537148E-007  7.253731408382519E-002  9.142642142807673E-002  4.107874410242739E-011
  2.549999999999998E+001  1.891732282898040E-007  1.740018814796760E-001  7.655478090146710E-007  7.124340672124088E-002  9.328018034243848E-002  4.036662980008723E-011
  2.599999999999998E+001  1.859762324953785E-007  1.774131779645160E-001  7.630938112784685E-007  6.999549053685494E-002  9.513246464936319E-002  3.967992240081924E-011
  2.649999999999998E+001  1.828824006569925E-007  1.808244740168684E-001  7.607337351284515E-007  6.879116511303347E-002  9.698325897415898E-002  3.901729459160134E-011
  2.699999999999998E+001  1.798869491997861E-007  1.842357696568482E-001  7.584623129402833E-007  6.762819598070693E-002  9.883254840968751E-002  3.837751076525666E-011
  2.749999999999998E+001  1.769853834880655E-007  1.876470649032051E-001  7.562746623517871E-007  6.650450018762412E-002  1.006803185083508E-001  3.775941905894245E-011
  2.799999999999998E+001  1.741734759350027E-007  1.910583597734360E-001  7.541662517740785E-007  6.541813339427793E-002  1.025265552725354E-001  3.716194423308864E-011
  2.899999999999998E+001  1.688020642310514E-007  1.978809481051609E-001  7.501692587078000E-007  6.335355154933144E-002  1.062128593661804E-001  3.602666698564280E-011
  2.999999999999998E+001  1.637449931479265E-007  2.047035351429203E-001  7.464425560398948E-007  6.141451527619782E-002  1.098928817804997E-001  3.496069895449485E-011
  3.099999999999998E+001  1.589758009043502E-007  2.115261209875726E-001  7.429597150877256E-007  5.959260718607171E-002  1.135665177077685E-001  3.395941922658915E-011
  3.199999999999998E+001  1.544711649788550E-007  2.183487057281241E-001  7.396976287620985E-007  5.787787578349331E-002  1.172336713449253E-001  3.301731853529019E-011
  3.299999999999999E+001  1.502102030297999E-007  2.251712894434098E-001  7.366360121088621E-007  5.626123832148810E-002  1.208942545724991E-001  3.212936838970185E-011
  3.399999999999999E+001  1.461741383832358E-007  2.319938722034934E-001  7.337569856631047E-007  5.473458621382226E-002  1.245481858481280E-001  3.129108125450630E-011
  3.499999999999999E+001  1.423460405301730E-007  2.388164540708442E-001  7.310447299479612E-007  5.329067642203416E-002  1.281953893949954E-001  3.049844978293258E-011
  3.599999999999999E+001  1.387106053961239E-007  2.456390351013296E-001  7.284851977114159E-007  5.192302028942498E-002  1.318357945887695E-001  2.974788478593263E-011
  3.699999999999999E+001  1.352539665744915E-007  2.524616153450551E-001  7.260658730010597E-007  5.062578764695568E-002  1.354693354751997E-001  2.903616186036633E-011
  3.799999999999999E+001  1.319635322960313E-007  2.592841948470819E-001  7.237755684338731E-007  4.939372516916293E-002  1.390959503770354E-001  2.836037602928998E-011
  3.899999999999999E+001  1.288278440601352E-007  2.661067736480379E-001  7.216042537887748E-007  4.822208666632138E-002  1.427155815648976E-001  2.771790306000752E-011
  3.999999999999999E+001  1.258364536065806E-007  2.729293517846444E-001  7.195429104254950E-007  4.710657331150523E-002  1.463281749760150E-001  2.710636632184493E-011
  4.099999999999999E+001  1.229798154901033E-007  2.797519292901681E-001  7.175834071073882E-007  4.604328217148243E-002  1.499336799701728E-001  2.652360826396345E-011
  4.199999999999999E+001  1.202491929863534E-007  2.865745061948132E-001  7.157183936496416E-007  4.502866171305415E-002  1.535320491154989E-001  2.596766576840465E-011
  4.299999999999999E+001  1.176365754338962E-007  2.933970825260610E-001  7.139412094814045E-007  4.405947319708176E-002  1.571232379987492E-001  2.543674877077687E-011
  4.399999999999999E+001  1.151346054225970E-007  3.002196583089655E-001  7.122458047408480E-007  4.313275706439267E-002  1.607072050560711E-001  2.492922164947667E-011
  4.499999999999999E+001  1.127365144887776E-007  3.070422335664110E-001  7.106266719464119E-007  4.224580357186325E-002  1.642839114211182E-001  2.444358697091164E-011
  4.599999999999999E+001  1.104360661833424E-007  3.138648083193392E-001  7.090787866286530E-007  4.139612706148631E-002  1.678533207880102E-001  2.397847124785109E-011
  4.699999999999999E+001  1.082275055493795E-007  3.206873825869470E-001  7.075975555828000E-007  4.058144334642422E-002  1.714153992870946E-001  2.353261242448881E-011
  4.799999999999999E+001  1.061055141874173E-007  3.275099563868608E-001  7.061787716260718E-007  3.979964978074793E-002  1.749701153718076E-001  2.310484884785069E-011
  4.899999999999999E+001  1.040651702049144E-007  3.343325297352917E-001  7.048185739265368E-007  3.904880764749471E-002  1.785174397152064E-001  2.269410952295690E-011
  4.999999999999999E+001  1.021019124459372E-007  3.411551026471718E-001  7.035134131200665E-007  3.832712655575414E-002  1.820573451149554E-001  2.229940548029976E-011
  5.099999999999999E+001  1.002115084807346E-007  3.479776751362744E-001  7.022600205552294E-007  3.763295058398956E-002  1.855898064057278E-001  2.191982211001179E-011
  5.199999999999999E+001  9.839002590576663E-008  3.548002472153229E-001  7.010553811078720E-007  3.696474594552600E-002  1.891148003781292E-001  2.155451233858355E-011
  5.399999999999999E+001  9.493991814722893E-008  3.684453898022813E-001  6.987811026244226E-007  3.570192443898516E-002  1.961349299695403E-001  2.086425311395300E-011
  5.599999999999999E+001  9.172472061722082E-008  3.820905308991361E-001  6.966710488389785E-007  3.452637322908399E-002  2.031250438736815E-001  2.022190215389653E-011
  5.799999999999999E+001  8.872142270225227E-008  3.957356705757852E-001  6.947080755591263E-007  3.342997925169929E-002  2.100850069602906E-001  1.962300925833497E-011
  5.999999999999999E+001  8.590991778207937E-008  4.093808088927995E-001  6.928773423954877E-007  3.240505051333910E-002  2.170147127216898E-001  1.906332688435380E-011
  6.199999999999999E+001  8.327254101170401E-008  4.230259459028856E-001  6.911659390101806E-007  3.144483775112560E-002  2.239140816812700E-001  1.853912744598471E-011
  6.399999999999999E+001  8.079371246081670E-008  4.366710816520805E-001  6.895625814085493E-007  3.054341017161345E-002  2.307830589128490E-001  1.804713668529754E-011
  6.599999999999999E+001  7.845964111295543E-008  4.503162161807375E-001  6.880573637864653E-007  2.969553603882398E-002  2.376216118198096E-001  1.758446761508271E-011
  6.799999999999999E+001  7.625807748389568E-008  4.639613495243422E-001  6.866415544450165E-007  2.889658308012012E-002  2.444297282768402E-001  1.714856520180994E-011
  6.999999999999999E+001  7.417810584715696E-008  4.776064817141939E-001  6.853074269111640E-007  2.814243538414099E-002  2.512074150576518E-001  1.673716021653321E-011
  7.199999999999999E+001  7.220996891755756E-008  4.912516127779765E-001  6.840481193808186E-007  2.742942371112668E-002  2.579546964691625E-001  1.634823056861803E-011
  7.399999999999999E+001  7.034491927161605E-008  5.048967427402394E-001  6.828575170961839E-007  2.675426676142468E-002  2.646716131352497E-001  1.597996874613867E-011
  7.599999999999999E+001  6.857509289976760E-008  5.185418716228055E-001  6.817301534090602E-007  2.611402144669978E-002  2.713582208923612E-001  1.563075426417827E-011
  7.799999999999999E+001  6.689340116391614E-008  5.321869994451162E-001  6.806611261575437E-007  2.550604059684327E-002  2.780145897721976E-001  1.529913024301608E-011
  7.999999999999999E+001  6.529343812942222E-008  5.458321262245281E-001  6.796460266614278E-007  2.492793683945313E-002  2.846408030549488E-001  1.498378341071656E-011
  8.199999999999999E+001  6.376940079436412E-008  5.594772519765663E-001  6.786808791699986E-007  2.437755162792306E-002  2.912369563818234E-001  1.468352695970647E-011
  8.399999999999999E+001  6.231602018204942E-008  5.731223767151419E-001  6.777620890106185E-007  2.385292858358595E-002  2.978031569189895E-001  1.439728579334541E-011
  8.599999999999999E+001  6.092850161916563E-008  5.867675004527411E-001  6.768863980139770E-007  2.335229046825598E-002  3.043395225672571E-001  1.412408378293241E-011
  8.799999999999999E+001  5.960247281000266E-008  6.004126232005882E-001  6.760508460521193E-007  2.287401922441337E-002  3.108461812133032E-001  1.386303272303533E-011
  8.999999999999999E+001  5.833393855104735E-008  6.140577449687867E-001  6.752527377332858E-007  2.241663861766220E-002  3.173232700192281E-001  1.361332272723501E-011
  9.499999999999999E+001  5.539248748699878E-008  6.481705433666626E-001  6.734057648463414E-007  2.135793777902514E-002  3.333345168159966E-001  1.303470468661950E-011
  9.999999999999999E+001  5.273852327151276E-008  6.822833358524527E-001  6.717448684750962E-007  2.040287514851004E-002  3.491664205987712E-001  1.251232048686154E-011
  1.050000000000000E+002  5.033184297801909E-008  7.163961225122799E-001  6.702432886870749E-007  1.953700672679268E-002  3.648214823673446E-001  1.203824918796027E-011
  1.100000000000000E+002  4.813939128371856E-008  7.505089034136379E-001  6.688791569249294E-007  1.874826374466538E-002  3.803025015427665E-001  1.160587066451720E-011
  1.150000000000000E+002  4.613374178402226E-008  7.846216786095955E-001  6.676344280031645E-007  1.802665864736367E-002  3.956124876736238E-001  1.120972459758807E-011
  1.200000000000000E+002  4.429195090400296E-008  8.187344481419629E-001  6.664940800216081E-007  1.736385717990180E-002  4.107545971333132E-001  1.084526787274909E-011
  1.250000000000000E+002  4.259468002974843E-008  8.528472120437034E-001  6.654455070378632E-007  1.675285052734925E-002  4.257320873856751E-001  1.050868952292390E-011
  1.300000000000000E+002  4.102551562436086E-008  8.869599703407944E-001  6.644780524382592E-007  1.618770239866284E-002  4.405482820757445E-001  1.019676909915952E-011
  1.350000000000000E+002  3.957043727822375E-008  9.210727230536687E-001  6.635826464055293E-007  1.566335180826824E-002  4.552065432713334E-001  9.906766840965531E-012
  1.400000000000000E+002  3.821739754710278E-008  9.551854701983427E-001  6.627515213680490E-007  1.517545775465921E-002  4.697102488720900E-001  9.636337494457527E-012
  1.450000000000000E+002  3.695598715599846E-008  9.892982117873030E-001  6.619779865417178E-007  1.472027577510992E-002  4.840627740191160E-001  9.383461994806585E-012
  1.500000000000000E+002  3.577716603406774E-008  1.023410947830210E+000  6.612562477286205E-007  1.429455900585750E-002  4.982674757424325E-001  9.146392822362014E-012
  1.550000000000000E+002  3.467304558288036E-008  1.057523678334458E+000  6.605812621185716E-007  1.389547826232847E-002  5.123276802990742E-001  8.923609941558785E-012
  1.600000000000000E+002  3.363671115967473E-008  1.091636403305617E+000  6.599486204112432E-007  1.352055701294674E-002  5.262466727806973E-001  8.713785010012597E-012
  1.610000000000000E+002  3.343690107339671E-008  1.098458948078288E+000  6.598267885558944E-007  1.344810647367586E-002  5.290248258561444E-001  8.673226870046939E-012
  1.620000000000000E+002  3.323951574711272E-008  1.105281492629437E+000  6.597064668197972E-007  1.337655714233742E-002  5.317973637732937E-001  8.633151884881582E-012
  1.640000000000000E+002  3.285190612095135E-008  1.118926580846276E+000  6.594702593550054E-007  1.323606416000261E-002  5.373202482157173E-001  8.554356703815477E-012
  1.660000000000000E+002  3.247347575398544E-008  1.132571668177938E+000  6.592397639462651E-007  1.309883618396536E-002  5.428211748084584E-001  8.477298954037093E-012
  1.680000000000000E+002  3.210390033854915E-008  1.146216754624653E+000  6.590147752666316E-007  1.296476633063848E-002  5.483003672109575E-001  8.401926515051329E-012
  1.700000000000000E+002  3.174287077197165E-008  1.159861840186614E+000  6.587950977199250E-007  1.283374453583519E-002  5.537580421026665E-001  8.328183232629028E-012
  1.750000000000000E+002  3.087616995311391E-008  1.193974548568938E+000  6.582680488617036E-007  1.251928376450368E-002  5.672710539500028E-001  8.150715784413286E-012
  1.800000000000000E+002  3.005676596082789E-008  1.228087251429333E+000  6.577703477752016E-007  1.222164740628236E-002  5.806557360475809E-001  7.982320814576483E-012
  1.850000000000000E+002  2.928086896462772E-008  1.262199948768097E+000  6.572996020881433E-007  1.193950431879769E-002  5.939149524355017E-001  7.822275165345428E-012
  1.900000000000000E+002  2.854508363403612E-008  1.296312640585221E+000  6.568536723389978E-007  1.167164435257647E-002  6.070515498812107E-001  7.669924846193781E-012
  1.950000000000000E+002  2.784635923667648E-008  1.330425326880409E+000  6.564306395157142E-007  1.141698166964357E-002  6.200683299251023E-001  7.524687491654685E-012
  2.000000000000000E+002  2.718194710217624E-008  1.364538007653121E+000  6.560287774290293E-007  1.117453898405383E-002  6.329680344642405E-001  7.386041339303292E-012
  2.050000000000000E+002  2.654936418459178E-008  1.398650682902621E+000  6.556465291209781E-007  1.094343417258095E-002  6.457533387862027E-001  7.253516682775536E-012
  2.100000000000000E+002  2.594636175139921E-008  1.432763352628015E+000  6.552824866454860E-007  1.072286887927770E-002  6.584268483067259E-001  7.126689110286966E-012
  2.150000000000000E+002  2.537089838805882E-008  1.466876016828298E+000  6.549353736753467E-007  1.051211874682185E-002  6.709910972276582E-001  7.005173949975297E-012
  2.200000000000000E+002  2.482111664483438E-008  1.500988675502382E+000  6.546040304867395E-007  1.031052499613404E-002  6.834485482750113E-001  6.888621593457698E-012
  2.250000000000000E+002  2.429532276754951E-008  1.535101328649125E+000  6.542874009513572E-007  1.011748713615971E-002  6.958015930972530E-001  6.776713501572166E-012
  2.300000000000000E+002  2.379196904860598E-008  1.569213976267351E+000  6.539845212302461E-007  9.932456628229678E-003  7.080525530959126E-001  6.669158762125315E-012
  2.350000000000000E+002  2.330963841208712E-008  1.603326618355872E+000  6.536945099154377E-007  9.754931361208285E-003  7.202036805535973E-001  6.565691105054337E-012
  2.400000000000000E+002  2.284703091022452E-008  1.637439254913498E+000  6.534165594077863E-007  9.584450818417958E-003  7.322571599729039E-001  6.466066302063083E-012
  2.450000000000000E+002  2.240295186057288E-008  1.671551885939051E+000  6.531499283539985E-007  9.420591837120912E-003  7.442151095668533E-001  6.370059892422235E-012
  2.500000000000000E+002  2.197630139609424E-008  1.705664511431374E+000  6.528939349942074E-007  9.262964877381308E-003  7.560795828578539E-001  6.277465187287709E-012
  2.550000000000000E+002  2.156606523574915E-008  1.739777131389337E+000  6.526479512947982E-007  9.111210730259516E-003  7.678525703527688E-001  6.188091513059398E-012
  2.600000000000000E+002  2.117130651253537E-008  1.773889745811843E+000  6.524113977605151E-007  8.964997606107791E-003  7.795360012689194E-001  6.101762660759413E-012
  2.650000000000000E+002  2.079115852032571E-008  1.808002354697829E+000  6.521837388358816E-007  8.824018552699306E-003  7.911317452910893E-001  6.018315513618522E-012
  2.700000000000000E+002  2.042481826123735E-008  1.842114958046272E+000  6.519644788193544E-007  8.687989160382522E-003  8.026416143435343E-001  5.937598829319533E-012
  2.800000000000000E+002  1.973098458369815E-008  1.910340142611339E+000  6.515494744656763E-007  8.430176217411793E-003  8.253307748091669E-001  5.783957987752846E-012
  2.900000000000000E+002  1.908403862257423E-008  1.978565305032244E+000  6.511629372902553E-007  8.189167017472753E-003  8.477015419446775E-001  5.639701007989705E-012
  3.000000000000000E+002  1.847934699638115E-008  2.046790445300048E+000  6.508020161355469E-007  7.963325174619037E-003  8.697658566005272E-001  5.503919566417682E-012
  3.100000000000000E+002  1.791286851395420E-008  2.115015563407496E+000  6.504642287963682E-007  7.751220359596574E-003  8.915351271527775E-001  5.375835156714429E-012
  3.150000000000000E+002  1.764271054128907E-008  2.149128116913866E+000  6.503032755313656E-007  7.649763851149871E-003  9.023474478289225E-001  5.314417933204094E-012
  3.200000000000000E+002  1.738082354332102E-008  2.183240664873280E+000  6.501473177409408E-007  7.551295036410859E-003  9.130889536414893E-001  5.254663869435044E-012
  3.250000000000000E+002  1.712682977227895E-008  2.217353207285685E+000  6.499961244888222E-007  7.455677766649564E-003  9.237610239504535E-001  5.196508409522586E-012
  3.300000000000000E+002  1.688037433338472E-008  2.251465744150808E+000  6.498494789317733E-007  7.362786754995601E-003  9.343649581681953E-001  5.139888759796914E-012
  3.350000000000000E+002  1.664112342694881E-008  2.285578275468284E+000  6.497071772404071E-007  7.272503734132684E-003  9.449019984778627E-001  5.084743368671746E-012
  3.400000000000000E+002  1.640876277559266E-008  2.319690801237721E+000  6.495690276284365E-007  7.184717127946614E-003  9.553733410569143E-001  5.031013081084483E-012
  3.500000000000000E+002  1.596372830640992E-008  2.387915830601469E+000  6.493045399285836E-007  7.016459468832689E-003  9.760616692477476E-001  4.927668273242118E-012
  3.550000000000000E+002  1.575032103029152E-008  2.422028339732879E+000  6.491778000880044E-007  6.935548587959288E-003  9.863433103578816E-001  4.877871912065308E-012
  3.600000000000000E+002  1.554271604654448E-008  2.456140843314053E+000  6.490545493276066E-007  6.856747780405419E-003  9.965635661290624E-001  4.829274085533948E-012
  3.650000000000000E+002  1.534067758909273E-008  2.490253341344945E+000  6.489346442545439E-007  6.779971507498820E-003  1.006723501301728E+000  4.781832331312090E-012
  3.700000000000000E+002  1.514398259326530E-008  2.524365833825378E+000  6.488179492686634E-007  6.705140587932203E-003  1.016824129839269E+000  4.735505718200759E-012
  3.800000000000000E+002  1.476593360118021E-008  2.592590796600768E+000  6.485937363794489E-007  6.561212271594414E-003  1.036795263510781E+000  4.646116911666853E-012
  3.900000000000000E+002  1.440684349958189E-008  2.660815737185171E+000  6.483809005622279E-007  6.424191457594395E-003  1.056543103018539E+000  4.560739723062654E-012
  3.950000000000000E+002  1.423389955743389E-008  2.694928201924244E+000  6.482784554939947E-007  6.358025911043873E-003  1.066362104055379E+000  4.519434120064424E-012
  4.000000000000000E+002  1.406518434935034E-008  2.729040661110680E+000  6.481785440013711E-007  6.293407832622114E-003  1.076127117711594E+000  4.479019171637699E-012
  4.050000000000000E+002  1.390054308523913E-008  2.763153114744630E+000  6.480810723663778E-007  6.230281055929664E-003  1.085839006878323E+000  4.439468029839182E-012
  4.100000000000000E+002  1.373982851127828E-008  2.797265562826084E+000  6.479859514674989E-007  6.168593181537085E-003  1.095498590630766E+000  4.400753822944916E-012
  4.150000000000000E+002  1.358290043518634E-008  2.831378005354971E+000  6.478930964933374E-007  6.108294113380024E-003  1.105106657144237E+000  4.362849751379054E-012
  4.200000000000000E+002  1.342962529772046E-008  2.865490442331191E+000  6.478024266817767E-007  6.049336018885636E-003  1.114663969702713E+000  4.325729726036816E-012
  4.300000000000000E+002  1.313363075744915E-008  2.933715294087808E+000  6.476273756975648E-007  5.935402551539940E-003  1.133580978256689E+000  4.253801584582053E-012
  4.400000000000000E+002  1.285078248189096E-008  3.001940123644863E+000  6.474601818630977E-007  5.826298786810838E-003  1.152305625556649E+000  4.184728694152953E-012
  4.500000000000000E+002  1.258021585890268E-008  3.070164931000444E+000  6.473003231529294E-007  5.721714182918484E-003  1.170843093220808E+000  4.118328641787171E-012
  4.600000000000000E+002  1.232114069176866E-008  3.138389716153362E+000  6.471473229242755E-007  5.621364441594182E-003  1.189198374885553E+000  4.054438968085473E-012
  4.700000000000000E+002  1.207283340037356E-008  3.206614479102799E+000  6.470007451009010E-007  5.524989176779589E-003  1.207376252514485E+000  3.992911946453870E-012
  4.800000000000000E+002  1.183463014802282E-008  3.274839219848192E+000  6.468601899457127E-007  5.432349287324163E-003  1.225381298580086E+000  3.933611975114550E-012
  4.900000000000000E+002  1.160592079265772E-008  3.343063938389186E+000  6.467252903481662E-007  5.343224766337504E-003  1.243217885044666E+000  3.876414063668082E-012
  5.000000000000000E+002  1.138614355589359E-008  3.411288634725605E+000  6.465957085569142E-007  5.257412803169353E-003  1.260890193982580E+000  3.821202707381708E-012
  5.100000000000000E+002  1.117478031428875E-008  3.479513308857433E+000  6.464711332972520E-007  5.174726116343750E-003  1.278402228335335E+000  3.767870953135146E-012
  5.200000000000000E+002  1.097135243034542E-008  3.547737960784811E+000  6.463512772217100E-007  5.094991480507191E-003  1.295757822301676E+000  3.716319592427545E-012
  5.300000000000000E+002  1.077541705264737E-008  3.615962590508016E+000  6.462358746498112E-007  5.018048419966620E-003  1.312960651187389E+000  3.666456452512274E-012
  5.400000000000000E+002  1.058656382476476E-008  3.684187198027464E+000  6.461246795594695E-007  4.943748046607308E-003  1.330014240660254E+000  3.618195768471243E-012
  5.500000000000000E+002  1.040441195121927E-008  3.752411783343698E+000  6.460174637979536E-007  4.871952023603567E-003  1.346921975406458E+000  3.571457624062603E-012
  5.600000000000000E+002  1.022860757611903E-008  3.820636346457386E+000  6.459140154849156E-007  4.802531639143137E-003  1.363687107207682E+000  3.526167451906677E-012
  5.700000000000000E+002  1.005882143625823E-008  3.888860887369316E+000  6.458141375838558E-007  4.735366976665480E-003  1.380312762468391E+000  3.482255585339421E-012
  5.800000000000000E+002  9.894746755713770E-009  3.957085406080390E+000  6.457176466216452E-007  4.670346170004655E-003  1.396801949227025E+000  3.439656855532431E-012
  5.900000000000000E+002  9.736097353418308E-009  4.025309902591625E+000  6.456243715385028E-007  4.607364733413604E-003  1.413157563685807E+000  3.398310228454097E-012
  6.000000000000000E+002  9.582605938973558E-009  4.093534376904143E+000  6.455341526531804E-007  4.546324957787219E-003  1.429382396293339E+000  3.358158477026133E-012
  6.100000000000000E+002  9.434022575197632E-009  4.161758829019178E+000  6.454468407300945E-007  4.487135365540608E-003  1.445479137412701E+000  3.319147884468570E-012
  6.200000000000000E+002  9.290113288663553E-009  4.229983258938064E+000  6.453622961368816E-007  4.429710217570685E-003  1.461450382605920E+000  3.281227975358787E-012
  6.300000000000000E+002  9.150658811856594E-009  4.298207666662234E+000  6.452803880823009E-007  4.373969066561340E-003  1.477298637563725E+000  3.244351271378354E-012
  6.400000000000000E+002  9.015453442616705E-009  4.366432052193223E+000  6.452009939256790E-007  4.319836351606939E-003  1.493026322707385E+000  3.208473069102630E-012
  6.500000000000000E+002  8.884304008289739E-009  4.434656415532660E+000  6.451239985501812E-007  4.267241029744581E-003  1.508635777487509E+000  3.173551237513620E-012
  6.600000000000000E+002  8.757028923529855E-009  4.502880756682270E+000  6.450492937931174E-007  4.216116240517142E-003  1.524129264402728E+000  3.139546033196431E-012
  6.700000000000000E+002  8.633457332010957E-009  4.571105075643863E+000  6.449767779273214E-007  4.166399000149372E-003  1.539508972759398E+000  3.106419931421014E-012
  6.800000000000000E+002  8.513428323446903E-009  4.639329372419348E+000  6.449063551883294E-007  4.118029922319077E-003  1.554777022191796E+000  3.074137471519986E-012
  6.900000000000000E+002  8.396790218313779E-009  4.707553647010712E+000  6.448379353427089E-007  4.070952962852759E-003  1.569935465960684E+000  3.042665115154808E-012
  7.000000000000000E+002  8.283399913533648E-009  4.775777899420032E+000  6.447714332934091E-007  4.025115185978376E-003  1.584986294046723E+000  3.011971116220780E-012
  7.100000000000000E+002  8.173122283136010E-009  4.844002129649465E+000  6.447067687184829E-007  3.980466550032541E-003  1.599931436053835E+000  2.982025401279547E-012
  7.200000000000000E+002  8.065829628575596E-009  4.912226337701251E+000  6.446438657399283E-007  3.936959710751460E-003  1.614772763936444E+000  2.952799459528668E-012
  7.400000000000000E+002  7.859801792459584E-009  5.048674665170402E+000  6.445230907802390E-007  3.853328990226258E-003  1.644053013504301E+000  2.896472753502121E-012
  7.600000000000000E+002  7.664334956703985E-009  5.185122904015478E+000  6.444085449115178E-007  3.773743228194635E-003  1.672943899240371E+000  2.842717840054961E-012
  7.700000000000000E+002  7.570273927453126E-009  5.253347001268923E+000  6.443534447044171E-007  3.735313323716068E-003  1.687293837635432E+000  2.816715564471134E-012
  7.800000000000000E+002  7.478562300216351E-009  5.321571076357830E+000  6.442997288602722E-007  3.697788410054764E-003  1.701549973667287E+000  2.791285998183790E-012
  7.900000000000000E+002  7.389112228870616E-009  5.389795129285613E+000  6.442473453141226E-007  3.661135804635786E-003  1.715713886986191E+000  2.766411403612636E-012
  8.000000000000000E+002  7.301840225142098E-009  5.458019160055409E+000  6.441962445958210E-007  3.625324402772019E-003  1.729787093288825E+000  2.742073416194867E-012
  8.200000000000000E+002  7.133574780781604E-009  5.594467133037512E+000  6.440977271772843E-007  3.556210207196850E-003  1.757581084881735E+000  2.694992196879808E-012
  8.400000000000000E+002  6.973109827665421E-009  5.730915017478548E+000  6.440038020639108E-007  3.490112763103634E-003  1.785033210981641E+000  2.649852070327219E-012
  8.600000000000000E+002  6.819910123327982E-009  5.867362813399920E+000  6.439141523767596E-007  3.426831273387871E-003  1.812153747623388E+000  2.606525810013439E-012
  8.800000000000000E+002  6.673488475482667E-009  6.003810520824983E+000  6.438284898497537E-007  3.366182796120097E-003  1.838952539795363E+000  2.564899404255855E-012
  9.000000000000000E+002  6.533400472785821E-009  6.140258139778372E+000  6.437465516698976E-007  3.308000201681046E-003  1.865438995793070E+000  2.524868862299328E-012
  9.200000000000000E+002  6.399239884669460E-009  6.276705670285755E+000  6.436680977240994E-007  3.252130443166593E-003  1.891622104522888E+000  2.486338847729150E-012
  9.400000000000000E+002  6.270634640231352E-009  6.413153112373664E+000  6.435929081952492E-007  3.198433079336835E-003  1.917510457451362E+000  2.449221711253252E-012
  9.600000000000000E+002  6.147243304402772E-009  6.549600466069402E+000  6.435207814574611E-007  3.146778987460981E-003  1.943112271220855E+000  2.413436691596237E-012
  9.800000000000000E+002  6.028751981600131E-009  6.686047731400968E+000  6.434515322281023E-007  3.097049234093256E-003  1.968435409598433E+000  2.378909229291136E-012
  1.000000000000000E+003  5.914871587751760E-009  6.822494908396981E+000  6.433849899408494E-007  3.049134080250338E-003  1.993487404252952E+000  2.345570368040937E-012
  1.020000000000000E+003  5.805335440634490E-009  6.958941997086636E+000  6.433209973095394E-007  3.002932102073202E-003  2.018275474196280E+000  2.313356227807475E-012
  1.040000000000000E+003  5.699897126032395E-009  7.095388997499644E+000  6.432594090572166E-007  2.958349411316996E-003  2.042806543875267E+000  2.282207538334962E-012
  1.060000000000000E+003  5.598328603567736E-009  7.231835909666200E+000  6.432000907886101E-007  2.915298962519123E-003  2.067087259967552E+000  2.252069224437414E-012
  1.080000000000000E+003  5.500418521359722E-009  7.368282733616926E+000  6.431429179874912E-007  2.873699935700662E-003  2.091124006961702E+000  2.222890036080137E-012
  1.100000000000000E+003  5.405970713117546E-009  7.504729469382839E+000  6.430877751230586E-007  2.833477185096621E-003  2.114922921611111E+000  2.194622217492118E-012
  1.120000000000000E+003  5.314802855017936E-009  7.641176116995316E+000  6.430345548517473E-007  2.794560745771090E-003  2.138489906351102E+000  2.167221210458971E-012
  1.140000000000000E+003  5.226745262875391E-009  7.777622676486062E+000  6.429831573027776E-007  2.756885391112082E-003  2.161830641764645E+000  2.140645387666693E-012
  1.160000000000000E+003  5.141639812785086E-009  7.914069147887063E+000  6.429334894373491E-007  2.720390235159960E-003  2.184950598176196E+000  2.114855812551898E-012
  1.180000000000000E+003  5.059338970685257E-009  8.050515531230575E+000  6.428854644727752E-007  2.685018374535269E-003  2.207855046446805E+000  2.089816022598533E-012
  1.200000000000000E+003  4.979704918214914E-009  8.186961826549078E+000  6.428390013639940E-007  2.650716565421875E-003  2.230549068037155E+000  2.065491833427146E-012
  1.220000000000000E+003  4.902608763888733E-009  8.323408033875257E+000  6.427940243358799E-007  2.617434931650028E-003  2.253037564399201E+000  2.041851161366284E-012
  1.240000000000000E+003  4.827929830019390E-009  8.459854153241972E+000  6.427504624606556E-007  2.585126700427742E-003  2.275325265751360E+000  2.018863862488043E-012
  1.260000000000000E+003  4.755555007025827E-009  8.596300184682235E+000  6.427082492753788E-007  2.553747962701271E-003  2.297416739287124E+000  1.996501586340275E-012
  1.280000000000000E+003  4.685378167805326E-009  8.732746128229197E+000  6.426673224351601E-007  2.523257455497722E-003  2.319316396862244E+000  1.974737642823314E-012
  1.300000000000000E+003  4.617299635743178E-009  8.869191983916100E+000  6.426276233982505E-007  2.493616363923935E-003  2.341028502201480E+000  1.953546880844937E-012
  1.320000000000000E+003  4.551225700708429E-009  9.005637751776279E+000  6.425890971396464E-007  2.464788140773749E-003  2.362557177662115E+000  1.932905577548167E-012
  1.340000000000000E+003  4.487068178055086E-009  9.142083431843135E+000  6.425516918902296E-007  2.436738341936636E-003  2.383906410588056E+000  1.912791337046261E-012
  1.360000000000000E+003  4.424744006230855E-009  9.278529024150114E+000  6.425153588988256E-007  2.409434476010226E-003  2.405080059285267E+000  1.893182997720849E-012
  1.380000000000000E+003  4.364174879102452E-009  9.414974528730678E+000  6.424800522148662E-007  2.382845866701700E-003  2.426081858646618E+000  1.874060547245322E-012
  1.400000000000000E+003  4.305286909548790E-009  9.551419945618321E+000  6.424457284895931E-007  2.356943526762290E-003  2.446915425451691E+000  1.855405044588398E-012
  1.450000000000000E+003  4.165048166431165E-009  9.892532940622083E+000  6.423639818512312E-007  2.295181862000462E-003  2.497993287668851E+000  1.810799937713449E-012
  1.500000000000000E+003  4.033886865019812E-009  1.023364538885115E+001  6.422875419569007E-007  2.237129554962775E-003  2.548112911350715E+000  1.768741025844493E-012
  1.510000000000000E+003  4.008648620100061E-009  1.030186785660720E+001  6.422728391537978E-007  2.225894537293104E-003  2.558099076055744E+000  1.760592132477577E-012
  1.520000000000000E+003  3.983732958916644E-009  1.037009030248095E+001  6.422583247779431E-007  2.214792513807436E-003  2.568047966742170E+000  1.752532721132640E-012
  1.540000000000000E+003  3.934852940759883E-009  1.050653510676172E+001  6.422298496383189E-007  2.192996653790236E-003  2.587799635091241E+000  1.736690031204768E-012
  1.560000000000000E+003  3.887190055310349E-009  1.064297982361041E+001  6.422020854222331E-007  2.171703904893468E-003  2.607408085647305E+000  1.721193279245056E-012
  1.580000000000000E+003  3.840698907243910E-009  1.077942445306129E+001  6.421750055404403E-007  2.150896292541231E-003  2.626876118743401E+000  1.706030683094384E-012
  1.600000000000000E+003  3.795336345374701E-009  1.091586899514803E+001  6.421485847214249E-007  2.130556686390975E-003  2.646206438976739E+000  1.691191027795558E-012
  1.620000000000000E+003  3.751061324414236E-009  1.105231344990391E+001  6.421227989301707E-007  2.110668759544704E-003  2.665401664039662E+000  1.676663565121427E-012
  1.640000000000000E+003  3.707834777116544E-009  1.118875781736185E+001  6.420976252930049E-007  2.091216944632243E-003  2.684464331553074E+000  1.662438002621835E-012
  1.660000000000000E+003  3.665619495863043E-009  1.132520209755452E+001  6.420730420279515E-007  2.072186392001314E-003  2.703396904179717E+000  1.648504490977312E-012
  1.680000000000000E+003  3.624380022795905E-009  1.146164629051435E+001  6.420490283801025E-007  2.053562929765288E-003  2.722201773670676E+000  1.634853606833798E-012
  1.700000000000000E+003  3.584082547737575E-009  1.159809039627353E+001  6.420255645615609E-007  2.035333025996807E-003  2.740881264232035E+000  1.621476333666248E-012
  1.710000000000000E+003  3.564273963997656E-009  1.166631242735247E+001  6.420140319222013E-007  2.026354608610434E-003  2.750189986337007E+000  1.614883593726538E-012
  1.720000000000000E+003  3.544688999587595E-009  1.173453443663554E+001  6.420026297749587E-007  2.017469899737120E-003  2.759467987784931E+000  1.608355780810443E-012
  1.740000000000000E+003  3.506180380592829E-009  1.187097836806806E+001  6.419802099403546E-007  1.999989015430835E-003  2.777903168980699E+000  1.595499550889626E-012
  1.760000000000000E+003  3.468521285424429E-009  1.200742221239690E+001  6.419582858277736E-007  1.982864645669925E-003  2.796219615592530E+000  1.582892548509185E-012
  1.780000000000000E+003  3.431683610899852E-009  1.214386596965280E+001  6.419368409969721E-007  1.966085453057525E-003  2.814419387948638E+000  1.570526940765814E-012
  1.800000000000000E+003  3.395640485599494E-009  1.228030963986657E+001  6.419158597303439E-007  1.949640598932629E-003  2.832504500458792E+000  1.558395377730396E-012
  1.820000000000000E+003  3.360366203490978E-009  1.241675322306899E+001  6.418953269937567E-007  1.933519709693300E-003  2.850476918489242E+000  1.546490851013654E-012
  1.840000000000000E+003  3.325836161477758E-009  1.255319671929068E+001  6.418752283997807E-007  1.917712848320427E-003  2.868338558093700E+000  1.534806653130902E-012
  1.860000000000000E+003  3.292026800813397E-009  1.268964012856210E+001  6.418555501732313E-007  1.902210490097523E-003  2.886091286695572E+000  1.523336354096144E-012
  1.880000000000000E+003  3.258915552165491E-009  1.282608345091348E+001  6.418362791188722E-007  1.887003500619813E-003  2.903736924172145E+000  1.512073783719083E-012
  1.900000000000000E+003  3.226480784091841E-009  1.296252668637487E+001  6.418174025911305E-007  1.872083115498338E-003  2.921277244107926E+000  1.501013016789236E-012
  1.950000000000000E+003  3.148248398986136E-009  1.330363423262531E+001  6.417718681015371E-007  1.836056487359614E-003  2.964492191597015E+000  1.474256748824660E-012
  2.000000000000000E+003  3.073810849526732E-009  1.364474123687543E+001  6.417285467779209E-007  1.801639428199603E-003  3.007095230990818E+000  1.448641907417977E-012
  2.010000000000000E+003  3.059347310625801E-009  1.371296261603503E+001  6.417201315966429E-007  1.794921288054953E-003  3.015591652529147E+000  1.443638207142179E-012
  2.020000000000000E+003  3.045022746612521E-009  1.378118397351006E+001  6.417117974221042E-007  1.788262488097178E-003  3.024064135517239E+000  1.438675808481438E-012
  2.040000000000000E+003  3.016785868154150E-009  1.391762660176912E+001  6.416953684593604E-007  1.775128456284884E-003  3.040914877442702E+000  1.428879343626498E-012
  2.060000000000000E+003  2.989080996796767E-009  1.405406914336666E+001  6.416792495989939E-007  1.762222177216035E-003  3.057672882159984E+000  1.419244460465793E-012
  2.080000000000000E+003  2.961893077473418E-009  1.419051159833153E+001  6.416634320478832E-007  1.749537518380517E-003  3.074339591054208E+000  1.409767045412712E-012
  2.100000000000000E+003  2.935207622059978E-009  1.432695396669198E+001  6.416479073445758E-007  1.737068560886731E-003  3.090916401283943E+000  1.400443122172751E-012
  2.150000000000000E+003  2.870623152346325E-009  1.466805934690626E+001  6.416103305431153E-007  1.706860188990381E-003  3.131814064254939E+000  1.377818445661290E-012
  2.200000000000000E+003  2.808886336483568E-009  1.500916418680674E+001  6.415744134685112E-007  1.677875842260252E-003  3.172186141603506E+000  1.356071052581944E-012
  2.250000000000000E+003  2.749811117515130E-009  1.535026848678036E+001  6.415400474635541E-007  1.650038982586107E-003  3.212050880702570E+000  1.335146760955588E-012
  2.300000000000000E+003  2.693227374196597E-009  1.569137224721156E+001  6.415071331992343E-007  1.623279631745826E-003  3.251425658610741E+000  1.314996879844844E-012
  2.350000000000000E+003  2.638979254238934E-009  1.603247546847767E+001  6.414755796952555E-007  1.597533570118370E-003  3.290326935599063E+000  1.295576883648876E-012
  2.400000000000000E+003  2.586923707454996E-009  1.637357815094731E+001  6.414453034594506E-007  1.572741717058941E-003  3.328770279722364E+000  1.276845801348642E-012
  2.450000000000000E+003  2.536929194787360E-009  1.671468029497986E+001  6.414162277309683E-007  1.548849610075556E-003  3.366770411903208E+000  1.258765806642720E-012
  2.500000000000000E+003  2.488874550122100E-009  1.705578190092518E+001  6.413882818133399E-007  1.525806952934143E-003  3.404341255742993E+000  1.241301895922563E-012
  2.550000000000000E+003  2.442647974535236E-009  1.739688296912371E+001  6.413614004853469E-007  1.503567218392776E-003  3.441495986765851E+000  1.224421616715022E-012
  2.600000000000000E+003  2.398146145445619E-009  1.773798349990649E+001  6.413355234793436E-007  1.482087296652368E-003  3.478247079344603E+000  1.208094831379742E-012
  2.650000000000000E+003  2.355273425676801E-009  1.807908349359529E+001  6.413105950182038E-007  1.461327182999705E-003  3.514606350810799E+000  1.192293508486024E-012
  2.700000000000000E+003  2.313941159600993E-009  1.842018295050280E+001  6.412865634033467E-007  1.441249699441302E-003  3.550585002702358E+000  1.176991537259685E-012
  2.750000000000000E+003  2.274067045377446E-009  1.876128187093274E+001  6.412633806473782E-007  1.421820246005152E-003  3.586193659262823E+000  1.162164561819276E-012
  2.800000000000000E+003  2.235574573851029E-009  1.910238025518010E+001  6.412410021458150E-007  1.403006578044982E-003  3.621442403358409E+000  1.147789832630348E-012
  2.850000000000000E+003  2.198392525989441E-009  1.944347810353134E+001  6.412193863831093E-007  1.384778606406717E-003  3.656340809989952E+000  1.133846073056209E-012
  2.900000000000000E+003  2.162454521849034E-009  1.978457541626462E+001  6.411984946688679E-007  1.367108217750169E-003  3.690897977572170E+000  1.120313359208390E-012
  2.950000000000000E+003  2.127698615002780E-009  2.012567219364998E+001  6.411782909007018E-007  1.349969112682711E-003  3.725122557142190E+000  1.107173011554046E-012
  3.000000000000000E+003  2.094066927166984E-009  2.046676843594963E+001  6.411587413506175E-007  1.333336659669795E-003  3.759022779647332E+000  1.094407496945057E-012
  3.050000000000000E+003  2.061505318448850E-009  2.080786414341818E+001  6.411398144722648E-007  1.317187762949800E-003  3.792606481450133E+000  1.082000339907294E-012
  3.100000000000000E+003  2.029963089223657E-009  2.114895931630288E+001  6.411214807267053E-007  1.301500742905417E-003  3.825881128177288E+000  1.069936042175873E-012
  3.150000000000000E+003  1.999392710153662E-009  2.149005395484386E+001  6.411037124246455E-007  1.286255227536844E-003  3.858853837028755E+000  1.058200009588248E-012
  3.200000000000000E+003  1.969749577293900E-009  2.183114805927440E+001  6.410864835833557E-007  1.271432053848275E-003  3.891531397653819E+000  1.046778485555237E-012
  3.250000000000000E+003  1.940991789603532E-009  2.217224162982120E+001  6.410697697966976E-007  1.257013178102772E-003  3.923920291692318E+000  1.035658490423718E-012
  3.300000000000000E+003  1.913079946504208E-009  2.251333466670460E+001  6.410535481168785E-007  1.242981594024942E-003  3.956026711071418E+000  1.024827766125602E-012
  3.350000000000000E+003  1.885976963406654E-009  2.285442717013882E+001  6.410377969467160E-007  1.229321258138675E-003  3.987856575141426E+000  1.014274725578126E-012
  3.400000000000000E+003  1.859647903369676E-009  2.319551914033227E+001  6.410224959413338E-007  1.216017021521065E-003  4.019415546727647E+000  1.003988406361673E-012
  3.450000000000000E+003  1.834059823267122E-009  2.353661057748773E+001  6.410076259183465E-007  1.203054567335395E-003  4.050709047169648E+000  9.939584282547922E-013
  3.500000000000000E+003  1.809181633022861E-009  2.387770148180264E+001  6.409931687756807E-007  1.190420353577527E-003  4.081742270414011E+000  9.841749542528193E-013
  3.550000000000000E+003  1.784983966634932E-009  2.421879185346933E+001  6.409791074162860E-007  1.178101560532560E-003  4.112520196221914E+000  9.746286547374357E-013
  3.600000000000000E+003  1.761439063851217E-009  2.455988169267521E+001  6.409654256790765E-007  1.166086042493490E-003  4.143047602548526E+000  9.653106745004841E-013
  3.650000000000000E+003  1.738520661482818E-009  2.490097099960307E+001  6.409521082754991E-007  1.154362283341764E-003  4.173329077147279E+000  9.562126023569784E-013
  3.700000000000000E+003  1.716203893450222E-009  2.524205977443125E+001  6.409391407312087E-007  1.142919355632109E-003  4.203369028448386E+000  9.473264431101491E-013
  3.750000000000000E+003  1.694465198753201E-009  2.558314801733387E+001  6.409265093323710E-007  1.131746882861437E-003  4.233171695757675E+000  9.386445916560017E-013
  3.800000000000000E+003  1.673282236640049E-009  2.592423572848104E+001  6.409142010761698E-007  1.120835004634691E-003  4.262741158818709E+000  9.301598090366140E-013
  3.850000000000000E+003  1.652633808326459E-009  2.626532290803910E+001  6.409022036251420E-007  1.110174344469805E-003  4.292081346778346E+000  9.218652002707684E-013
  3.900000000000000E+003  1.632499784680643E-009  2.660640955617075E+001  6.408905052649971E-007  1.099755980009913E-003  4.321196046593286E+000  9.137541938075822E-013
  3.950000000000000E+003  1.612861039349917E-009  2.694749567303528E+001  6.408790948656131E-007  1.089571415433981E-003  4.350088910912633E+000  9.058205224640779E-013
  4.000000000000000E+003  1.593699386856142E-009  2.728858125878879E+001  6.408679618449334E-007  1.079612555877576E-003  4.378763465469422E+000  8.980582057211688E-013
  4.100000000000000E+003  1.556748374884341E-009  2.797075030745165E+001  6.408464905054593E-007  1.060375944563263E-003  4.435261716777251E+000  8.830515556872045E-013
  4.150000000000000E+003  1.538917206134030E-009  2.831183430111090E+001  6.408361309729003E-007  1.051048687880797E-003  4.463302248094145E+000  8.757698344012929E-013
  4.200000000000000E+003  1.521498719050954E-009  2.865291776425645E+001  6.408260113427816E-007  1.041918282875023E-003  4.491137447191019E+000  8.686377937693224E-013
  4.250000000000000E+003  1.504478649395894E-009  2.899400069703222E+001  6.408161233168898E-007  1.032978363611736E-003  4.518770321427646E+000  8.616509479708898E-013
  4.300000000000000E+003  1.487843386281476E-009  2.933508309957740E+001  6.408064589772926E-007  1.024222805275908E-003  4.546203755567691E+000  8.548047825517889E-013
  4.350000000000000E+003  1.471579934392584E-009  2.967616497202886E+001  6.407970107644565E-007  1.015645739132231E-003  4.573440545993058E+000  8.480949220621178E-013
  4.400000000000000E+003  1.455675879337733E-009  3.001724631452181E+001  6.407877714570781E-007  1.007241546347615E-003  4.600483410756208E+000  8.415171638051420E-013
  4.450000000000000E+003  1.440119355448383E-009  3.035832712718988E+001  6.407787341533177E-007  9.990048463488558E-004  4.627334993461839E+000  8.350674788531157E-013
  4.500000000000000E+003  1.424899015720820E-009  3.069940741016511E+001  6.407698922532802E-007  9.909304843594444E-004  4.653997865971602E+000  8.287420046063540E-013
  4.600000000000000E+003  1.395430621065792E-009  3.138156585873529E+001  6.407527713347969E-007  9.752749259593092E-004  4.706585395481463E+000  8.164688568576206E-013
  4.700000000000000E+003  1.367181846149568E-009  3.206372219092427E+001  6.407363593972825E-007  9.602098076167164E-004  4.758453477830813E+000  8.046484044879581E-013
  4.750000000000000E+003  1.353488202922332E-009  3.240479982795996E+001  6.407284048199159E-007  9.528761352105840E-004  4.784210614457752E+000  7.988907619131461E-013
  4.800000000000000E+003  1.340072108268432E-009  3.274587693606997E+001  6.407206115452974E-007  9.456779897313619E-004  4.809793153326311E+000  7.932370300738896E-013
  4.850000000000000E+003  1.326925151165062E-009  3.308695351537641E+001  6.407129746823979E-007  9.386115299220346E-004  4.835203235116396E+000  7.876844746848792E-013
  4.900000000000000E+003  1.314039258500824E-009  3.342802956599901E+001  6.407054895367645E-007  9.316730355314786E-004  4.860442936045469E+000  7.822303075844895E-013
  5.000000000000000E+003  1.289025209521447E-009  3.411017955379164E+001  6.406909578361766E-007  9.181865574772524E-004  4.910254478611348E+000  7.716224499458368E-013
  5.100000000000000E+003  1.264965737721104E-009  3.479232742906444E+001  6.406769809572606E-007  9.051690348111616E-004  4.959413642761351E+000  7.613756601652961E-013
  5.200000000000000E+003  1.241806870015008E-009  3.547447319275391E+001  6.406635275119818E-007  8.925954895643561E-004  5.007935419144334E+000  7.514709045766727E-013
  5.300000000000000E+003  1.219498640561446E-009  3.615661684578239E+001  6.406505684442312E-007  8.804427383991678E-004  5.055834148369869E+000  7.418906283669082E-013
  5.400000000000000E+003  1.197994724519555E-009  3.683875838906042E+001  6.406380768165388E-007  8.686892085993911E-004  5.103123579067713E+000  7.326184667013293E-013
  5.500000000000000E+003  1.177252111296521E-009  3.752089782348962E+001  6.406260276198392E-007  8.573147994954935E-004  5.149816926293254E+000  7.236391411830907E-013
  5.600000000000000E+003  1.157230812594286E-009  3.820303514996456E+001  6.406143976034872E-007  8.463007593651454E-004  5.195926915320045E+000  7.149383773733635E-013
  5.700000000000000E+003  1.137893600925885E-009  3.888517036937380E+001  6.406031651230180E-007  8.356295737857862E-004  5.241465816153986E+000  7.065028268327926E-013
  5.800000000000000E+003  1.119205774900539E-009  3.956730348260068E+001  6.405923100035008E-007  8.252848645103863E-004  5.286445472622259E+000  6.983199942660096E-013
  5.900000000000000E+003  1.101134948109230E-009  4.024943449052385E+001  6.405818134166407E-007  8.152512979937468E-004  5.330877327852916E+000  6.903781706013084E-013
  6.000000000000000E+003  1.083650858876343E-009  4.093156339401774E+001  6.405716577700390E-007  8.055145026218116E-004  5.374772447002092E+000  6.826663719843292E-013
  6.100000000000000E+003  1.066725198503903E-009  4.161369019395284E+001  6.405618266072241E-007  7.960609937281707E-004  5.418141537705246E+000  6.751742842765946E-013
  6.200000000000000E+003  1.050331455940404E-009  4.229581489119597E+001  6.405523045172479E-007  7.868781055638220E-004  5.460994968576099E+000  6.678922125502178E-013
  6.300000000000000E+003  1.034444777067208E-009  4.297793748661041E+001  6.405430770528016E-007  7.779539294781309E-004  5.503342786006428E+000  6.608110350800043E-013
  6.400000000000000E+003  1.019041837019648E-009  4.366005798105605E+001  6.405341306559155E-007  7.692772576556530E-004  5.545194729479062E+000  6.539221613766738E-013
  6.500000000000000E+003  1.004100724153190E-009  4.434217637538940E+001  6.405254525904431E-007  7.608375318309163E-004  5.586560245577235E+000  6.472174938531413E-013
  6.600000000000000E+003  9.896008344320798E-010  4.502429267046368E+001  6.405170308806135E-007  7.526247964711515E-004  5.627448500849718E+000  6.406893927613405E-013
  6.700000000000000E+003  9.755227751626105E-010  4.570640686712871E+001  6.405088542550230E-007  7.446296559761915E-004  5.667868393670869E+000  6.343306440778827E-013
  6.800000000000000E+003  9.618482771189181E-010  4.638851896623092E+001  6.405009120955147E-007  7.368432354963705E-004  5.707828565216771E+000  6.281344300527814E-013
  6.900000000000000E+003  9.485601142186597E-010  4.707062896861326E+001  6.404931943904491E-007  7.292571450143141E-004  5.747337409663002E+000  6.220943021669810E-013
  7.000000000000000E+003  9.356420300014060E-010  4.775273687511513E+001  6.404856916919394E-007  7.218634463758950E-004  5.786403083695649E+000  6.162041562720459E-013
  7.100000000000000E+003  9.230786702460494E-010  4.843484268657229E+001  6.404783950766540E-007  7.146546229901060E-004  5.825033515415093E+000  6.104582097095949E-013
  7.200000000000000E+003  9.108555211366398E-010  4.911694640381668E+001  6.404712961098528E-007  7.076235519478744E-004  5.863236412701394E+000  6.048509802293695E-013
  7.300000000000000E+003  8.989588524502035E-010  4.979904802767643E+001  6.404643868123430E-007  7.007634783364335E-004  5.901019271100790E+000  5.993772665436246E-013
  7.400000000000000E+003  8.873756652965208E-010  5.048114755897565E+001  6.404576596300871E-007  6.940679915492876E-004  5.938389381284781E+000  5.940321303720786E-013
  7.500000000000000E+003  8.760936439895040E-010  5.116324499853436E+001  6.404511074062100E-007  6.875310034124803E-004  5.975353836126169E+000  5.888108798463569E-013
  7.600000000000000E+003  8.651011116736789E-010  5.184534034716840E+001  6.404447233551956E-007  6.811467279661441E-004  6.011919537430352E+000  5.837090541558490E-013
  7.700000000000000E+003  8.543869893680143E-010  5.252743360568926E+001  6.404385010390687E-007  6.749096627564956E-004  6.048093202354869E+000  5.787224093284786E-013
  7.800000000000000E+003  8.439407581236696E-010  5.320952477490400E+001  6.404324343453901E-007  6.688145715078015E-004  6.083881369545654E+000  5.738469050501566E-013
  7.900000000000000E+003  8.337524240226675E-010  5.389161385561522E+001  6.404265174669046E-007  6.628564680566093E-004  6.119290405014527E+000  5.690786924358786E-013
  8.000000000000000E+003  8.238124857715405E-010  5.457370084862091E+001  6.404207448826961E-007  6.570306014419128E-004  6.154326507778983E+000  5.644141026736221E-013
  8.100000000000000E+003  8.141119046680592E-010  5.525578575471438E+001  6.404151113407260E-007  6.513324420550597E-004  6.188995715282615E+000  5.598496364695477E-013
  8.200000000000000E+003  8.046420767405983E-010  5.593786857468422E+001  6.404096118416337E-007  6.457576687622796E-004  6.223303908611841E+000  5.553819542295727E-013
  8.300000000000000E+003  7.953948068788211E-010  5.661994930931417E+001  6.404042416236961E-007  6.403021569208194E-004  6.257256817522600E+000  5.510078669183147E-013
  8.400000000000000E+003  7.863622847914884E-010  5.730202795938315E+001  6.403989961488496E-007  6.349619672169450E-004  6.290860025288810E+000  5.467243275416953E-013
  8.500000000000000E+003  7.775370626424746E-010  5.798410452566522E+001  6.403938710896879E-007  6.297333352605894E-004  6.324118973382900E+000  5.425284232042838E-013
  8.600000000000000E+003  7.689120342298244E-010  5.866617900892943E+001  6.403888623173574E-007  6.246126618772909E-004  6.357038965997347E+000  5.384173676967756E-013
  8.700000000000000E+003  7.604804155849748E-010  5.934825140993996E+001  6.403839658902783E-007  6.195965040433431E-004  6.389625174415133E+000  5.343884945728743E-013
  8.800000000000000E+003  7.522357268803386E-010  6.003032172945592E+001  6.403791780436276E-007  6.146815664148220E-004  6.421882641236021E+000  5.304392506783748E-013
  8.900000000000000E+003  7.441717755433964E-010  6.071238996823156E+001  6.403744951795211E-007  6.098646934054559E-004  6.453816284464839E+000  5.265671900984155E-013
  9.000000000000000E+003  7.362826404844241E-010  6.139445612701603E+001  6.403699138578467E-007  6.051428617721606E-004  6.485430901467229E+000  5.227699684917460E-013
  9.100000000000000E+003  7.285626573530435E-010  6.207652020655360E+001  6.403654307876928E-007  6.005131736705675E-004  6.516731172797857E+000  5.190453377834663E-013
  9.200000000000000E+003  7.210064047461220E-010  6.275858220758353E+001  6.403610428193321E-007  5.959728501460504E-004  6.547721665905511E+000  5.153911411900627E-013
  9.300000000000000E+003  7.136086912961243E-010  6.344064213084017E+001  6.403567469367147E-007  5.915192250286070E-004  6.578406838719225E+000  5.118053085527033E-013
  9.400000000000000E+003  7.063645435750001E-010  6.412269997705293E+001  6.403525402504398E-007  5.871497392025692E-004  6.608791043119244E+000  5.082858519567323E-013
  9.600000000000000E+003  6.923211446913364E-010  6.548680736815750E+001  6.403443842063139E-007  5.786700146085453E-004  6.668385236980423E+000  5.014514264761537E-013
  9.800000000000000E+003  6.788369677500722E-010  6.685090646349900E+001  6.403365530348688E-007  5.704973466047969E-004  6.726836816010125E+000  4.948597108908967E-013
  9.900000000000000E+003  6.722927824186774E-010  6.753295393764702E+001  6.403327529043293E-007  5.665131534258868E-004  6.755781600570929E+000  4.916447334208311E-013
  1.000000000000000E+004  6.658763157423146E-010  6.821499933898872E+001  6.403290269540974E-007  5.625997100272400E-004  6.784449258180612E+000  4.884856726331598E-013
  1.010000000000000E+004  6.595838378057746E-010  6.889704266822929E+001  6.403253730174002E-007  5.587550759284135E-004  6.812843542181013E+000  4.853810341849879E-013
  1.020000000000000E+004  6.534117631085962E-010  6.957908392606761E+001  6.403217890113731E-007  5.549773813634644E-004  6.840968112460206E+000  4.823293657356245E-013
  1.040000000000000E+004  6.414175834560382E-010  7.094315816259179E+001  6.403148234036770E-007  5.476292928563556E-004  6.896163341065302E+000  4.763900582755859E-013
  1.060000000000000E+004  6.298650668477865E-010  7.230722412525910E+001  6.403081143583624E-007  5.405272384682852E-004  6.950331130388452E+000  4.706458529700359E-013
  1.080000000000000E+004  6.187300933697688E-010  7.367128181933857E+001  6.403016478606041E-007  5.336585733767565E-004  7.003497056973974E+000  4.650868200687523E-013
  1.100000000000000E+004  6.079902733106530E-010  7.503533125005492E+001  6.402954109012331E-007  5.270115257785935E-004  7.055685749658704E+000  4.597037302400672E-013
  1.120000000000000E+004  5.976247946765304E-010  7.639937242258155E+001  6.402893913880558E-007  5.205751199736535E-004  7.106920898888596E+000  4.544879810777811E-013
  1.140000000000000E+004  5.876142864698158E-010  7.776340534203742E+001  6.402835780663531E-007  5.143391079440326E-004  7.157225285787829E+000  4.494315392147315E-013
  1.160000000000000E+004  5.779406958950849E-010  7.912743001348701E+001  6.402779604474858E-007  5.082939084413470E-004  7.206620823905579E+000  4.445268900036222E-013
  1.180000000000000E+004  5.685871778987313E-010  8.049144644194153E+001  6.402725287446800E-007  5.024305526245484E-004  7.255128604647505E+000  4.397669942429941E-013
  1.200000000000000E+004  5.595379956361119E-010  8.185545463236036E+001  6.402672738151664E-007  4.967406351885495E-004  7.302768942163369E+000  4.351452500597411E-013
  1.220000000000000E+004  5.507784306305501E-010  8.321945458965291E+001  6.402621871079585E-007  4.912162702163231E-004  7.349561416211371E+000  4.306554587636551E-013
  1.240000000000000E+004  5.422947015422401E-010  8.458344631868049E+001  6.402572606166364E-007  4.858500511806757E-004  7.395524912568000E+000  4.262917940091885E-013
  1.260000000000000E+004  5.340738905998092E-010  8.594742982425795E+001  6.402524868365860E-007  4.806350146291950E-004  7.440677660914583E+000  4.220487738284607E-013
  1.280000000000000E+004  5.261038768641235E-010  8.731140511115554E+001  6.402478587262106E-007  4.755646071545880E-004  7.485037270261273E+000  4.179212352016944E-013
  1.300000000000000E+004  5.183732755950340E-010  8.867537218410058E+001  6.402433696716908E-007  4.706326553042482E-004  7.528620762019678E+000  4.139043108877768E-013
  1.320000000000000E+004  5.108713830792880E-010  9.003933104777886E+001  6.402390134549190E-007  4.658333381251701E-004  7.571444600855289E+000  4.099934082765242E-013
  1.340000000000000E+004  5.035881263537890E-010  9.140328170683651E+001  6.402347842242803E-007  4.611611620762890E-004  7.613524723457950E+000  4.061841900546746E-013
  1.360000000000000E+004  4.965140173243894E-010  9.276722416588109E+001  6.402306764679876E-007  4.566109380713667E-004  7.654876565368742E+000  4.024725565028882E-013
  1.380000000000000E+004  4.896401108379095E-010  9.413115842948314E+001  6.402266849897160E-007  4.521777604425459E-004  7.695515085998350E+000  3.988546292625439E-013
  1.400000000000000E+004  4.829579663152286E-010  9.549508450217743E+001  6.402228048863054E-007  4.478569876382443E-004  7.735454791966397E+000  3.953267364296129E-013
  1.420000000000000E+004  4.764596125971743E-010  9.685900238846416E+001  6.402190315273313E-007  4.436442244896673E-004  7.774709758884645E+000  3.918853988489511E-013
  1.440000000000000E+004  4.701375156933431E-010  9.822291209280999E+001  6.402153605363651E-007  4.395353058982325E-004  7.813293651699921E+000  3.885273174962873E-013
  1.460000000000000E+004  4.639845491577057E-010  9.958681361964922E+001  6.402117877737568E-007  4.355262818120413E-004  7.851219743704891E+000  3.852493618473792E-013
  1.480000000000000E+004  4.579939668444849E-010  1.009507069733847E+002  6.402083093208055E-007  4.316134033734145E-004  7.888500934317927E+000  3.820485591444634E-013
  1.500000000000000E+004  4.521593778238983E-010  1.023145921583888E+002  6.402049214651813E-007  4.277931101317803E-004  7.925149765725627E+000  3.789220844795039E-013
  1.520000000000000E+004  4.464747232603943E-010  1.036784691790041E+002  6.402016206874910E-007  4.240620182270059E-004  7.961178438474887E+000  3.758672516219909E-013
  1.540000000000000E+004  4.409342550763638E-010  1.050423380395445E+002  6.401984036488812E-007  4.204169094578467E-004  7.996598826094797E+000  3.728815045263321E-013
  1.560000000000000E+004  4.355325162423415E-010  1.064061987442957E+002  6.401952671795843E-007  4.168547211586794E-004  8.031422488822248E+000  3.699624094603450E-013
  1.580000000000000E+004  4.302643225506897E-010  1.077700512975159E+002  6.401922082683279E-007  4.133725368152433E-004  8.065660686499424E+000  3.671076477020896E-013
  1.600000000000000E+004  4.251247457439685E-010  1.091338957034366E+002  6.401892240525324E-007  4.099675773568363E-004  8.099324390705695E+000  3.643150087573917E-013
  1.620000000000000E+004  4.201090978818196E-010  1.104977319662629E+002  6.401863118092276E-007  4.066371930684197E-004  8.132424296181465E+000  3.615823840549529E-013
  1.640000000000000E+004  4.152129168414521E-010  1.118615600901748E+002  6.401834689466271E-007  4.033788560714389E-004  8.164970831596706E+000  3.589077610800133E-013
  1.660000000000000E+004  4.104319528568695E-010  1.132253800793265E+002  6.401806929963092E-007  4.001901533269777E-004  8.196974169712538E+000  3.562892179111676E-013
  1.680000000000000E+004  4.057621560109346E-010  1.145891919378482E+002  6.401779816059477E-007  3.970687801191422E-004  8.228444236980225E+000  3.537249181281867E-013
  1.700000000000000E+004  4.011996646024174E-010  1.159529956698457E+002  6.401753325325538E-007  3.940125339804416E-004  8.259390722618159E+000  3.512131060616220E-013
  1.720000000000000E+004  3.967407943173549E-010  1.173167912794011E+002  6.401727436361855E-007  3.910193090243819E-004  8.289823087204091E+000  3.487521023575919E-013
  1.740000000000000E+004  3.923820281405113E-010  1.186805787705730E+002  6.401702128740844E-007  3.880870906535981E-004  8.319750570816709E+000  3.463402998335015E-013
  1.760000000000000E+004  3.881200069485217E-010  1.200443581473976E+002  6.401677382952125E-007  3.852139506146577E-004  8.349182200757749E+000  3.439761596025757E-013
  1.780000000000000E+004  3.839515207315243E-010  1.214081294138881E+002  6.401653180351495E-007  3.823980423731847E-004  8.378126798883340E+000  3.416582074470006E-013
  1.800000000000000E+004  3.798735003947774E-010  1.227718925740357E+002  6.401629503113334E-007  3.796375967852282E-004  8.406592988570781E+000  3.393850304211873E-013
  1.820000000000000E+004  3.758830100959946E-010  1.241356476318095E+002  6.401606334186053E-007  3.769309180428596E-004  8.434589201344883E+000  3.371552736682417E-013
  1.840000000000000E+004  3.719772400779574E-010  1.254993945911572E+002  6.401583657250477E-007  3.742763798738415E-004  8.462123683185920E+000  3.349676374341370E-013
  1.860000000000000E+004  3.681534999594141E-010  1.268631334560051E+002  6.401561456680847E-007  3.716724219768888E-004  8.489204500539630E+000  3.328208742653597E-013
  1.880000000000000E+004  3.644092124504081E-010  1.282268642302586E+002  6.401539717508334E-007  3.691175466755791E-004  8.515839546047687E+000  3.307137863769698E-013
  1.900000000000000E+004  3.607419074610013E-010  1.295905869178021E+002  6.401518425386793E-007  3.666103157753427E-004  8.542036544016190E+000  3.286452231790660E-013
  1.920000000000000E+004  3.571492165749370E-010  1.309543015224997E+002  6.401497566560670E-007  3.641493476092316E-004  8.567803055637642E+000  3.266140789506076E-013
  1.940000000000000E+004  3.536288678621079E-010  1.323180080481951E+002  6.401477127834859E-007  3.617333142593033E-004  8.593146483981291E+000  3.246192906504209E-013
  1.960000000000000E+004  3.501786810058203E-010  1.336817064987121E+002  6.401457096546401E-007  3.593609389415026E-004  8.618074078765174E+000  3.226598358560124E-013
  1.980000000000000E+004  3.467965627227686E-010  1.350453968778543E+002  6.401437460537871E-007  3.570309935428714E-004  8.642592940922395E+000  3.207347308215359E-013
  2.000000000000000E+004  3.434805024553917E-010  1.364090791894061E+002  6.401418208132360E-007  3.547422963007861E-004  8.666710026973155E+000  3.188430286469298E-013
