! time                    frank_diameter          perfect_diameter        faulted_diameter        void_diameter           
  0.000000000000000E+000  0.000000000000000E+000  0.000000000000000E+000  0.000000000000000E+000  0.000000000000000E+000
  1.000000000000000E-001  4.858927032163884E-001  4.329410651876703E-001  4.566763811076698E-001  2.556633065167860E-001
  2.000000000000001E-001  5.457760615142384E-001  4.430674353957095E-001  4.541957310938101E-001  2.556658996496425E-001
  3.000000000000002E-001  5.864379879106287E-001  4.558959948252882E-001  4.550301242421729E-001  2.556711700004415E-001
  4.000000000000003E-001  6.172109319071610E-001  4.702490185657164E-001  4.572663482113127E-001  2.556769499409571E-001
  5.000000000000003E-001  6.412445901132813E-001  4.856076417742886E-001  4.602357813419612E-001  2.556828133456313E-001
  6.000000000000004E-001  6.607585453010920E-001  5.016324291855214E-001  4.637805349904693E-001  2.556886076124781E-001
  7.000000000000005E-001  6.773153445366989E-001  5.180352111776725E-001  4.680093253732233E-001  2.556942226411823E-001
  8.000000000000006E-001  6.912803501373918E-001  5.347749130118500E-001  4.726975082231855E-001  2.556996580092851E-001
  9.000000000000007E-001  7.032501292265567E-001  5.517639635174288E-001  4.778911550729212E-001  2.557048875830446E-001
  1.000000000000001E+000  7.136346571408293E-001  5.689397378660817E-001  4.836250536799016E-001  2.557098913543109E-001
  1.100000000000001E+000  7.227284740008596E-001  5.862554386358544E-001  4.899279572951000E-001  2.557146533140091E-001
  1.200000000000001E+000  7.307507303011672E-001  6.036742544648860E-001  4.968228454760269E-001  2.557191599981493E-001
  1.300000000000001E+000  7.378692196422737E-001  6.211657159663012E-001  5.043256805195899E-001  2.557233997633291E-001
  1.400000000000001E+000  7.442155472698121E-001  6.387033505692662E-001  5.124439106757742E-001  2.557273624147240E-001
  1.500000000000001E+000  7.498721766571598E-001  6.562722945273367E-001  5.208793712060346E-001  2.557310875983155E-001
  1.600000000000001E+000  7.549622362556483E-001  6.738426374371673E-001  5.299750253418885E-001  2.557345159875975E-001
  1.700000000000001E+000  7.595513295147316E-001  6.913944432585998E-001  5.396777859814584E-001  2.557376436532099E-001
  1.800000000000001E+000  7.636966292012771E-001  7.089076461354883E-001  5.499493563727166E-001  2.557404648929181E-001
  1.900000000000001E+000  7.674470282446183E-001  7.263628607034225E-001  5.607445549006262E-001  2.557429751511535E-001
  2.000000000000001E+000  7.708447722837878E-001  7.437415131527451E-001  5.720114704203393E-001  2.557451711463841E-001
  2.100000000000001E+000  7.739267046259917E-001  7.610259627524922E-001  5.836923023698527E-001  2.557470510357540E-001
  2.200000000000002E+000  7.767252306293310E-001  7.781995730884006E-001  5.957246208853406E-001  2.557486145991625E-001
  2.300000000000002E+000  7.792690727473099E-001  7.952467142482300E-001  6.080428302787557E-001  2.557498634228803E-001
  2.400000000000002E+000  7.815838636934892E-001  8.121527089316771E-001  6.205796694499891E-001  2.557508010620966E-001
  2.500000000000002E+000  7.836926106008145E-001  8.289037614206133E-001  6.332676327478370E-001  2.557514331639724E-001
  2.600000000000002E+000  7.856160553910226E-001  8.454869151886927E-001  6.460402443030633E-001  2.557517675371642E-001
  2.700000000000002E+000  7.873729532108227E-001  8.618900696675258E-001  6.588331634867286E-001  2.557518141592433E-001
  2.800000000000002E+000  7.889802890283405E-001  8.781020590113177E-001  6.715851314363476E-001  2.557515851190305E-001
  2.900000000000002E+000  7.904534503370975E-001  8.941127708458279E-001  6.842387818472522E-001  2.557510944958084E-001
  3.000000000000002E+000  7.918063706619644E-001  9.099132714328168E-001  6.967413317428311E-001  2.557503581811864E-001
  3.100000000000002E+000  7.930516545736896E-001  9.254959063265901E-001  7.090451454408679E-001  2.557493936520456E-001
  3.200000000000002E+000  7.942006910285255E-001  9.408543565421649E-001  7.211081395805337E-001  2.557482197046677E-001
  3.300000000000002E+000  7.952637587381849E-001  9.559836426475166E-001  7.328939831364001E-001  2.557468561611700E-001
  3.400000000000002E+000  7.962480042228144E-001  9.708705373695392E-001  7.444549528563000E-001  2.557453007067303E-001
  3.500000000000002E+000  7.971641783368069E-001  9.855209109114076E-001  7.556646918717086E-001  2.557436016242458E-001
  3.600000000000001E+000  7.980198329917318E-001  9.999335920951392E-001  7.665058042105306E-001  2.557417797680564E-001
  3.700000000000001E+000  7.988217507842268E-001  1.014108379476005E+000  7.769645791007479E-001  2.557398556952576E-001
  3.800000000000001E+000  7.995760259324777E-001  1.028045852090592E+000  7.870304024223651E-001  2.557378494431796E-001
  3.900000000000000E+000  8.002881365500123E-001  1.041747259595391E+000  7.966953111643447E-001  2.557357803010032E-001
  4.000000000000000E+000  8.009630085856718E-001  1.055214432033721E+000  8.059537169046114E-001  2.557336666104779E-001
  4.100000000000000E+000  8.016050719252710E-001  1.068449709016855E+000  8.148022841243231E-001  2.557315255971585E-001
  4.199999999999999E+000  8.022183093176566E-001  1.081455884999012E+000  8.232399198097087E-001  2.557293732328127E-001
  4.299999999999999E+000  8.028062989208726E-001  1.094236165746432E+000  8.312678179026772E-001  2.557272241292229E-001
  4.399999999999999E+000  8.033722513395452E-001  1.106794130944821E+000  8.388895044859960E-001  2.557250914632075E-001
  4.499999999999998E+000  8.039190420355293E-001  1.119133698741168E+000  8.461108421635015E-001  2.557229869322393E-001
  4.599999999999998E+000  8.044492399471417E-001  1.131259089370947E+000  8.529399690766214E-001  2.557209207394668E-001
  4.699999999999998E+000  8.049673152528312E-001  1.143158158357630E+000  8.593819496389707E-001  2.557189116805759E-001
  4.799999999999997E+000  8.054732645103988E-001  1.154852807208036E+000  8.654535906542702E-001  2.557169570398040E-001
  4.899999999999997E+000  8.059688450346200E-001  1.166347931019064E+000  8.711695885822285E-001  2.557150624589454E-001
  4.999999999999996E+000  8.064555998515195E-001  1.177648583963342E+000  8.765458839303748E-001  2.557132322220937E-001
  5.099999999999996E+000  8.069348766390159E-001  1.188759895752602E+000  8.815993384405908E-001  2.557114694593663E-001
  5.199999999999996E+000  8.074078455216850E-001  1.199687030881140E+000  8.863474249384486E-001  2.557097762503958E-001
  5.299999999999995E+000  8.078755158372498E-001  1.210435151163193E+000  8.908079394934830E-001  2.557081537323836E-001
  5.399999999999995E+000  8.083387519451847E-001  1.221009382163720E+000  8.949987425208669E-001  2.557066022103938E-001
  5.499999999999995E+000  8.087982881148337E-001  1.231414783843866E+000  8.989375326441186E-001  2.557051212671744E-001
  5.599999999999994E+000  8.092547425088835E-001  1.241656325516705E+000  9.026416548052429E-001  2.557037098701495E-001
  5.699999999999994E+000  8.097086302654870E-001  1.251738865038683E+000  9.061279423169395E-001  2.557023664736339E-001
  5.799999999999994E+000  8.101603756767516E-001  1.261667132038596E+000  9.094125912671515E-001  2.557010891147626E-001
  5.899999999999993E+000  8.106103234610998E-001  1.271445714901299E+000  9.125110648339656E-001  2.556998755020176E-001
  5.999999999999993E+000  8.110587491306138E-001  1.281079051170390E+000  9.154380245622964E-001  2.556987230956224E-001
  6.099999999999993E+000  8.115058684607693E-001  1.290571421006049E+000  9.182072854109367E-001  2.556976291794054E-001
  6.199999999999992E+000  8.119518460777204E-001  1.299926943325171E+000  9.208317913287811E-001  2.556965909240187E-001
  6.299999999999992E+000  8.123968031867334E-001  1.309149574255859E+000  9.233236082048726E-001  2.556956054416485E-001
  6.399999999999991E+000  8.128408244736313E-001  1.318243107553373E+000  9.256939312134547E-001  2.556946698325328E-001
  6.499999999999991E+000  8.132839642186377E-001  1.327211176646495E+000  9.279531038084790E-001  2.556937812237595E-001
  6.599999999999991E+000  8.137262516684642E-001  1.336057258009525E+000  9.301106458868329E-001  2.556929368009187E-001
  6.799999999999991E+000  8.146198863240268E-001  1.353365425078862E+000  9.341557260811866E-001  2.556913955876418E-001
  6.999999999999991E+000  8.155088263651615E-001  1.370226634320969E+000  9.379048558399268E-001  2.556899882680028E-001
  7.199999999999991E+000  8.163929589802149E-001  1.386662673641926E+000  9.414018291819618E-001  2.556886999547681E-001
  7.399999999999991E+000  8.172720650496196E-001  1.402693654784147E+000  9.446835925422437E-001  2.556875169665920E-001
  7.599999999999992E+000  8.181458671345927E-001  1.418338134128016E+000  9.477810592398639E-001  2.556864270207212E-001
  7.799999999999992E+000  8.190140627185697E-001  1.433613259378954E+000  9.507199444529629E-001  2.556854192514018E-001
  7.999999999999992E+000  8.198763463210290E-001  1.448534910128292E+000  9.535215603149046E-001  2.556844841513459E-001
  8.199999999999992E+000  8.207324234806722E-001  1.463117828457368E+000  9.562035385215847E-001  2.556836134671647E-001
  8.399999999999991E+000  8.215820189878779E-001  1.477375737557817E+000  9.587804658308893E-001  2.556828000714014E-001
  8.599999999999991E+000  8.224248811869781E-001  1.491321447684029E+000  9.612644293563367E-001  2.556820378270402E-001
  8.799999999999990E+000  8.232607836934771E-001  1.504966949667910E+000  9.636654755986069E-001  2.556813214549534E-001
  8.999999999999989E+000  8.240895254874212E-001  1.518323496793091E+000  9.659919910837184E-001  2.556806464106325E-001
  9.199999999999989E+000  8.249109300471542E-001  1.531401676131851E+000  9.682510142775586E-001  2.556800087735204E-001
  9.399999999999988E+000  8.257248439665559E-001  1.544211470569818E+000  9.704484888573416E-001  2.556794051501867E-001
  9.599999999999987E+000  8.265311353398983E-001  1.556762312742961E+000  9.725894679779015E-001  2.556788325912242E-001
  9.799999999999986E+000  8.273296920880162E-001  1.569063132036599E+000  9.746782782561866E-001  2.556782885209358E-001
  9.999999999999986E+000  8.281204203254386E-001  1.581122395681591E+000  9.767186510718746E-001  2.556777706784600E-001
  1.019999999999999E+001  8.289032428202577E-001  1.592948144852611E+000  9.787138276149389E-001  2.556772770688271E-001
  1.039999999999998E+001  8.296780975689476E-001  1.604548026542741E+000  9.806666430041880E-001  2.556768059224502E-001
  1.059999999999998E+001  8.304449364910188E-001  1.615929321866676E+000  9.825795938086138E-001  2.556763556616673E-001
  1.079999999999998E+001  8.312037242390422E-001  1.627098971336146E+000  9.844548924483774E-001  2.556759248731021E-001
  1.099999999999998E+001  8.319544371151228E-001  1.638063597557457E+000  9.862945112366344E-001  2.556755122847945E-001
  1.149999999999998E+001  8.338276555115970E-001  1.664525729682030E+000  9.908286864221904E-001  2.556745616501930E-001
  1.199999999999998E+001  8.356451778627541E-001  1.689840637835068E+000  9.951667074926018E-001  2.556736949455076E-001
  1.249999999999998E+001  8.374083075664216E-001  1.714089813252600E+000  9.993239128396855E-001  2.556729053017119E-001
  1.299999999999998E+001  8.391183450424416E-001  1.737347072212589E+000  1.003315637338692E+000  2.556721846080984E-001
  1.349999999999998E+001  8.407766365950646E-001  1.759679294934697E+000  1.007155535708564E+000  2.556715252139609E-001
  1.399999999999998E+001  8.423845792786295E-001  1.781147198398755E+000  1.010855383435377E+000  2.556709203824979E-001
  1.449999999999998E+001  8.439436110542144E-001  1.801806042364932E+000  1.014425303402493E+000  2.556703643106984E-001
  1.499999999999998E+001  8.454551973312080E-001  1.821706249626595E+000  1.017874062870515E+000  2.556698520202426E-001
  1.549999999999998E+001  8.469208178101965E-001  1.840893944203220E+000  1.021209337093605E+000  2.556693792276514E-001
  1.599999999999998E+001  8.483419548416176E-001  1.859411417465016E+000  1.024437920161343E+000  2.556689422271038E-001
  1.649999999999998E+001  8.497200835463513E-001  1.877297532732911E+000  1.027565888240054E+000  2.556685377929414E-001
  1.699999999999998E+001  8.510566636196372E-001  1.894588077740327E+000  1.030598725219687E+000  2.556681631005965E-001
  1.749999999999998E+001  8.523531326444453E-001  1.911316072878629E+000  1.033541419903970E+000  2.556678156627755E-001
  1.799999999999998E+001  8.536109007240820E-001  1.927512041806679E+000  1.036398541885299E+000  2.556674932777638E-001
  1.849999999999998E+001  8.548313462531097E-001  1.943204249880113E+000  1.039174301417397E+000  2.556671939872879E-001
  1.899999999999998E+001  8.560158126625691E-001  1.958418914938784E+000  1.041872597188172E+000  2.556669160419052E-001
  1.949999999999998E+001  8.571656059937329E-001  1.973180394246720E+000  1.044497054863622E+000  2.556666578723763E-001
  1.999999999999998E+001  8.582819931722520E-001  1.987511350773856E+000  1.047051058529605E+000  2.556664180658116E-001
  2.049999999999998E+001  8.593662008708083E-001  2.001432901514042E+000  1.049537776620736E+000  2.556661953456718E-001
  2.099999999999998E+001  8.604194148631360E-001  2.014964750126637E+000  1.051960183534174E+000  2.556659885548906E-001
  2.149999999999998E+001  8.614427797854413E-001  2.028125305852210E+000  1.054321077838310E+000  2.556657966415510E-001
  2.199999999999998E+001  8.624373992329714E-001  2.040931790372387E+000  1.056623097772755E+000  2.556656186466628E-001
  2.249999999999998E+001  8.634043361297743E-001  2.053400334049416E+000  1.058868734576218E+000  2.556654536936774E-001
  2.299999999999998E+001  8.643446133187521E-001  2.065546062783881E+000  1.061060344058203E+000  2.556653009794537E-001
  2.349999999999998E+001  8.652592143269884E-001  2.077383176562625E+000  1.063200156738890E+000  2.556651597664327E-001
  2.399999999999998E+001  8.661490842681930E-001  2.088925020627939E+000  1.065290286811526E+000  2.556650293758361E-001
  2.449999999999998E+001  8.670151308500528E-001  2.100184150079047E+000  1.067332740127884E+000  2.556649091817246E-001
  2.499999999999998E+001  8.678582254593866E-001  2.111172388614492E+000  1.069329421365810E+000  2.556647986057928E-001
  2.549999999999998E+001  8.686792043024419E-001  2.121900882036206E+000  1.071282140505671E+000  2.556646971127910E-001
  2.599999999999998E+001  8.694788695814302E-001  2.132380147060576E+000  1.073192618717447E+000  2.556646042064813E-001
  2.649999999999998E+001  8.702579906916612E-001  2.142620115916699E+000  1.075062493740604E+000  2.556645194260601E-001
  2.699999999999998E+001  8.710173054263914E-001  2.152630177155764E+000  1.076893324823526E+000  2.556644423429774E-001
  2.749999999999998E+001  8.717575211788670E-001  2.162419213046574E+000  1.078686597277134E+000  2.556643725581051E-001
  2.799999999999998E+001  8.724793161330329E-001  2.171995633889849E+000  1.080443726687795E+000  2.556643096992079E-001
  2.899999999999998E+001  8.738772385679807E-001  2.190466298522744E+000  1.083882662027761E+000  2.556642035338936E-001
  2.999999999999998E+001  8.752078850397444E-001  2.208180888561412E+000  1.087188977864478E+000  2.556641209763264E-001
  3.099999999999998E+001  8.764759176164724E-001  2.225192329855480E+000  1.090372218809263E+000  2.556640600150042E-001
  3.199999999999998E+001  8.776856041068731E-001  2.241548510380157E+000  1.093441235192630E+000  2.556640187113829E-001
  3.299999999999999E+001  8.788408571093566E-001  2.257292865231881E+000  1.096404088536450E+000  2.556639953349574E-001
  3.399999999999999E+001  8.799452674239133E-001  2.272464891495998E+000  1.099268124122965E+000  2.556639883469561E-001
  3.499999999999999E+001  8.810021340342985E-001  2.287100593535666E+000  1.102040048041353E+000  2.556639963753243E-001
  3.599999999999999E+001  8.820144911295746E-001  2.301232868669750E+000  1.104725995014690E+000  2.556640181927644E-001
  3.699999999999999E+001  8.829851324560225E-001  2.314891842320097E+000  1.107331587461628E+000  2.556640526981307E-001
  3.799999999999999E+001  8.839166332579859E-001  2.328105160226946E+000  1.109861987164481E+000  2.556640989006452E-001
  3.899999999999999E+001  8.848113700457105E-001  2.340898244054717E+000  1.112321940696416E+000  2.556641559064413E-001
  3.999999999999999E+001  8.856715384083931E-001  2.353294515664412E+000  1.114715819528068E+000  2.556642229070427E-001
  4.099999999999999E+001  8.864991690712044E-001  2.365315594473485E+000  1.117047655559579E+000  2.556642991694535E-001
  4.199999999999999E+001  8.872961423763368E-001  2.376981471622102E+000  1.119321172693590E+000  2.556643840276032E-001
  4.299999999999999E+001  8.880642013505496E-001  2.388310664086049E+000  1.121539814964190E+000  2.556644768749309E-001
  4.399999999999999E+001  8.888049635053371E-001  2.399320351397738E+000  1.123706771657230E+000  2.556645771579369E-001
  4.499999999999999E+001  8.895199315008524E-001  2.410026497238711E+000  1.125824999793188E+000  2.556646843705529E-001
  4.599999999999999E+001  8.902105027910214E-001  2.420443957835110E+000  1.127897244290890E+000  2.556647980492174E-001
  4.699999999999999E+001  8.908779783549093E-001  2.430586578809498E+000  1.129926056086503E+000  2.556649177685493E-001
  4.799999999999999E+001  8.915235706082221E-001  2.440467281908801E+000  1.131913808445316E+000  2.556650431375377E-001
  4.899999999999999E+001  8.921484105787919E-001  2.450098142831104E+000  1.133862711672618E+000  2.556651737961806E-001
  4.999999999999999E+001  8.927535544209135E-001  2.459490461207353E+000  1.135774826403406E+000  2.556653094125080E-001
  5.099999999999999E+001  8.933399893353700E-001  2.468654823652513E+000  1.137652075627959E+000  2.556654496799400E-001
  5.199999999999999E+001  8.939086389548103E-001  2.477601160680327E+000  1.139496255590795E+000  2.556655943149378E-001
  5.399999999999999E+001  8.950003760773073E-001  2.494778259336135E+000  1.143127049367956E+000  2.556658952715497E-001
  5.599999999999999E+001  8.960301997425442E-001  2.511194675285749E+000  1.146640690976058E+000  2.556662109301699E-001
  5.799999999999999E+001  8.970037348158182E-001  2.526910302749713E+000  1.150048425918493E+000  2.556665395153601E-001
  5.999999999999999E+001  8.979259513757819E-001  2.541978520774339E+000  1.153360149680836E+000  2.556668796110275E-001
  6.199999999999999E+001  8.988012560483508E-001  2.556447079398030E+000  1.156584574729463E+000  2.556672299865750E-001
  6.399999999999999E+001  8.996335686097204E-001  2.570358843948693E+000  1.159729397324282E+000  2.556675895648019E-001
  6.599999999999999E+001  9.004263865898325E-001  2.583752422475165E+000  1.162801437807618E+000  2.556679573990699E-001
  6.799999999999999E+001  9.011828399841666E-001  2.596662697342251E+000  1.165806758111370E+000  2.556683326544641E-001
  6.999999999999999E+001  9.019057377732799E-001  2.609121277803391E+000  1.168750760717581E+000  2.556687145921002E-001
  7.199999999999999E+001  9.025976076285895E-001  2.621156887057704E+000  1.171638272506007E+000  2.556691025559869E-001
  7.399999999999999E+001  9.032607299275562E-001  2.632795694706902E+000  1.174473616192137E+000  2.556694959619736E-001
  7.599999999999999E+001  9.038971669973388E-001  2.644061603484449E+000  1.177260671493404E+000  2.556698942884043E-001
  7.799999999999999E+001  9.045087883421372E-001  2.654976497508329E+000  1.180002927731926E+000  2.556702970681844E-001
  7.999999999999999E+001  9.050972924772979E-001  2.665560458014708E+000  1.182703529253222E+000  2.556707038820129E-001
  8.199999999999999E+001  9.056642258863061E-001  2.675831951491325E+000  1.185365314785120E+000  2.556711143525879E-001
  8.399999999999999E+001  9.062109995298132E-001  2.685807994290916E+000  1.187990851660149E+000  2.556715281396266E-001
  8.599999999999999E+001  9.067389032648567E-001  2.695504297124891E+000  1.190582465664903E+000  2.556719449355699E-001
  8.799999999999999E+001  9.072491184742764E-001  2.704935392282790E+000  1.193142267151351E+000  2.556723644618642E-001
  8.999999999999999E+001  9.077427291584718E-001  2.714114745968784E+000  1.195672173941026E+000  2.556727864657328E-001
  9.499999999999999E+001  9.089215684576665E-001  2.735792423359513E+000  1.202003405303562E+000  2.556738484417584E-001
  9.999999999999999E+001  9.100153570625624E-001  2.756169877481556E+000  1.208163997135027E+000  2.556749217206165E-001
  1.050000000000000E+002  9.110353290530969E-001  2.775389084512618E+000  1.214175934606043E+000  2.556760036028477E-001
  1.100000000000000E+002  9.119907894234864E-001  2.793570558637389E+000  1.220056695048676E+000  2.556770921049062E-001
  1.150000000000000E+002  9.128895099364948E-001  2.810817395757019E+000  1.225820338715298E+000  2.556781856176439E-001
  1.200000000000000E+002  9.137380317483703E-001  2.827218419448459E+000  1.231478297941622E+000  2.556792828244350E-001
  1.250000000000000E+002  9.145418993312144E-001  2.842850655769616E+000  1.237039954246285E+000  2.556803826404523E-001
  1.300000000000000E+002  9.153058431573859E-001  2.857781300160312E+000  1.242513070550956E+000  2.556814841664259E-001
  1.350000000000000E+002  9.160339237394078E-001  2.872069295515099E+000  1.247904121015703E+000  2.556825866529984E-001
  1.400000000000000E+002  9.167296462138498E-001  2.885766609384617E+000  1.253218546281970E+000  2.556836894729188E-001
  1.450000000000000E+002  9.173960522494615E-001  2.898919276045338E+000  1.258460953126640E+000  2.556847920991288E-001
  1.500000000000000E+002  9.180357943367390E-001  2.911568253114949E+000  1.263635271986145E+000  2.556858940873362E-001
  1.550000000000000E+002  9.186511962692169E-001  2.923750130638645E+000  1.268744882132495E+000  2.556869950620402E-001
  1.600000000000000E+002  9.192443027147307E-001  2.935497721877231E+000  1.273792711749623E+000  2.556880947052412E-001
  1.610000000000000E+002  9.193591290703902E-001  2.937820493247553E+000  1.274778810771749E+000  2.556883150733373E-001
  1.620000000000000E+002  9.194731580553349E-001  2.940127018705752E+000  1.275762945020922E+000  2.556885352690498E-001
  1.640000000000000E+002  9.196994968568870E-001  2.944681127547986E+000  1.277733315804082E+000  2.556889751417578E-001
  1.660000000000000E+002  9.199227924196577E-001  2.949173142543696E+000  1.279695461025391E+000  2.556894147337843E-001
  1.680000000000000E+002  9.201431412958382E-001  2.953604714520230E+000  1.281649444940497E+000  2.556898540115972E-001
  1.700000000000000E+002  9.203606356207898E-001  2.957977430426969E+000  1.283595338063643E+000  2.556902929652153E-001
  1.750000000000000E+002  9.208968190232558E-001  2.968587912174242E+000  1.288477668612251E+000  2.556913869782543E-001
  1.800000000000000E+002  9.214168341886434E-001  2.978866435206386E+000  1.293306007683779E+000  2.556924789162925E-001
  1.850000000000000E+002  9.219218198030643E-001  2.988832993464595E+000  1.298082217925744E+000  2.556935685519612E-001
  1.900000000000000E+002  9.224127998149648E-001  2.998505852844882E+000  1.302807907757584E+000  2.556946557547027E-001
  1.950000000000000E+002  9.228906976396243E-001  3.007901742011205E+000  1.307484506564797E+000  2.556957404186981E-001
  2.000000000000000E+002  9.233563483463643E-001  3.017036018008972E+000  1.312113310231245E+000  2.556968224572971E-001
  2.050000000000000E+002  9.238105091347394E-001  3.025922810445491E+000  1.316695509829564E+000  2.556979017992752E-001
  2.100000000000000E+002  9.242538683642229E-001  3.034575147418936E+000  1.321232211262289E+000  2.556989783862313E-001
  2.150000000000000E+002  9.246870533606599E-001  3.043005065863397E+000  1.325724449650488E+000  2.557000521706472E-001
  2.200000000000000E+002  9.251106371862109E-001  3.051223708544617E+000  1.330173200363752E+000  2.557011231143560E-001
  2.250000000000000E+002  9.255251445285081E-001  3.059241409581648E+000  1.334579387720934E+000  2.557021911872818E-001
  2.300000000000000E+002  9.259310568390470E-001  3.067067770072618E+000  1.338943891978707E+000  2.557032563663795E-001
  2.350000000000000E+002  9.263288168295726E-001  3.074711725157306E+000  1.343267555011373E+000  2.557043186347350E-001
  2.400000000000000E+002  9.267188324177259E-001  3.082181603645941E+000  1.347551184964249E+000  2.557053779807855E-001
  2.450000000000000E+002  9.271014801987919E-001  3.089485181174640E+000  1.351795560088358E+000  2.557064343976491E-001
  2.500000000000000E+002  9.274771085084076E-001  3.096629727707138E+000  1.356001431914600E+000  2.557074878825399E-001
  2.550000000000000E+002  9.278460401312149E-001  3.103622050084513E+000  1.360169527890941E+000  2.557085384362560E-001
  2.600000000000000E+002  9.282085747021670E-001  3.110468530225651E+000  1.364300553580718E+000  2.557095860627338E-001
  2.650000000000000E+002  9.285649908403260E-001  3.117175159497811E+000  1.368395194500886E+000  2.557106307686546E-001
  2.700000000000000E+002  9.289155480492013E-001  3.123747569706053E+000  1.372454117664154E+000  2.557116725630995E-001
  2.800000000000000E+002  9.296072861687169E-001  3.136413746621903E+000  1.380540405052704E+000  2.557137432593106E-001
  2.900000000000000E+002  9.302779278375110E-001  3.148609616613664E+000  1.388482711072020E+000  2.557158027902960E-001
  3.000000000000000E+002  9.309290250619017E-001  3.160369138649661E+000  1.396287318134850E+000  2.557178511435942E-001
  3.100000000000000E+002  9.315619511880958E-001  3.171722734129462E+000  1.403959866633567E+000  2.557198884276785E-001
  3.150000000000000E+002  9.318690595581157E-001  3.177293699182830E+000  1.407719032627617E+000  2.557209048961078E-001
  3.200000000000000E+002  9.321721403570856E-001  3.182772020464932E+000  1.411448819232256E+000  2.557219185209620E-001
  3.250000000000000E+002  9.324713251339024E-001  3.188160760275767E+000  1.415149621108319E+000  2.557229293900140E-001
  3.300000000000000E+002  9.327667383137322E-001  3.193462831708668E+000  1.418821875552051E+000  2.557239375423030E-001
  3.350000000000000E+002  9.330584977378065E-001  3.198681008247255E+000  1.422466035608944E+000  2.557249430082056E-001
  3.400000000000000E+002  9.333467151431567E-001  3.203817932551534E+000  1.426082557737610E+000  2.557259458141579E-001
  3.500000000000000E+002  9.339179113120034E-001  3.213795850949717E+000  1.433282145729957E+000  2.557279401432700E-001
  3.550000000000000E+002  9.341961288588572E-001  3.218703755213266E+000  1.436817323139012E+000  2.557289352243831E-001
  3.600000000000000E+002  9.344711964170916E-001  3.223539819871424E+000  1.440326784702615E+000  2.557299276755329E-001
  3.650000000000000E+002  9.347432011513757E-001  3.228306143480838E+000  1.443810907746389E+000  2.557309175649207E-001
  3.700000000000000E+002  9.350122261775498E-001  3.233004733950969E+000  1.447270087031867E+000  2.557319049253939E-001
  3.800000000000000E+002  9.355459605272488E-001  3.242153548554658E+000  1.454155879255779E+000  2.557338690338937E-001
  3.900000000000000E+002  9.360685049902917E-001  3.251056237009132E+000  1.460943024774871E+000  2.557358235335507E-001
  3.950000000000000E+002  9.363237650763570E-001  3.255443553584596E+000  1.464281836799574E+000  2.557367987424750E-001
  4.000000000000000E+002  9.365764700173338E-001  3.259773542782595E+000  1.467598176202863E+000  2.557377714981039E-001
  4.050000000000000E+002  9.368266810689946E-001  3.264047704220291E+000  1.470892356533644E+000  2.557387418660674E-001
  4.100000000000000E+002  9.370744570029254E-001  3.268267479330909E+000  1.474164708727878E+000  2.557397098792097E-001
  4.150000000000000E+002  9.373198542544751E-001  3.272434254368352E+000  1.477415567761181E+000  2.557406755638363E-001
  4.200000000000000E+002  9.375629270559189E-001  3.276549363198400E+000  1.480645266932568E+000  2.557416389432780E-001
  4.300000000000000E+002  9.380457744386466E-001  3.284588365530065E+000  1.487074611610314E+000  2.557435561145239E-001
  4.400000000000000E+002  9.385197932039118E-001  3.292437423856526E+000  1.493420696242425E+000  2.557454644863739E-001
  4.500000000000000E+002  9.389853534963488E-001  3.300105439484003E+000  1.499686330093711E+000  2.557473641442565E-001
  4.600000000000000E+002  9.394428001245769E-001  3.307600701475099E+000  1.505874130911829E+000  2.557492552232586E-001
  4.700000000000000E+002  9.398924549298853E-001  3.314930941375110E+000  1.511986574826336E+000  2.557511378656398E-001
  4.800000000000000E+002  9.403346188928143E-001  3.322103382035573E+000  1.518026016613687E+000  2.557530122133606E-001
  4.900000000000000E+002  9.407695740030693E-001  3.329124781236382E+000  1.523994701015037E+000  2.557548784059335E-001
  5.000000000000000E+002  9.411975849212919E-001  3.336001470744375E+000  1.529894770777884E+000  2.557567365797472E-001
  5.100000000000000E+002  9.416189004589076E-001  3.342739391364720E+000  1.535728273165631E+000  2.557585868678378E-001
  5.200000000000000E+002  9.420337548990948E-001  3.349344124466306E+000  1.541497165584232E+000  2.557604293998282E-001
  5.300000000000000E+002  9.424423691788327E-001  3.355820920396964E+000  1.547203320617687E+000  2.557622643019394E-001
  5.400000000000000E+002  9.428449519492251E-001  3.362174724148781E+000  1.552848530624290E+000  2.557640916970395E-001
  5.500000000000000E+002  9.432417005289434E-001  3.368410198586033E+000  1.558434511982224E+000  2.557659117047123E-001
  5.600000000000000E+002  9.436328017635797E-001  3.374531745507972E+000  1.563962909040746E+000  2.557677244413404E-001
  5.700000000000000E+002  9.440184328019834E-001  3.380543524783678E+000  1.569435297815424E+000  2.557695300201928E-001
  5.800000000000000E+002  9.443987617991551E-001  3.386449471766766E+000  1.574853189455384E+000  2.557713285515176E-001
  5.900000000000000E+002  9.447739485540337E-001  3.392253313171901E+000  1.580218033504014E+000  2.557731201426366E-001
  6.000000000000000E+002  9.451441450894091E-001  3.397958581573159E+000  1.585531220970325E+000  2.557749048980387E-001
  6.100000000000000E+002  9.455094961802780E-001  3.403568628665215E+000  1.590794087225254E+000  2.557766829194751E-001
  6.200000000000000E+002  9.458701398361790E-001  3.409086637411717E+000  1.596007914735218E+000  2.557784543060496E-001
  6.300000000000000E+002  9.462262077423337E-001  3.414515633191036E+000  1.601173935643670E+000  2.557802191543105E-001
  6.400000000000000E+002  9.465778256638601E-001  3.419858494036935E+000  1.606293334210318E+000  2.557819775583388E-001
  6.500000000000000E+002  9.469251138167954E-001  3.425117960060879E+000  1.611367249116749E+000  2.557837296098323E-001
  6.600000000000000E+002  9.472681872092382E-001  3.430296642133241E+000  1.616396775646508E+000  2.557854753981897E-001
  6.700000000000000E+002  9.476071559555326E-001  3.435397029892103E+000  1.621382967747028E+000  2.557872150105902E-001
  6.800000000000000E+002  9.479421255660742E-001  3.440421499141293E+000  1.626326839980350E+000  2.557889485320714E-001
  6.900000000000000E+002  9.482731972150611E-001  3.445372318692578E+000  1.631229369369074E+000  2.557906760456020E-001
  7.000000000000000E+002  9.486004679882074E-001  3.450251656701429E+000  1.636091497143579E+000  2.557923976321558E-001
  7.100000000000000E+002  9.489240311122698E-001  3.455061586540623E+000  1.640914130396217E+000  2.557941133707783E-001
  7.200000000000000E+002  9.492439761680027E-001  3.459804092251566E+000  1.645698143647791E+000  2.557958233386538E-001
  7.400000000000000E+002  9.498785962252342E-001  3.469037443315052E+000  1.655199869207353E+000  2.557992201284996E-001
  7.600000000000000E+002  9.504994705276193E-001  3.478025915788868E+000  1.664552963778896E+000  2.558025950206923E-001
  7.700000000000000E+002  9.508025476799372E-001  3.482458378177271E+000  1.669154333291091E+000  2.558042773574698E-001
  7.800000000000000E+002  9.511024755743142E-001  3.486833702007966E+000  1.673721862312887E+000  2.558059542853975E-001
  7.900000000000000E+002  9.513993233091652E-001  3.491153370095228E+000  1.678256195421781E+000  2.558076259165480E-001
  8.000000000000000E+002  9.516931575662103E-001  3.495418807949727E+000  1.682757973366670E+000  2.558092923253780E-001
  8.200000000000000E+002  9.522763515086597E-001  3.503745944251564E+000  1.691704659043824E+000  2.558126042475039E-001
  8.400000000000000E+002  9.528480362938103E-001  3.511874195308737E+000  1.700525449771691E+000  2.558158962995501E-001
  8.600000000000000E+002  9.534086793997268E-001  3.519813020423577E+000  1.709225244409939E+000  2.558191688753716E-001
  8.800000000000000E+002  9.539587189982701E-001  3.527571216172634E+000  1.717808581231149E+000  2.558224224033582E-001
  9.000000000000000E+002  9.544985664053164E-001  3.535156976966885E+000  1.726279695953861E+000  2.558256573033218E-001
  9.200000000000000E+002  9.550286082856988E-001  3.542577948869560E+000  1.734642556179864E+000  2.558288739816310E-001
  9.400000000000000E+002  9.555492086367912E-001  3.549841277537261E+000  1.742900887518495E+000  2.558320728305675E-001
  9.600000000000000E+002  9.560607105750294E-001  3.556953651034006E+000  1.751058195121744E+000  2.558352542285315E-001
  9.800000000000000E+002  9.565634379476943E-001  3.563921338160784E+000  1.759117782155549E+000  2.558384185405130E-001
  1.000000000000000E+003  9.570576967898415E-001  3.570750222852084E+000  1.767082766005893E+000  2.558415661186572E-001
  1.020000000000000E+003  9.575437766438679E-001  3.577445835113744E+000  1.774956092693946E+000  2.558446973028526E-001
  1.040000000000000E+003  9.580219517570426E-001  3.584013378911062E+000  1.782740549810809E+000  2.558478124213114E-001
  1.060000000000000E+003  9.584924821704113E-001  3.590457757360987E+000  1.790438778192768E+000  2.558509117911287E-001
  1.080000000000000E+003  9.589556147108015E-001  3.596783595535270E+000  1.798053282504600E+000  2.558539957188132E-001
  1.100000000000000E+003  9.594115838962177E-001  3.602995261141387E+000  1.805586440864248E+000  2.558570645007903E-001
  1.120000000000000E+003  9.598606127636514E-001  3.609096883314034E+000  1.813040513618684E+000  2.558601184238752E-001
  1.140000000000000E+003  9.603029136272578E-001  3.615092369720660E+000  1.820417651363534E+000  2.558631577657177E-001
  1.160000000000000E+003  9.607386887738933E-001  3.620985422159464E+000  1.827719902285934E+000  2.558661827952211E-001
  1.180000000000000E+003  9.611681311022116E-001  3.626779550806545E+000  1.834949218899544E+000  2.558691937729355E-001
  1.200000000000000E+003  9.615914247107900E-001  3.632478087250287E+000  1.842107464232135E+000  2.558721909514278E-001
  1.220000000000000E+003  9.620087454401587E-001  3.638084196434907E+000  1.849196417518907E+000  2.558751745756313E-001
  1.240000000000000E+003  9.624202613730453E-001  3.643600887620813E+000  1.856217779448678E+000  2.558781448831721E-001
  1.260000000000000E+003  9.628261332967003E-001  3.649031024457571E+000  1.863173177004728E+000  2.558811021046789E-001
  1.280000000000000E+003  9.632265151307349E-001  3.654377334254179E+000  1.870064167937635E+000  2.558840464640758E-001
  1.300000000000000E+003  9.636215543235556E-001  3.659642416522391E+000  1.876892244903359E+000  2.558869781788567E-001
  1.320000000000000E+003  9.640113922201494E-001  3.664828750860380E+000  1.883658839296410E+000  2.558898974603455E-001
  1.340000000000000E+003  9.643961644036996E-001  3.669938704237022E+000  1.890365324804796E+000  2.558928045139441E-001
  1.360000000000000E+003  9.647760010132603E-001  3.674974537730680E+000  1.897013020710820E+000  2.558956995393628E-001
  1.380000000000000E+003  9.651510270394997E-001  3.679938412770807E+000  1.903603194959252E+000  2.558985827308439E-001
  1.400000000000000E+003  9.655213626003164E-001  3.684832396925783E+000  1.910137067012430E+000  2.559014542773687E-001
  1.450000000000000E+003  9.664383078002547E-001  3.696659501132224E+000  1.926327213605099E+000  2.559085621131475E-001
  1.500000000000000E+003  9.673275446633298E-001  3.708098333547145E+000  1.942179650458339E+000  2.559156022412494E-001
  1.510000000000000E+003  9.674996113074734E-001  3.710369408320481E+000  1.945287926240538E+000  2.559170078029339E-001
  1.520000000000000E+003  9.676706830962238E-001  3.712625789790968E+000  1.948384120815567E+000  2.559184106306609E-001
  1.540000000000000E+003  9.680111381914515E-001  3.717081759903305E+000  1.954551969507841E+000  2.559212056616916E-001
  1.560000000000000E+003  9.683477133151003E-001  3.721481568322210E+000  1.960671972309865E+000  2.559239903775242E-001
  1.580000000000000E+003  9.686804947656824E-001  3.725826640300991E+000  1.966744979528253E+000  2.559267649274908E-001
  1.600000000000000E+003  9.690095658859985E-001  3.730118347103295E+000  1.972771823713802E+000  2.559295294624946E-001
  1.620000000000000E+003  9.693350072037346E-001  3.734358008708710E+000  1.978753317324348E+000  2.559322841281987E-001
  1.640000000000000E+003  9.696568965625689E-001  3.738546896349431E+000  1.984690251467341E+000  2.559350290656014E-001
  1.660000000000000E+003  9.699753092449678E-001  3.742686234890980E+000  1.990583395563773E+000  2.559377644116346E-001
  1.680000000000000E+003  9.702903180875100E-001  3.746777205068599E+000  1.996433497532014E+000  2.559404902995632E-001
  1.700000000000000E+003  9.706019935894513E-001  3.750820945589951E+000  2.002241284257621E+000  2.559432068592608E-001
  1.710000000000000E+003  9.707560994332783E-001  3.752830909221209E+000  2.005124971280568E+000  2.559445628575812E-001
  1.720000000000000E+003  9.709094037065537E-001  3.754829410477732E+000  2.007998451723046E+000  2.559459165431249E-001
  1.740000000000000E+003  9.712146169879525E-001  3.758781941237202E+000  2.013723883162344E+000  2.559486147832012E-001
  1.760000000000000E+003  9.715166955362688E-001  3.762690425733088E+000  2.019409029904417E+000  2.559513040873945E-001
  1.780000000000000E+003  9.718157014540910E-001  3.766555853217133E+000  2.025054553487576E+000  2.559539845596189E-001
  1.800000000000000E+003  9.721116949683015E-001  3.770379179734241E+000  2.030661092206021E+000  2.559566563116719E-001
  1.820000000000000E+003  9.724047345062625E-001  3.774161329595947E+000  2.036229264845987E+000  2.559593194546602E-001
  1.840000000000000E+003  9.726948767685301E-001  3.777903196773917E+000  2.041759672607605E+000  2.559619740979325E-001
  1.860000000000000E+003  9.729821767980733E-001  3.781605646217934E+000  2.047252900373747E+000  2.559646203487785E-001
  1.880000000000000E+003  9.732666880461081E-001  3.785269515103181E+000  2.052709517660989E+000  2.559672583123294E-001
  1.900000000000000E+003  9.735484624346916E-001  3.788895614011222E+000  2.058130079396662E+000  2.559698880915406E-001
  1.950000000000000E+003  9.742471691073323E-001  3.797736562773637E+000  2.071578025648252E+000  2.559764126713298E-001
  2.000000000000000E+003  9.749294970516043E-001  3.806361120253170E+000  2.084807814136356E+000  2.559828889222454E-001
  2.010000000000000E+003  9.750626099267643E-001  3.808076848858854E+000  2.087415600257782E+000  2.559841823051400E-001
  2.020000000000000E+003  9.751951183674626E-001  3.809784268337741E+000  2.090015313290513E+000  2.559854737346695E-001
  2.040000000000000E+003  9.754590479146690E-001  3.813166731269422E+000  2.095196942459943E+000  2.559880490007273E-001
  2.060000000000000E+003  9.757206067629461E-001  3.816517072914575E+000  2.100346561930276E+000  2.559906168205421E-001
  2.080000000000000E+003  9.759798354926976E-001  3.819835908612619E+000  2.105464603826547E+000  2.559931772809532E-001
  2.100000000000000E+003  9.762367736315063E-001  3.823123836051128E+000  2.110551496218778E+000  2.559957304692232E-001
  2.150000000000000E+003  9.768741732987670E-001  3.831159241174413E+000  2.123176403897246E+000  2.560020691776109E-001
  2.200000000000000E+003  9.774978188602487E-001  3.839016102850885E+000  2.135612529695390E+000  2.560083647690689E-001
  2.250000000000000E+003  9.781082658039022E-001  3.846702317577230E+000  2.147866414577949E+000  2.560146182954026E-001
  2.300000000000000E+003  9.787060365384710E-001  3.854225265659362E+000  2.159944171389452E+000  2.560208308273547E-001
  2.350000000000000E+003  9.792916229978131E-001  3.861591855392264E+000  2.171851577696309E+000  2.560270034030928E-001
  2.400000000000000E+003  9.798654890043468E-001  3.868808562621831E+000  2.183594122222587E+000  2.560331370189643E-001
  2.450000000000000E+003  9.804280724096934E-001  3.875881466244580E+000  2.195177034314298E+000  2.560392326282850E-001
  2.500000000000000E+003  9.809797870344699E-001  3.882816280132298E+000  2.206605305952699E+000  2.560452911425220E-001
  2.550000000000000E+003  9.815210244284212E-001  3.889618381904161E+000  2.217883709812984E+000  2.560513134331995E-001
  2.600000000000000E+003  9.820521554701649E-001  3.896292838912661E+000  2.229016814800610E+000  2.560573003339741E-001
  2.650000000000000E+003  9.825735318236773E-001  3.902844431761076E+000  2.240008999737616E+000  2.560632526426824E-001
  2.700000000000000E+003  9.830854872666398E-001  3.909277675628872E+000  2.250864465570321E+000  2.560691711233004E-001
  2.750000000000000E+003  9.835883389039912E-001  3.915596839646048E+000  2.261587246338447E+000  2.560750565077934E-001
  2.800000000000000E+003  9.840823882784405E-001  3.921805964526988E+000  2.272181219080868E+000  2.560809094978539E-001
  2.850000000000000E+003  9.845679223883342E-001  3.927908878648376E+000  2.282650112816083E+000  2.560867307665343E-001
  2.900000000000000E+003  9.850452146220708E-001  3.933909212733309E+000  2.292997516711397E+000  2.560925209597764E-001
  2.950000000000000E+003  9.855145256172076E-001  3.939810413284289E+000  2.303226887537363E+000  2.560982806978493E-001
  3.000000000000000E+003  9.859761040515033E-001  3.945615754891100E+000  2.313341556490387E+000  2.561040105766978E-001
  3.050000000000000E+003  9.864301873723189E-001  3.951328351524865E+000  2.323344735455438E+000  2.561097111692093E-001
  3.100000000000000E+003  9.868770024701361E-001  3.956951166917128E+000  2.333239522771370E+000  2.561153830264066E-001
  3.150000000000000E+003  9.873167663012953E-001  3.962487024111543E+000  2.343028908553602E+000  2.561210266785661E-001
  3.200000000000000E+003  9.877496864645537E-001  3.967938614266250E+000  2.352715779621903E+000  2.561266426362750E-001
  3.250000000000000E+003  9.881759617355580E-001  3.973308504776467E+000  2.362302924075239E+000  2.561322313914237E-001
  3.300000000000000E+003  9.885957825629187E-001  3.978599146779470E+000  2.371793035550403E+000  2.561377934181411E-001
  3.350000000000000E+003  9.890093315292101E-001  3.983812882097545E+000  2.381188717196736E+000  2.561433291736777E-001
  3.400000000000000E+003  9.894167837798590E-001  3.988951949668782E+000  2.390492485395345E+000  2.561488390992366E-001
  3.450000000000000E+003  9.898183074226315E-001  3.994018491510432E+000  2.399706773247846E+000  2.561543236207597E-001
  3.500000000000000E+003  9.902140639001339E-001  3.999014558255125E+000  2.408833933856719E+000  2.561597831496663E-001
  3.550000000000000E+003  9.906042083375263E-001  4.003942114296202E+000  2.417876243416814E+000  2.561652180835539E-001
  3.600000000000000E+003  9.909888898674496E-001  4.008803042574874E+000  2.426835904135297E+000  2.561706288068577E-001
  3.650000000000000E+003  9.913682519339461E-001  4.013599149038781E+000  2.435715046995369E+000  2.561760156914745E-001
  3.700000000000000E+003  9.917424325770410E-001  4.018332166798690E+000  2.444515734377354E+000  2.561813790973516E-001
  3.750000000000000E+003  9.921115646994492E-001  4.023003760007620E+000  2.453239962549273E+000  2.561867193730434E-001
  3.800000000000000E+003  9.924757763167785E-001  4.027615527484333E+000  2.461889664037628E+000  2.561920368562391E-001
  3.850000000000000E+003  9.928351907924595E-001  4.032169006101231E+000  2.470466709887992E+000  2.561973318742594E-001
  3.900000000000000E+003  9.931899270585306E-001  4.036665673954810E+000  2.478972911823900E+000  2.562026047445275E-001
  3.950000000000000E+003  9.935400998233089E-001  4.041106953335275E+000  2.487410024311680E+000  2.562078557750158E-001
  4.000000000000000E+003  9.938858197668916E-001  4.045494213510393E+000  2.495779746537937E+000  2.562130852646657E-001
  4.100000000000000E+003  9.945684862489562E-001  4.054061849265667E+000  2.512364726517383E+000  2.562234613158343E-001
  4.150000000000000E+003  9.949014622076813E-001  4.058294808393452E+000  2.520541541427782E+000  2.562286279678868E-001
  4.200000000000000E+003  9.952303909349284E-001  4.062478744286064E+000  2.528657246092850E+000  2.562337741388555E-001
  4.250000000000000E+003  9.955553655595274E-001  4.066614797285139E+000  2.536713279903972E+000  2.562389001338599E-001
  4.300000000000000E+003  9.958764761429345E-001  4.070704068206410E+000  2.544711052422702E+000  2.562440062147232E-001
  4.350000000000000E+003  9.961938098101278E-001  4.074747620152639E+000  2.552651930734429E+000  2.562490926284055E-001
  4.400000000000000E+003  9.965074508730875E-001  4.078746480221930E+000  2.560537238182452E+000  2.562541596136964E-001
  4.450000000000000E+003  9.968174809479114E-001  4.082701641119882E+000  2.568368255874544E+000  2.562592074031624E-001
  4.500000000000000E+003  9.971239790660247E-001  4.086614062682296E+000  2.576146224586001E+000  2.562642362237271E-001
  4.600000000000000E+003  9.977299454648128E-001  4.094274446677546E+000  2.591583051577842E+000  2.562742207367785E-001
  4.700000000000000E+003  9.983225116798516E-001  4.101776329139244E+000  2.606819977229095E+000  2.562841324277613E-001
  4.750000000000000E+003  9.986124366279422E-001  4.105488442009332E+000  2.614349337974440E+000  2.562890696815709E-001
  4.800000000000000E+003  9.988992546160190E-001  4.109162958755786E+000  2.621832324323451E+000  2.562939891817408E-001
  4.850000000000000E+003  9.991830292952084E-001  4.112800645410912E+000  2.629269937287265E+000  2.562988911579901E-001
  4.900000000000000E+003  9.994638224449456E-001  4.116402244721678E+000  2.636663154677606E+000  2.563037758041417E-001
  5.000000000000000E+003  1.000019439969301E+000  4.123466151014984E+000  2.651351826686501E+000  2.563134782292831E-001
  5.100000000000000E+003  1.000563706035763E+000  4.130395408522612E+000  2.665872471641571E+000  2.563231138553294E-001
  5.200000000000000E+003  1.001097061079308E+000  4.137195134218581E+000  2.680231908635182E+000  2.563326839985418E-001
  5.300000000000000E+003  1.001619921149129E+000  4.143870157514002E+000  2.694436577521950E+000  2.563421899592083E-001
  5.400000000000000E+003  1.002132679633948E+000  4.150425041457178E+000  2.708492560036954E+000  2.563516329869805E-001
  5.500000000000000E+003  1.002635708836995E+000  4.156864102010591E+000  2.722405596345278E+000  2.563610142818762E-001
  5.600000000000000E+003  1.003129361417613E+000  4.163191425611114E+000  2.736181104486503E+000  2.563703349982726E-001
  5.700000000000000E+003  1.003613971713530E+000  4.169410885194655E+000  2.749824200686868E+000  2.563795962482759E-001
  5.800000000000000E+003  1.004089856955661E+000  4.175526154844096E+000  2.763339719122184E+000  2.563887991044596E-001
  5.900000000000000E+003  1.004557318385776E+000  4.181540723200385E+000  2.776732230601239E+000  2.563979446022226E-001
  6.000000000000000E+003  1.005016642286175E+000  4.187457905760259E+000  2.790006060042212E+000  2.564070337418908E-001
  6.100000000000000E+003  1.005468100929477E+000  4.193280856169846E+000  2.803165302758846E+000  2.564160674906317E-001
  6.200000000000000E+003  1.005911953455781E+000  4.199012576611113E+000  2.816213839617823E+000  2.564250467842090E-001
  6.300000000000000E+003  1.006348446683697E+000  4.204655927367282E+000  2.829155351139153E+000  2.564339725286033E-001
  6.400000000000000E+003  1.006777815861061E+000  4.210213635644043E+000  2.841993330610952E+000  2.564428456015055E-001
  6.500000000000000E+003  1.007200285360578E+000  4.215688303715027E+000  2.854731096286410E+000  2.564516668537041E-001
  6.600000000000000E+003  1.007616069325094E+000  4.221082416452759E+000  2.867371802726392E+000  2.564604371103683E-001
  6.700000000000000E+003  1.008025372266755E+000  4.226398348300021E+000  2.879918451346971E+000  2.564691571722450E-001
  6.800000000000000E+003  1.008428389623891E+000  4.231638369730784E+000  2.892373900227043E+000  2.564778278167704E-001
  6.900000000000000E+003  1.008825308279085E+000  4.236804653244976E+000  2.904740873227448E+000  2.564864497991106E-001
  7.000000000000000E+003  1.009216307041591E+000  4.241899278936876E+000  2.917021968469418E+000  2.564950238531321E-001
  7.100000000000000E+003  1.009601557096931E+000  4.246924239673120E+000  2.929219666216883E+000  2.565035506923123E-001
  7.200000000000000E+003  1.009981222426290E+000  4.251881445912622E+000  2.941336336204154E+000  2.565120310105934E-001
  7.300000000000000E+003  1.010355460198046E+000  4.256772730197834E+000  2.953374244447609E+000  2.565204654831853E-001
  7.400000000000000E+003  1.010724421133601E+000  4.261599851343841E+000  2.965335559577472E+000  2.565288547673210E-001
  7.500000000000000E+003  1.011088249849461E+000  4.266364498349410E+000  2.977222358723385E+000  2.565371995029680E-001
  7.600000000000000E+003  1.011447085177360E+000  4.271068294051836E+000  2.989036632985200E+000  2.565455003135017E-001
  7.700000000000000E+003  1.011801060464075E+000  4.275712798545489E+000  3.000780292518452E+000  2.565537578063404E-001
  7.800000000000000E+003  1.012150303852413E+000  4.280299512382167E+000  3.012455171261972E+000  2.565619725735456E-001
  7.900000000000000E+003  1.012494938544749E+000  4.284829879569770E+000  3.024063031333322E+000  2.565701451923929E-001
  8.000000000000000E+003  1.012835083050387E+000  4.289305290384354E+000  3.035605567116076E+000  2.565782762259123E-001
  8.100000000000000E+003  1.013170851417883E+000  4.293727084009357E+000  3.047084409061298E+000  2.565863662234012E-001
  8.200000000000000E+003  1.013502353453397E+000  4.298096551014561E+000  3.058501127224095E+000  2.565944157209121E-001
  8.300000000000000E+003  1.013829694926057E+000  4.302414935686373E+000  3.069857234554721E+000  2.566024252417180E-001
  8.400000000000000E+003  1.014152977761231E+000  4.306683438219963E+000  3.081154189962269E+000  2.566103952967532E-001
  8.500000000000000E+003  1.014472300222533E+000  4.310903216783029E+000  3.092393401167822E+000  2.566183263850379E-001
  8.600000000000000E+003  1.014787757083330E+000  4.315075389460035E+000  3.103576227362665E+000  2.566262189940779E-001
  8.700000000000000E+003  1.015099439788463E+000  4.319201036085221E+000  3.114703981686036E+000  2.566340736002518E-001
  8.800000000000000E+003  1.015407436606816E+000  4.323281199971873E+000  3.125777933535929E+000  2.566418906691771E-001
  8.900000000000000E+003  1.015711832775356E+000  4.327316889544853E+000  3.136799310725319E+000  2.566496706560631E-001
  9.000000000000000E+003  1.016012710635189E+000  4.331309079882812E+000  3.147769301495424E+000  2.566574140060480E-001
  9.100000000000000E+003  1.016310149760150E+000  4.335258714176009E+000  3.158689056396645E+000  2.566651211545210E-001
  9.200000000000000E+003  1.016604227078412E+000  4.339166705105225E+000  3.169559690047078E+000  2.566727925274324E-001
  9.300000000000000E+003  1.016895016987544E+000  4.343033936146870E+000  3.180382282777739E+000  2.566804285415910E-001
  9.400000000000000E+003  1.017182591463453E+000  4.346861262808910E+000  3.191157882172929E+000  2.566880296049480E-001
  9.600000000000000E+003  1.017751267953972E+000  4.354361725591809E+000  3.212621866907554E+000  2.567030977654680E-001
  9.800000000000000E+003  1.018307759884917E+000  4.361713732209519E+000  3.233906855892914E+000  2.567180315783644E-001
  9.900000000000000E+003  1.018580248765637E+000  4.365353508774267E+000  3.244460847999142E+000  2.567254637865766E-001
  1.000000000000000E+004  1.018849908119817E+000  4.368957987386180E+000  3.254973616344799E+000  2.567328633067207E-001
  1.010000000000000E+004  1.019116795619198E+000  4.372527857442121E+000  3.265445992408912E+000  2.567402305017468E-001
  1.020000000000000E+004  1.019380967201051E+000  4.376063788228505E+000  3.275878788818320E+000  2.567475657180795E-001
  1.040000000000000E+004  1.019903837554007E+000  4.383004156817483E+000  3.296673002720052E+000  2.567621134922048E-001
  1.060000000000000E+004  1.020416373156648E+000  4.389817550480799E+000  3.317315876050288E+000  2.567765380097226E-001
  1.080000000000000E+004  1.020918970693863E+000  4.396508606373762E+000  3.337813513589984E+000  2.567908417704092E-001
  1.100000000000000E+004  1.021412004648284E+000  4.403081710886947E+000  3.358171665398926E+000  2.568050271926446E-001
  1.120000000000000E+004  1.021895828909076E+000  4.409541017447545E+000  3.378395769562621E+000  2.568190966104744E-001
  1.140000000000000E+004  1.022370778240644E+000  4.415890462767846E+000  3.398490983311894E+000  2.568330522772988E-001
  1.160000000000000E+004  1.022837169624280E+000  4.422133781700055E+000  3.418462205617494E+000  2.568468963691027E-001
  1.180000000000000E+004  1.023295303485137E+000  4.428274520838119E+000  3.438314095223420E+000  2.568606309879773E-001
  1.200000000000000E+004  1.023745464815832E+000  4.434316050991305E+000  3.458051086130246E+000  2.568742581657173E-001
  1.220000000000000E+004  1.024187924206823E+000  4.440261578640004E+000  3.477677401385538E+000  2.568877798673041E-001
  1.240000000000000E+004  1.024622938792626E+000  4.446114156471907E+000  3.497197065580609E+000  2.569011979942110E-001
  1.260000000000000E+004  1.025050753121930E+000  4.451876693085812E+000  3.516613916280316E+000  2.569145143875048E-001
  1.280000000000000E+004  1.025471599958815E+000  4.457551961940821E+000  3.535931614539507E+000  2.569277308307649E-001
  1.300000000000000E+004  1.025885701021488E+000  4.463142609620314E+000  3.555153654622351E+000  2.569408490528138E-001
  1.320000000000000E+004  1.026293267664291E+000  4.468651163472818E+000  3.574283373017936E+000  2.569538707302864E-001
  1.340000000000000E+004  1.026694501508094E+000  4.474080038685321E+000  3.593323956829377E+000  2.569667974900336E-001
  1.360000000000000E+004  1.027089595023705E+000  4.479431544838965E+000  3.612278451601143E+000  2.569796309113893E-001
  1.380000000000000E+004  1.027478732072416E+000  4.484707891991961E+000  3.631149768639328E+000  2.569923725282947E-001
  1.400000000000000E+004  1.027862088407404E+000  4.489911196330095E+000  3.649940691871117E+000  2.570050238313020E-001
  1.420000000000000E+004  1.028239832139333E+000  4.495043485421245E+000  3.668653884282991E+000  2.570175862694589E-001
  1.440000000000000E+004  1.028612124169183E+000  4.500106703106764E+000  3.687291893971537E+000  2.570300612520859E-001
  1.460000000000000E+004  1.028979118591022E+000  4.505102714059494E+000  3.705857159836412E+000  2.570424501504520E-001
  1.480000000000000E+004  1.029340963067190E+000  4.510033308035328E+000  3.724352016941384E+000  2.570547542993544E-001
  1.500000000000000E+004  1.029697799178137E+000  4.514900203842727E+000  3.742778701566638E+000  2.570669749986132E-001
  1.520000000000000E+004  1.030049762748926E+000  4.519705053052410E+000  3.761139355973232E+000  2.570791135144777E-001
  1.540000000000000E+004  1.030396984154248E+000  4.524449443467335E+000  3.779436032898756E+000  2.570911710809628E-001
  1.560000000000000E+004  1.030739588603624E+000  4.529134902371405E+000  3.797670699801647E+000  2.571031489011064E-001
  1.580000000000000E+004  1.031077696408309E+000  4.533762899573584E+000  3.815845242870221E+000  2.571150481481636E-001
  1.600000000000000E+004  1.031411423231286E+000  4.538334850262719E+000  3.833961470811325E+000  2.571268699667361E-001
  1.620000000000000E+004  1.031740880321631E+000  4.542852117687054E+000  3.852021118432287E+000  2.571386154738436E-001
  1.640000000000000E+004  1.032066174734376E+000  4.547316015671204E+000  3.870025850028959E+000  2.571502857599396E-001
  1.660000000000000E+004  1.032387409536958E+000  4.551727810982257E+000  3.887977262591646E+000  2.571618818898763E-001
  1.680000000000000E+004  1.032704684003208E+000  4.556088725555811E+000  3.905876888839914E+000  2.571734049038192E-001
  1.700000000000000E+004  1.033018093795768E+000  4.560399938591710E+000  3.923726200096474E+000  2.571848558181205E-001
  1.720000000000000E+004  1.033327731137756E+000  4.564662588528575E+000  3.941526609009685E+000  2.571962356261477E-001
  1.740000000000000E+004  1.033633684974423E+000  4.568877774905481E+000  3.959279472133506E+000  2.572075452990707E-001
  1.760000000000000E+004  1.033936041125498E+000  4.573046560118361E+000  3.976986092373265E+000  2.572187857866165E-001
  1.780000000000000E+004  1.034234882428847E+000  4.577169971078304E+000  3.994647721304924E+000  2.572299580177841E-001
  1.800000000000000E+004  1.034530288876038E+000  4.581249000778155E+000  4.012265561375193E+000  2.572410629015295E-001
  1.820000000000000E+004  1.034822337740340E+000  4.585284609773542E+000  4.029840767989282E+000  2.572521013274187E-001
  1.840000000000000E+004  1.035111103697669E+000  4.589277727583803E+000  4.047374451492730E+000  2.572630741662509E-001
  1.860000000000000E+004  1.035396658940930E+000  4.593229254018019E+000  4.064867679053306E+000  2.572739822706548E-001
  1.880000000000000E+004  1.035679073288180E+000  4.597140060430842E+000  4.082321476448759E+000  2.572848264756590E-001
  1.900000000000000E+004  1.035958414285016E+000  4.601010990912632E+000  4.099736829765599E+000  2.572956075992371E-001
  1.920000000000000E+004  1.036234747301538E+000  4.604842863417897E+000  4.117114687014157E+000  2.573063264428301E-001
  1.940000000000000E+004  1.036508135624246E+000  4.608636470835878E+000  4.134455959664470E+000  2.573169837918468E-001
  1.960000000000000E+004  1.036778640543154E+000  4.612392582006822E+000  4.151761524107599E+000  2.573275804161425E-001
  1.980000000000000E+004  1.037046321434455E+000  4.616111942687185E+000  4.169032223046543E+000  2.573381170704797E-001
  2.000000000000000E+004  1.037311235838962E+000  4.619795276466824E+000  4.186268866820710E+000  2.573485944949690E-001
