! time                    int_density             frank_density           perfect_density         vac_density             faulted_density         void_density            
  0.000000000000000E+000  0.000000000000000E+000  0.000000000000000E+000  0.000000000000000E+000  2.140585232712487E-007  0.000000000000000E+000  0.000000000000000E+000
  1.000000000000001E-001  5.167830633536587E-006  6.860997855631166E-004  1.718617365590834E-005  3.114944972414616E-002  3.374981659877355E-004  3.116748119240715E-005
  2.000000000000001E-001  3.915213664097445E-006  1.370213864656881E-003  1.231675901541007E-005  5.075785104420369E-002  5.816699579656078E-004  2.061573377330801E-004
  3.000000000000002E-001  3.234773273268639E-006  2.053421586969386E-003  9.518216193014242E-006  6.364112236074448E-002  8.018357371477795E-004  6.272706448512842E-004
  4.000000000000003E-001  2.806196660006362E-006  2.736017781913086E-003  7.691960600205343E-006  7.252473842612507E-002  1.016059558302432E-003  1.374597283364377E-003
  5.000000000000003E-001  2.506051754078087E-006  3.418075169129421E-003  6.414704707072731E-006  7.887918550922296E-002  1.230179639510280E-003  2.482347831364953E-003
  6.000000000000004E-001  2.275802580157827E-006  4.099585666977089E-003  5.482040915429442E-006  8.352927425532164E-002  1.446490192529321E-003  3.937026372686271E-003
  7.000000000000005E-001  2.087206288335674E-006  4.780527094808467E-003  4.780691488152873E-006  8.698898852056271E-002  1.665939519320732E-003  5.686005809759685E-003
  8.000000000000006E-001  1.926769299377029E-006  5.460901843252101E-003  4.241065046231590E-006  8.959610048779269E-002  1.888694896260231E-003  7.663839179951971E-003
  9.000000000000007E-001  1.787566423634087E-006  6.140705418805559E-003  3.816544710844778E-006  9.154544472239395E-002  2.114810482099327E-003  9.817356895508840E-003
  1.000000000000001E+000  1.665611476433784E-006  6.819943720413917E-003  3.476083467004379E-006  9.297643543998299E-002  2.344246591128138E-003  1.209903884155551E-002
  1.100000000000001E+000  1.558228581568841E-006  7.498631604545340E-003  3.198367378712671E-006  9.399396655273071E-002  2.576903156396147E-003  1.446830013026082E-002
  1.200000000000001E+000  1.463367990462658E-006  8.176790621639604E-003  2.968398520977985E-006  9.467988515642654E-002  2.812641086887587E-003  1.689146314749101E-002
  1.300000000000001E+000  1.379330550352719E-006  8.854446724913003E-003  2.775397134548988E-006  9.509948257038357E-002  3.051298497392981E-003  1.934122821950190E-002
  1.400000000000001E+000  1.304658546898675E-006  9.531628291514986E-003  2.611468295302928E-006  9.530542426039096E-002  3.292703283894755E-003  2.179595029476997E-002
  1.500000000000001E+000  1.238149128572102E-006  1.020830401239198E-002  2.470507497897175E-006  9.532388186786374E-002  3.537077148024890E-003  2.423403578325531E-002
  1.600000000000001E+000  1.178676301478977E-006  1.088457183302857E-002  2.348415946023217E-006  9.521488082596771E-002  3.783842224672933E-003  2.664488013000091E-002
  1.700000000000001E+000  1.125273913356989E-006  1.156045840585109E-002  2.241713908534919E-006  9.500265067401306E-002  4.032828439445884E-003  2.902070301279136E-002
  1.800000000000001E+000  1.077122583034523E-006  1.223598916335566E-002  2.147711180396775E-006  9.470753404973108E-002  4.283884890572858E-003  3.135579853725143E-002
  1.900000000000001E+000  1.033527558081135E-006  1.291118807000938E-002  2.064300617837476E-006  9.434636654600850E-002  4.536877157348822E-003  3.364618426116121E-002
  2.000000000000001E+000  9.938993481877797E-007  1.358607751245445E-002  1.989810051824146E-006  9.393296501038995E-002  4.791685265371556E-003  3.588926784935749E-002
  2.100000000000001E+000  9.577371020325251E-007  1.426067828256912E-002  1.922896893544754E-006  9.347861179157474E-002  5.048202007267047E-003  3.808355274306180E-002
  2.200000000000001E+000  9.246144672740218E-007  1.493500961982082E-002  1.862471730155211E-006  9.299249165063475E-002  5.306331485334275E-003  4.022838928355826E-002
  2.300000000000000E+000  8.941676469948694E-007  1.560908928896281E-002  1.807642042608822E-006  9.248206835357289E-002  5.565987817351542E-003  4.232377028083596E-002
  2.400000000000000E+000  8.660853667293071E-007  1.628293367653141E-002  1.757670153913722E-006  9.195340108962380E-002  5.827093978798369E-003  4.437016658639922E-002
  2.500000000000000E+000  8.401004807878657E-007  1.695655789509450E-002  1.711941406850044E-006  9.141140623564092E-002  6.089580767440844E-003  4.636839697306573E-002
  2.599999999999999E+000  8.159829694509107E-007  1.762997588815760E-002  1.669939802452208E-006  9.086007178385222E-002  6.353385880578734E-003  4.831952651810583E-002
  2.699999999999999E+000  7.935341058606080E-007  1.830320053140292E-002  1.631229151405001E-006  9.030263189109368E-002  6.618453096310492E-003  5.022478814596451E-002
  2.799999999999998E+000  7.725816000460742E-007  1.897624372782568E-002  1.595438347684798E-006  8.974170841538641E-002  6.884731550175675E-003  5.208552268204686E-002
  2.899999999999998E+000  7.529755552972858E-007  1.964911649558261E-002  1.562249758316962E-006  8.917942543623350E-002  7.152175098399923E-003  5.390313351761052E-002
  2.999999999999998E+000  7.345850977213401E-007  2.032182904816985E-002  1.531389992476108E-006  8.861750183389226E-002  7.420741759011333E-003  5.567905269399647E-002
  3.099999999999997E+000  7.172955625984169E-007  2.099439086703892E-002  1.502622504377553E-006  8.805732613740354E-002  7.690393222376103E-003  5.741471584007267E-002
  3.199999999999997E+000  7.010061409001725E-007  2.166681076704308E-002  1.475741621833947E-006  8.750001708638820E-002  7.961094423175731E-003  5.911154392671950E-002
  3.299999999999997E+000  6.856279061281985E-007  2.233909695525277E-002  1.450567692234176E-006  8.694647270005702E-002  8.232813166452097E-003  6.077093023864899E-002
  3.399999999999996E+000  6.710821557230223E-007  2.301125708373779E-002  1.426943111059176E-006  8.639741010468081E-002  8.505519801018211E-003  6.239423131630251E-002
  3.499999999999996E+000  6.572990130044688E-007  2.368329829691938E-002  1.404729052450614E-006  8.585339792666379E-002  8.779186934222164E-003  6.398276090114913E-002
  3.599999999999996E+000  6.442162452674967E-007  2.435522727407000E-002  1.383802762059166E-006  8.531488269853894E-002  9.053789182725622E-003  6.553778613872749E-002
  3.699999999999995E+000  6.317782615936393E-007  2.502705026749620E-002  1.364055303124439E-006  8.478221043581612E-002  9.329302954593695E-003  6.706052546651460E-002
  3.799999999999995E+000  6.199352604353456E-007  2.569877313689126E-002  1.345389670113872E-006  8.425564431102117E-002  9.605706258578008E-003  6.855214774791696E-002
  3.899999999999995E+000  6.086425023399742E-007  2.637040138029275E-002  1.327719202165895E-006  8.373537916649704E-002  9.882978537003418E-003  7.001377231749324E-002
  3.999999999999994E+000  5.978596875155505E-007  2.704194016203189E-002  1.310966242415825E-006  8.322155346037188E-002  1.016110051914017E-002  7.144646968254756E-002
  4.099999999999994E+000  5.875504214802772E-007  2.771339433801536E-002  1.295061000034937E-006  8.271425912296031E-002  1.044005409235968E-002  7.285126268776913E-002
  4.199999999999994E+000  5.776817549299586E-007  2.838476847863917E-002  1.279940580224322E-006  8.221354970759316E-002  1.071982218873632E-002  7.422912799681734E-002
  4.299999999999994E+000  5.682408276237630E-007  2.905604852636415E-002  1.265538945430477E-006  8.172083447801039E-002  1.100059070400911E-002  7.557501814977464E-002
  4.399999999999993E+000  5.591806269714729E-007  2.972725797438877E-002  1.251814576385196E-006  8.123452236409831E-002  1.128214252449114E-002  7.689634204619376E-002
  4.499999999999993E+000  5.504768438968139E-007  3.039840061509409E-002  1.238720773249513E-006  8.075463466570544E-002  1.156446290591012E-002  7.819387452708437E-002
  4.599999999999993E+000  5.421072069717885E-007  3.106948001986919E-002  1.226214914939211E-006  8.028116210296850E-002  1.184753784110677E-002  7.946836637204543E-002
  4.699999999999992E+000  5.340512852972655E-007  3.174049955735277E-002  1.214258132263842E-006  7.981407153909709E-002  1.213135399881510E-002  8.072054237927814E-002
  4.799999999999992E+000  5.262903077968782E-007  3.241146240931841E-002  1.202814905462029E-006  7.935331150066034E-002  1.241589866770158E-002  8.195110048801486E-002
  4.899999999999991E+000  5.188070012950312E-007  3.308237158463378E-002  1.191852711920623E-006  7.889881652935765E-002  1.270115970552389E-002  8.316071161280346E-002
  4.999999999999991E+000  5.115854458809574E-007  3.375322993163155E-002  1.181341717165220E-006  7.845051056115279E-002  1.298712549313060E-002  8.435001995355322E-002
  5.099999999999991E+000  5.046109458749021E-007  3.442404014915852E-002  1.171254503132916E-006  7.800830954349453E-002  1.327378489294804E-002  8.551964361543643E-002
  5.199999999999990E+000  4.978699147323308E-007  3.509480479651342E-002  1.161565828641127E-006  7.757212347017346E-002  1.356112721156975E-002  8.667017542326212E-002
  5.299999999999990E+000  4.913497723298247E-007  3.576552630244155E-002  1.152252417726060E-006  7.714185797422488E-002  1.384914216606101E-002  8.780218385069950E-002
  5.399999999999990E+000  4.850388532171218E-007  3.643620697331993E-002  1.143292772164110E-006  7.671741558471602E-002  1.413781985360577E-002  8.891621400980491E-002
  5.499999999999989E+000  4.789263245676849E-007  3.710684900064218E-002  1.134667005028363E-006  7.629869672605284E-002  1.442715072414713E-002  9.001278866380964E-002
  5.599999999999989E+000  4.730021127028978E-007  3.777745446789091E-002  1.126356692586822E-006  7.588560051808292E-002  1.471712555570186E-002  9.109240923830006E-002
  5.699999999999989E+000  4.672568371971329E-007  3.844802535687065E-002  1.118344742232592E-006  7.547802542037001E-002  1.500773543205895E-002  9.215555681437952E-002
  5.799999999999988E+000  4.616817516903444E-007  3.911856355356150E-002  1.110615274460627E-006  7.507586975319799E-002  1.529897172260251E-002  9.320269309326028E-002
  5.899999999999988E+000  4.562686906412998E-007  3.978907085354440E-002  1.103153517180357E-006  7.467903212000644E-002  1.559082606402667E-002  9.423426132579057E-002
  5.999999999999988E+000  4.510100213485383E-007  4.045954896704041E-002  1.095945710886697E-006  7.428741175022592E-002  1.588329034373639E-002  9.525068720321257E-002
  6.099999999999987E+000  4.458986006487030E-007  4.112999952360147E-002  1.088979023410274E-006  7.390090877726184E-002  1.617635668475147E-002  9.625237970736365E-002
  6.199999999999987E+000  4.409277357740834E-007  4.180042407648375E-002  1.082241473136748E-006  7.351942446323587E-002  1.647001743195198E-002  9.723973191983612E-002
  6.299999999999986E+000  4.360911489142413E-007  4.247082410673179E-002  1.075721859729586E-006  7.314286137973047E-002  1.676426513952219E-002  9.821312179048396E-002
  6.399999999999986E+000  4.313829450815510E-007  4.314120102699739E-002  1.069409701514377E-006  7.277112355198240E-002  1.705909255946656E-002  9.917291286624132E-002
  6.499999999999986E+000  4.267975829283675E-007  4.381155618511499E-002  1.063295178788995E-006  7.240411657257981E-002  1.735449263108628E-002  1.001194549815855E-001
  6.599999999999985E+000  4.223298482052922E-007  4.448189086745283E-002  1.057369082415317E-006  7.204174768963111E-002  1.765045847131731E-002  1.010530849122006E-001
  6.699999999999985E+000  4.179748295864006E-007  4.515220630205705E-002  1.051622767127069E-006  7.168392587351444E-002  1.794698336584267E-002  1.019741269935163E-001
  6.799999999999985E+000  4.137278966190755E-007  4.582250366160415E-002  1.046048109056505E-006  7.133056186562822E-002  1.824406076090160E-002  1.028828937058553E-001
  6.899999999999984E+000  4.095846795838493E-007  4.649278406617618E-002  1.040637467041707E-006  7.098156821200613E-002  1.854168425572652E-002  1.037796862279218E-001
  6.999999999999984E+000  4.055410510739420E-007  4.716304858587110E-002  1.035383647327558E-006  7.063685928420763E-002  1.883984759554721E-002  1.046647949603402E-001
  7.099999999999984E+000  4.015931091254606E-007  4.783329824326020E-002  1.030279871318089E-006  7.029635128951876E-002  1.913854466510765E-002  1.055385000209043E-001
  7.199999999999983E+000  3.977371617478789E-007  4.850353401570315E-002  1.025319746076788E-006  6.995996227218933E-002  1.943776948264740E-002  1.064010717131358E-001
  7.299999999999983E+000  3.939697127208186E-007  4.917375683753045E-002  1.020497237305510E-006  6.962761210717321E-002  1.973751619430438E-002  1.072527709696814E-001
  7.399999999999983E+000  3.902874485375698E-007  4.984396760210222E-002  1.015806644562363E-006  6.929922248762065E-002  2.003777906890063E-002  1.080938497720039E-001
  7.499999999999982E+000  3.866872263885048E-007  5.051416716375155E-002  1.011242578505096E-006  6.897471690718822E-002  2.033855249307659E-002  1.089245515477475E-001
  7.599999999999982E+000  3.831660630887520E-007  5.118435633962028E-002  1.006799939969459E-006  6.865402063807671E-002  2.063983096674328E-002  1.097451115470831E-001
  7.699999999999982E+000  3.797211248644134E-007  5.185453591139372E-002  1.002473900712230E-006  6.833706070557469E-002  2.094160909882463E-002  1.105557571992631E-001
  7.799999999999981E+000  3.763497179203878E-007  5.252470662694133E-002  9.982598856664393E-007  6.802376585977311E-002  2.124388160326518E-002  1.113567084505463E-001
  7.899999999999981E+000  3.730492797206383E-007  5.319486920186894E-002  9.941535565720670E-007  6.771406654501995E-002  2.154664329528097E-002  1.121481780845840E-001
  7.999999999999980E+000  3.698173709186610E-007  5.386502432098834E-002  9.901507968594620E-007  6.740789486760067E-002  2.184988908783336E-002  1.129303720262914E-001
  8.099999999999980E+000  3.666516678820424E-007  5.453517263970935E-002  9.862476976750705E-007  6.710518456206081E-002  2.215361398830785E-002  1.137034896301675E-001
  8.199999999999980E+000  3.635499557604785E-007  5.520531478535889E-002  9.824405449500701E-007  6.680587095652435E-002  2.245781309538142E-002  1.144677239539663E-001
  8.299999999999979E+000  3.605101220514946E-007  5.587545135843198E-002  9.787258074222544E-007  6.650989093731073E-002  2.276248159606363E-002  1.152232620185687E-001
  8.399999999999979E+000  3.575301506224704E-007  5.654558293377824E-002  9.751001255302216E-007  6.621718291310724E-002  2.306761476289805E-002  1.159702850548479E-001
  8.499999999999979E+000  3.546081161514651E-007  5.721571006172824E-002  9.715603011066849E-007  6.592768677891496E-002  2.337320795131195E-002  1.167089687382757E-001
  8.599999999999978E+000  3.517421789528292E-007  5.788583326916290E-002  9.681032878046498E-007  6.564134387995287E-002  2.367925659710317E-002  1.174394834119691E-001
  8.699999999999978E+000  3.489305801567145E-007  5.855595306052951E-002  9.647261821964108E-007  6.535809697567567E-002  2.398575621405399E-002  1.181619942988310E-001
  8.799999999999978E+000  3.461716372144028E-007  5.922606991880729E-002  9.614262154908778E-007  6.507789020403627E-002  2.429270239166316E-002  1.188766617034038E-001
  8.899999999999977E+000  3.434637397038976E-007  5.989618430642568E-002  9.582007458197283E-007  6.480066904610167E-002  2.460009079298744E-002  1.195836412040084E-001
  8.999999999999977E+000  3.408053454124941E-007  6.056629666613762E-002  9.550472510473493E-007  6.452638029111282E-002  2.490791715258523E-002  1.202830838357137E-001
  9.099999999999977E+000  3.381949766750901E-007  6.123640742185082E-002  9.519633220635798E-007  6.425497200206327E-002  2.521617727455536E-002  1.209751362646423E-001
  9.199999999999976E+000  3.356312169488443E-007  6.190651697941908E-002  9.489466565218730E-007  6.398639348185667E-002  2.552486703066443E-002  1.216599409540897E-001
  9.299999999999976E+000  3.331127076064586E-007  6.257662572739602E-002  9.459950529887679E-007  6.372059524009235E-002  2.583398235855720E-002  1.223376363229043E-001
  9.399999999999975E+000  3.306381449318696E-007  6.324673403775323E-002  9.431064054735312E-007  6.345752896051715E-002  2.614351926004433E-002  1.230083568965486E-001
  9.499999999999975E+000  3.282062773034938E-007  6.391684226656473E-002  9.402786983094678E-007  6.319714746917304E-002  2.645347379946299E-002  1.236722334512359E-001
  9.599999999999975E+000  3.258159025514146E-007  6.458695075465978E-002  9.375100013608330E-007  6.293940470326309E-002  2.676384210210518E-002  1.243293931515135E-001
  9.699999999999974E+000  3.234658654760176E-007  6.525705982824540E-002  9.347984655314597E-007  6.268425568075077E-002  2.707462035271037E-002  1.249799596816412E-001
  9.799999999999974E+000  3.211550555165979E-007  6.592716979950058E-002  9.321423185531859E-007  6.243165647070321E-002  2.738580479401782E-002  1.256240533710912E-001
  9.899999999999974E+000  3.188824045593945E-007  6.659728096714336E-002  9.295398610339799E-007  6.218156416438323E-002  2.769739172537576E-002  1.262617913144804E-001
  9.999999999999973E+000  3.166468848753442E-007  6.726739361697237E-002  9.269894627472854E-007  6.193393684709197E-002  2.800937750140367E-002  1.268932874862221E-001
  1.009999999999997E+001  3.144475071786173E-007  6.793750802238428E-002  9.244895591455981E-007  6.168873357075957E-002  2.832175853070462E-002  1.275186528501717E-001
  1.019999999999997E+001  3.122833187976991E-007  6.860762444486790E-002  9.220386480826403E-007  6.144591432727931E-002  2.863453127462545E-002  1.281379954645229E-001
  1.029999999999997E+001  3.101534019514165E-007  6.927774313447688E-002  9.196352867297253E-007  6.120544002257782E-002  2.894769224606123E-002  1.287514205821958E-001
  1.039999999999997E+001  3.080568721228938E-007  6.994786433028127E-002  9.172780886730431E-007  6.096727245141161E-002  2.926123800830256E-002  1.293590307469458E-001
  1.049999999999997E+001  3.059928765249559E-007  7.061798826079982E-002  9.149657211796030E-007  6.073137427287961E-002  2.957516517392265E-002  1.299609258854079E-001
  1.059999999999997E+001  3.039605926509845E-007  7.128811514441322E-002  9.126969026205362E-007  6.049770898663880E-002  2.988947040370283E-002  1.305572033952778E-001
  1.079999999999997E+001  2.999913540390065E-007  7.262838060857726E-002  9.082826583751100E-007  6.003838217967245E-002  3.051957843816081E-002  1.317281093464477E-001
  1.099999999999997E+001  2.961393646603461E-007  7.396865976409538E-002  9.040285363613647E-007  5.958716509137722E-002  3.115115831736226E-002  1.328779946268434E-001
  1.119999999999997E+001  2.923990706547614E-007  7.530895429464825E-002  8.999259045415881E-007  5.914396958196511E-002  3.178418490812342E-002  1.340074928349043E-001
  1.139999999999997E+001  2.887652738621801E-007  7.664926564759704E-002  8.959667316159045E-007  5.870863058466327E-002  3.241863370560397E-002  1.351172270234433E-001
  1.159999999999997E+001  2.852331038756370E-007  7.798959508465317E-002  8.921435441223141E-007  5.828095257755576E-002  3.305448083653650E-002  1.362078019895257E-001
  1.179999999999997E+001  2.817979936008252E-007  7.932994371671431E-002  8.884493802444544E-007  5.786072976430238E-002  3.369170304984655E-002  1.372798007871285E-001
  1.199999999999997E+001  2.784556566832696E-007  8.067031252826695E-002  8.848777474346088E-007  5.744775538863674E-002  3.433027770122254E-002  1.383337834897128E-001
  1.219999999999997E+001  2.752020665182407E-007  8.201070239495661E-002  8.814225838321009E-007  5.704182615189335E-002  3.497018273490295E-002  1.393702871434132E-001
  1.239999999999996E+001  2.720334368299903E-007  8.335111409668439E-002  8.780782232490925E-007  5.664274428506449E-002  3.561139666437437E-002  1.403898263330983E-001
  1.259999999999996E+001  2.689462037976885E-007  8.469154832775247E-002  8.748393634256634E-007  5.625031845381231E-002  3.625389855287651E-002  1.413928940454379E-001
  1.279999999999996E+001  2.659370096621782E-007  8.603200570503186E-002  8.717010372447408E-007  5.586436407088503E-002  3.689766799419204E-002  1.423799626573821E-001
  1.299999999999996E+001  2.630026877181842E-007  8.737248677477195E-002  8.686585866112960E-007  5.548470330606783E-002  3.754268509397235E-002  1.433514849582118E-001
  1.319999999999996E+001  2.601402485834568E-007  8.871299201844646E-002  8.657076387238411E-007  5.511116494355659E-002  3.818893045172441E-002  1.443078951573213E-001
  1.339999999999996E+001  2.573468676342863E-007  9.005352185788749E-002  8.628440844925781E-007  5.474358416527222E-002  3.883638514351331E-002  1.452496098540310E-001
  1.359999999999996E+001  2.546198735010278E-007  9.139407665987279E-002  8.600640588843861E-007  5.438180230154797E-002  3.948503070539525E-002  1.461770289588357E-001
  1.379999999999996E+001  2.519567375245470E-007  9.273465674027416E-002  8.573639229988063E-007  5.402566657107115E-002  4.013484911757303E-002  1.470905365625058E-001
  1.399999999999996E+001  2.493550640829206E-007  9.407526236784222E-002  8.547402477008652E-007  5.367502982155079E-002  4.078582278925302E-002  1.479905017531037E-001
  1.419999999999996E+001  2.468125817062871E-007  9.541589376767998E-002  8.521897986559087E-007  5.332975027700008E-002  4.143793454417675E-002  1.488772793827933E-001
  1.439999999999996E+001  2.443271349058998E-007  9.675655112444451E-002  8.497095226287256E-007  5.298969129451570E-002  4.209116760679564E-002  1.497512107871459E-001
  1.459999999999996E+001  2.418966766509740E-007  9.809723458530703E-002  8.472965349243603E-007  5.265472113181394E-002  4.274550558905824E-002  1.506126244599387E-001
  1.479999999999996E+001  2.395192614337412E-007  9.943794426269517E-002  8.449481078613147E-007  5.232471272591014E-002  4.340093247777695E-002  1.514618366864697E-001
  1.499999999999996E+001  2.371930388692610E-007  1.007786802368381E-001  8.426616601795974E-007  5.199954348286322E-002  4.405743262254450E-002  1.522991521382999E-001
  1.519999999999995E+001  2.349162477820015E-007  1.021194425581310E-001  8.404347472964109E-007  5.167909507826448E-002  4.471499072417014E-002  1.531248644321649E-001
  1.539999999999995E+001  2.326872107360706E-007  1.034602312493343E-001  8.382650523314421E-007  5.136325326802938E-002  4.537359182360703E-002  1.539392566556027E-001
  1.559999999999995E+001  2.305043289703155E-007  1.048010463076209E-001  8.361503778317902E-007  5.105190770899892E-002  4.603322129134494E-002  1.547426018616553E-001
  1.579999999999995E+001  2.283660777033459E-007  1.061418877064820E-001  8.340886381337214E-007  5.074495178884043E-002  4.669386481724282E-002  1.555351635348116E-001
  1.599999999999995E+001  2.262710017769793E-007  1.074827553975042E-001  8.320778523048209E-007  5.044228246474294E-002  4.735550840077771E-002  1.563171960301863E-001
  1.619999999999995E+001  2.242177116096448E-007  1.088236493120256E-001  8.301161376157078E-007  5.014380011041646E-002  4.801813834168830E-002  1.570889449877730E-001
  1.639999999999995E+001  2.222048794340180E-007  1.101645693626805E-001  8.282017034955339E-007  4.984940837092578E-002  4.868174123099220E-002  1.578506477234591E-001
  1.659999999999995E+001  2.202312357955810E-007  1.115055154448413E-001  8.263328459299203E-007  4.955901402491254E-002  4.934630394235776E-002  1.586025335983579E-001
  1.679999999999995E+001  2.182955662909867E-007  1.128464874379632E-001  8.245079422639919E-007  4.927252685378306E-002  5.001181362381266E-002  1.593448243678944E-001
  1.699999999999995E+001  2.163967085270462E-007  1.141874852068406E-001  8.227254463767169E-007  4.898985951746378E-002  5.067825768977166E-002  1.600777345119656E-001
  1.719999999999995E+001  2.145335492829125E-007  1.155285086027800E-001  8.209838841959321E-007  4.871092743634965E-002  5.134562381336864E-002  1.608014715474004E-001
  1.739999999999995E+001  2.127050218595985E-007  1.168695574646955E-001  8.192818495263015E-007  4.843564867909253E-002  5.201389991907709E-002  1.615162363238485E-001
  1.759999999999995E+001  2.109101036023787E-007  1.182106316201319E-001  8.176180001649919E-007  4.816394385589896E-002  5.268307417560605E-002  1.622222233041447E-001
  1.779999999999995E+001  2.091478135828987E-007  1.195517308862219E-001  8.159910542821528E-007  4.789573601702629E-002  5.335313498905755E-002  1.629196208301187E-001
  1.799999999999995E+001  2.074172104289549E-007  1.208928550705784E-001  8.143997870453432E-007  4.763095055618534E-002  5.402407099633407E-002  1.636086113747494E-001
  1.819999999999995E+001  2.057173902909483E-007  1.222340039721313E-001  8.128430274689113E-007  4.736951511857581E-002  5.469587105878392E-002  1.642893717814986E-001
  1.839999999999995E+001  2.040474849349453E-007  1.235751773819066E-001  8.113196554709929E-007  4.711135951329745E-002  5.536852425607372E-002  1.649620734915989E-001
  1.859999999999994E+001  2.024066599531267E-007  1.249163750837573E-001  8.098285991223156E-007  4.685641562989560E-002  5.604201988027804E-002  1.656268827600171E-001
  1.879999999999994E+001  2.007941130831711E-007  1.262575968550445E-001  8.083688320723493E-007  4.660461735881480E-002  5.671634743017620E-002  1.662839608607645E-001
  1.899999999999994E+001  1.992090726288150E-007  1.275988424672755E-001  8.069393711395768E-007  4.635590051554782E-002  5.739149660574725E-002  1.669334642821786E-001
  1.919999999999994E+001  1.976507959744596E-007  1.289401116866996E-001  8.055392740537787E-007  4.611020276828014E-002  5.806745730285449E-002  1.675755449127584E-001
  1.939999999999994E+001  1.961185681872717E-007  1.302814042748648E-001  8.041676373392312E-007  4.586746356884273E-002  5.874421960811128E-002  1.682103502180960E-001
  1.959999999999994E+001  1.946117007007434E-007  1.316227199891389E-001  8.028235943286351E-007  4.562762408679625E-002  5.942177379392070E-002  1.688380234094133E-001
  1.979999999999994E+001  1.931295300741555E-007  1.329640585831950E-001  8.015063132984278E-007  4.539062714648148E-002  6.010011031368130E-002  1.694587036041754E-001
  1.999999999999994E+001  1.916714168228157E-007  1.343054198074669E-001  8.002149957168821E-007  4.515641716687974E-002  6.077921979715247E-002  1.700725259792242E-001
  2.019999999999994E+001  1.902367443143457E-007  1.356468034095734E-001  7.989488745970912E-007  4.492494010413681E-002  6.145909304597237E-002  1.706796219168470E-001
  2.039999999999994E+001  1.888249177266462E-007  1.369882091347145E-001  7.977072129475648E-007  4.469614339661260E-002  6.213972102932290E-002  1.712801191441648E-001
  2.059999999999994E+001  1.874353630635032E-007  1.383296367260421E-001  7.964893023137203E-007  4.446997591232622E-002  6.282109487973485E-002  1.718741418662077E-001
  2.079999999999994E+001  1.860675262240974E-007  1.396710859250054E-001  7.952944614041026E-007  4.424638789867467E-002  6.350320588902832E-002  1.724618108930119E-001
  2.099999999999994E+001  1.847208721229592E-007  1.410125564716735E-001  7.941220347956110E-007  4.402533093430967E-002  6.418604550438284E-002  1.730432437610629E-001
  2.119999999999994E+001  1.833948838571629E-007  1.423540481050366E-001  7.929713917124696E-007  4.380675788306387E-002  6.486960532453201E-002  1.736185548493792E-001
  2.139999999999993E+001  1.820890619177880E-007  1.436955605632863E-001  7.918419248740669E-007  4.359062284982451E-002  6.555387709607764E-002  1.741878554905207E-001
  2.159999999999993E+001  1.808029234428870E-007  1.450370935840772E-001  7.907330494071579E-007  4.337688113825756E-002  6.623885270991937E-002  1.747512540767831E-001
  2.179999999999993E+001  1.795360015094011E-007  1.463786469047705E-001  7.896442018182534E-007  4.316548921029143E-002  6.692452419779456E-002  1.753088561618286E-001
  2.199999999999993E+001  1.782878444616385E-007  1.477202202626612E-001  7.885748390223355E-007  4.295640464727416E-002  6.761088372892488E-002  1.758607645579845E-001
  2.219999999999993E+001  1.770580152741046E-007  1.490618133951892E-001  7.875244374243086E-007  4.274958611272303E-002  6.829792360676516E-002  1.764070794294291E-001
  2.239999999999993E+001  1.758460909466193E-007  1.504034260401352E-001  7.864924920498671E-007  4.254499331658965E-002  6.898563626585109E-002  1.769478983814723E-001
  2.259999999999993E+001  1.746516619298049E-007  1.517450579358036E-001  7.854785157226870E-007  4.234258698096818E-002  6.967401426874148E-002  1.774833165461248E-001
  2.279999999999993E+001  1.734743315791530E-007  1.530867088211920E-001  7.844820382850756E-007  4.214232880717816E-002  7.036305030305232E-002  1.780134266641395E-001
  2.299999999999993E+001  1.723137156360044E-007  1.544283784361481E-001  7.835026058594144E-007  4.194418144415710E-002  7.105273717857864E-002  1.785383191636967E-001
  2.319999999999993E+001  1.711694417338826E-007  1.557700665215155E-001  7.825397801479100E-007  4.174810845810140E-002  7.174306782450152E-002  1.790580822358987E-001
  2.339999999999993E+001  1.700411489287296E-007  1.571117728192687E-001  7.815931377683473E-007  4.155407430329779E-002  7.243403528667655E-002  1.795728019072251E-001
  2.359999999999993E+001  1.689284872516834E-007  1.584534970726378E-001  7.806622696236928E-007  4.136204429409005E-002  7.312563272500172E-002  1.800825621090954E-001
  2.379999999999993E+001  1.678311172831294E-007  1.597952390262237E-001  7.797467803035407E-007  4.117198457792930E-002  7.381785341086076E-002  1.805874447446752E-001
  2.399999999999993E+001  1.667487097468355E-007  1.611369984261045E-001  7.788462875155383E-007  4.098386210945820E-002  7.451069072464039E-002  1.810875297530579E-001
  2.419999999999992E+001  1.656809451230611E-007  1.624787750199332E-001  7.779604215450328E-007  4.079764462558250E-002  7.520413815331808E-002  1.815828951709407E-001
  2.439999999999992E+001  1.646275132795966E-007  1.638205685570278E-001  7.770888247413282E-007  4.061330062148570E-002  7.589818928811827E-002  1.820736171919148E-001
  2.459999999999992E+001  1.635881131197587E-007  1.651623787884538E-001  7.762311510290095E-007  4.043079932754453E-002  7.659283782223467E-002  1.825597702234771E-001
  2.479999999999992E+001  1.625624522464259E-007  1.665042054670999E-001  7.753870654429286E-007  4.025011068710553E-002  7.728807754861591E-002  1.830414269418688E-001
  2.499999999999992E+001  1.615502466412554E-007  1.678460483477470E-001  7.745562436855063E-007  4.007120533508482E-002  7.798390235781326E-002  1.835186583448377E-001
  2.549999999999992E+001  1.590777438347017E-007  1.712007494736157E-001  7.725346549594118E-007  3.963272307598701E-002  7.972706566608964E-002  1.846849440662281E-001
  2.599999999999992E+001  1.566834266321051E-007  1.745555432828287E-001  7.705894420765751E-007  3.920425223109014E-002  8.147373996073486E-002  1.858253365826737E-001
  2.649999999999992E+001  1.543634753599971E-007  1.779104271312682E-001  7.687163053701177E-007  3.878574205873042E-002  8.322383792192546E-002  1.869407794218717E-001
  2.699999999999992E+001  1.521143259914367E-007  1.812653978990032E-001  7.669112586738810E-007  3.837689904829755E-002  8.497727530657855E-002  1.880321906009723E-001
  2.749999999999992E+001  1.499326463676073E-007  1.846204523396172E-001  7.651706038863443E-007  3.797738636845818E-002  8.673397088315722E-002  1.891004452475172E-001
  2.799999999999992E+001  1.478153173394775E-007  1.879755872103085E-001  7.634909060029549E-007  3.758686890555102E-002  8.849384632291317E-002  1.901463732166757E-001
  2.849999999999992E+001  1.457594156885597E-007  1.913307993209617E-001  7.618689703236667E-007  3.720502409343977E-002  9.025682607966133E-002  1.911707608940560E-001
  2.899999999999992E+001  1.437621985909353E-007  1.946860855533824E-001  7.603018218861126E-007  3.683154416340833E-002  9.202283726840405E-002  1.921743539737179E-001
  2.949999999999992E+001  1.418210895312222E-007  1.980414428692657E-001  7.587866869428983E-007  3.646613610382120E-002  9.379180954665743E-002  1.931578602838865E-001
  2.999999999999992E+001  1.399336655383318E-007  2.013968683136196E-001  7.573209762689004E-007  3.610852101215845E-002  9.556367500008325E-002  1.941219524194016E-001
  3.049999999999992E+001  1.380976456067320E-007  2.047523590161286E-001  7.559022700971051E-007  3.575843331193317E-002  9.733836803310154E-002  1.950672701406061E-001
  3.099999999999992E+001  1.363108801758686E-007  2.081079121914313E-001  7.545283045028551E-007  3.541561996984501E-002  9.911582526472290E-002  1.959944225522770E-001
  3.149999999999992E+001  1.345713415540904E-007  2.114635251387383E-001  7.531969590775836E-007  3.507983975102289E-002  1.008959854296075E-001  1.969039900871048E-001
  3.199999999999992E+001  1.328771151870562E-007  2.148191952410020E-001  7.519062457522636E-007  3.475086252129250E-002  1.026787892842358E-001  1.977965263174691E-001
  3.249999999999992E+001  1.312263916828194E-007  2.181749199637658E-001  7.506542986476346E-007  3.442846859670388E-002  1.044641795180020E-001  1.986725596160103E-001
  3.299999999999992E+001  1.296174595163916E-007  2.215306968537732E-001  7.494393648429593E-007  3.411244813797235E-002  1.062521006690095E-001  1.995325946822460E-001
  3.349999999999992E+001  1.280486983457332E-007  2.248865235373994E-001  7.482597959678498E-007  3.380260058680586E-002  1.080424990443283E-001  2.003771139497505E-001
  3.399999999999992E+001  1.265185728790128E-007  2.282423977189483E-001  7.471140405328593E-007  3.349873414102331E-002  1.098353226444713E-001  2.012065788862276E-001
  3.449999999999992E+001  1.250256272398186E-007  2.315983171788511E-001  7.460006369242326E-007  3.320066526549882E-002  1.116305210918501E-001  2.020214311970546E-001
  3.499999999999992E+001  1.235684797829403E-007  2.349542797717934E-001  7.449182069967093E-007  3.290821823616172E-002  1.134280455629775E-001  2.028220939414663E-001
  3.549999999999992E+001  1.221458183185332E-007  2.383102834247946E-001  7.438654502056800E-007  3.262122471449141E-002  1.152278487241946E-001  2.036089725693872E-001
  3.599999999999992E+001  1.207563957070045E-007  2.416663261352575E-001  7.428411382264879E-007  3.233952335015172E-002  1.170298846707127E-001  2.043824558859654E-001
  3.649999999999992E+001  1.193990257909535E-007  2.450224059690018E-001  7.418441100143833E-007  3.206295940960476E-002  1.188341088687700E-001  2.051429169500566E-001
  3.699999999999992E+001  1.180725796339922E-007  2.483785210582955E-001  7.408732672636253E-007  3.179138442872528E-002  1.206404781007178E-001  2.058907139122222E-001
  3.749999999999992E+001  1.167759820393753E-007  2.517346695998933E-001  7.399275702286509E-007  3.152465588760399E-002  1.224489504128599E-001  2.066261907972216E-001
  3.799999999999992E+001  1.155082083240923E-007  2.550908498530901E-001  7.390060338741120E-007  3.126263690588083E-002  1.242594850658825E-001  2.073496782354715E-001
  3.849999999999992E+001  1.142682813265070E-007  2.584470601377974E-001  7.381077243240142E-007  3.100519595708917E-002  1.260720424877207E-001  2.080614941475047E-001
  3.899999999999992E+001  1.130552686277717E-007  2.618032988326467E-001  7.372317555832402E-007  3.075220660061896E-002  1.278865842287195E-001  2.087619443850735E-001
  3.949999999999992E+001  1.118682799691629E-007  2.651595643731257E-001  7.363772865074253E-007  3.050354723002207E-002  1.297030729189551E-001  2.094513233322039E-001
  3.999999999999992E+001  1.107064648491873E-007  2.685158552497495E-001  7.355435179995494E-007  3.025910083648939E-002  1.315214722275916E-001  2.101299144692035E-001
  4.049999999999992E+001  1.095690102858288E-007  2.718721700062716E-001  7.347296904137345E-007  3.001875478642362E-002  1.333417468241578E-001  2.107979909023580E-001
  4.099999999999992E+001  1.084551387306687E-007  2.752285072379344E-001  7.339350811486387E-007  2.978240061211979E-002  1.351638623416346E-001  2.114558158618135E-001
  4.149999999999992E+001  1.073641061228285E-007  2.785848655897632E-001  7.331590024145137E-007  2.954993381464423E-002  1.369877853412505E-001  2.121036431699257E-001
  4.199999999999992E+001  1.062952000717780E-007  2.819412437549031E-001  7.324007991595160E-007  2.932125367807518E-002  1.388134832788919E-001  2.127417176821650E-001
  4.249999999999992E+001  1.052477381590328E-007  2.852976404730003E-001  7.316598471422056E-007  2.909626309433366E-002  1.406409244730384E-001  2.133702757024923E-001
  4.299999999999992E+001  1.042210663496470E-007  2.886540545286295E-001  7.309355511383708E-007  2.887486839789378E-002  1.424700780741390E-001  2.139895453749676E-001
  4.349999999999992E+001  1.032145575052028E-007  2.920104847497643E-001  7.302273432714196E-007  2.865697920971588E-002  1.443009140353539E-001  2.145997470532060E-001
  4.399999999999992E+001  1.022276099907153E-007  2.953669300062944E-001  7.295346814565280E-007  2.844250828979629E-002  1.461334030845849E-001  2.152010936491716E-001
  4.449999999999992E+001  1.012596463685167E-007  2.987233892085873E-001  7.288570479496354E-007  2.823137139777314E-002  1.479675166977311E-001  2.157937909626829E-001
  4.499999999999992E+001  1.003101121727722E-007  3.020798613060932E-001  7.281939479931506E-007  2.802348716106957E-002  1.498032270731001E-001  2.163780379928959E-001
  4.549999999999992E+001  9.937847475880626E-008  3.054363452859950E-001  7.275449085509516E-007  2.781877695009398E-002  1.516405071069194E-001  2.169540272329341E-001
  4.599999999999992E+001  9.846422222190057E-008  3.087928401719013E-001  7.269094771259009E-007  2.761716476005227E-002  1.534793303698878E-001  2.175219449487493E-001
  4.649999999999992E+001  9.756686238065981E-008  3.121493450225803E-001  7.262872206536800E-007  2.741857709895936E-002  1.553196710847164E-001  2.180819714432145E-001
  4.699999999999992E+001  9.668592182043627E-008  3.155058589307375E-001  7.256777244672710E-007  2.722294288146626E-002  1.571615041046062E-001  2.186342813063749E-001
  4.749999999999992E+001  9.582094499266554E-008  3.188623810218323E-001  7.250805913268936E-007  2.703019332814755E-002  1.590048048926182E-001  2.191790436527213E-001
  4.799999999999992E+001  9.497149336629210E-008  3.222189104529348E-001  7.244954405106219E-007  2.684026186991760E-002  1.608495495018902E-001  2.197164223462800E-001
  4.899999999999992E+001  9.331757979917439E-008  3.289319895209308E-001  7.233595982741870E-007  2.646897795466293E-002  1.645446830095884E-001  2.207625386212165E-001
  4.999999999999992E+001  9.172088320113200E-008  3.356450857055465E-001  7.222674863176014E-007  2.610798707019054E-002  1.682452825086305E-001  2.217811723487673E-001
  5.099999999999992E+001  9.017843100983620E-008  3.423581940508373E-001  7.212165741377303E-007  2.575701900553333E-002  1.719511774753287E-001  2.227734656513218E-001
  5.199999999999992E+001  8.868745820792431E-008  3.490713095677499E-001  7.202045248559033E-007  2.541566220084323E-002  1.756622049173748E-001  2.237404971724792E-001
  5.299999999999992E+001  8.724538797421633E-008  3.557844275414078E-001  7.192291772744417E-007  2.508351260533168E-002  1.793782089989779E-001  2.246832816613428E-001
  5.399999999999992E+001  8.584981558439001E-008  3.624975435701097E-001  7.182885296215499E-007  2.476018740098088E-002  1.830990406585875E-001  2.256027748833073E-001
  5.499999999999992E+001  8.449849402505807E-008  3.692106535575153E-001  7.173807250410173E-007  2.444532519629001E-002  1.868245572394682E-001  2.264998785277559E-001
  5.599999999999992E+001  8.318932106207387E-008  3.759237536965886E-001  7.165040386332638E-007  2.413858473348521E-002  1.905546221384408E-001  2.273754445488338E-001
  5.699999999999992E+001  8.192032758647716E-008  3.826368404523237E-001  7.156568658617273E-007  2.383964350878238E-002  1.942891044744135E-001  2.282302789850042E-001
  5.799999999999992E+001  8.068966708819278E-008  3.893499105447343E-001  7.148377121612719E-007  2.354819647829229E-002  1.980278787768657E-001  2.290651453502378E-001
  5.899999999999992E+001  7.949560612862289E-008  3.960629609325321E-001  7.140451836065569E-007  2.326395486536486E-002  2.017708246937457E-001  2.298807676713822E-001
  5.999999999999992E+001  7.833651570074106E-008  4.027759887976379E-001  7.132779785167968E-007  2.298664506401558E-002  2.055178267178873E-001  2.306778332276377E-001
  6.099999999999992E+001  7.721086337987843E-008  4.094889915305772E-001  7.125348798893438E-007  2.271600763046662E-002  2.092687739308996E-001  2.314569950348199E-001
  6.199999999999992E+001  7.611720618067669E-008  4.162019667167626E-001  7.118147485682816E-007  2.245179635497716E-002  2.130235597634234E-001  2.322188741079520E-001
  6.299999999999992E+001  7.505418404612680E-008  4.229149121236428E-001  7.111165170661078E-007  2.219377740672677E-002  2.167820817706593E-001  2.329640615292461E-001
  6.399999999999992E+001  7.402051390355267E-008  4.296278256886820E-001  7.104391839667899E-007  2.194172854516619E-002  2.205442414221071E-001  2.336931203438019E-001
  6.499999999999991E+001  7.301498423009668E-008  4.363407055081273E-001  7.097818088473315E-007  2.169543839187877E-002  2.243099439045121E-001  2.344065873017700E-001
  6.599999999999991E+001  7.203645007692280E-008  4.430535498265237E-001  7.091435076626147E-007  2.145470575757639E-002  2.280790979370746E-001  2.351049744629566E-001
  6.699999999999991E+001  7.108382850713393E-008  4.497663570269249E-001  7.085234485448915E-007  2.121933901938388E-002  2.318516155980453E-001  2.357887706776320E-001
  6.799999999999991E+001  7.015609440743590E-008  4.564791256217618E-001  7.079208479750506E-007  2.098915554404150E-002  2.356274121618911E-001  2.364584429555185E-001
  6.899999999999991E+001  6.925227663798168E-008  4.631918542443236E-001  7.073349672877663E-007  2.076398115308390E-002  2.394064059462759E-001  2.371144377334503E-001
  6.999999999999991E+001  6.837145448868272E-008  4.699045416408074E-001  7.067651094769904E-007  2.054364962643574E-002  2.431885181681645E-001  2.377571820509614E-001
  7.099999999999991E+001  6.751275441366032E-008  4.766171866629044E-001  7.062106162720395E-007  2.032800224120702E-002  2.469736728084023E-001  2.383870846420053E-001
  7.199999999999991E+001  6.667534701848866E-008  4.833297882608789E-001  7.056708654578551E-007  2.011688734277672E-002  2.507617964841832E-001  2.390045369501143E-001
  7.299999999999991E+001  6.585844427750825E-008  4.900423454771125E-001  7.051452684159172E-007  1.991015994552742E-002  2.545528183288568E-001  2.396099140735301E-001
  7.399999999999991E+001  6.506129696081219E-008  4.967548574400769E-001  7.046332678648505E-007  1.970768136083867E-002  2.583466698785745E-001  2.402035756461642E-001
  7.499999999999991E+001  6.428319225256248E-008  5.034673233587067E-001  7.041343357820120E-007  1.950931885016657E-002  2.621432849653085E-001  2.407858666596584E-001
  7.599999999999991E+001  6.352345154411865E-008  5.101797425171468E-001  7.036479714893134E-007  1.931494530123406E-002  2.659425996158153E-001  2.413571182312965E-001
  7.699999999999991E+001  6.278142838708199E-008  5.168921142698455E-001  7.031736998883026E-007  1.912443892553432E-002  2.697445519561517E-001  2.419176483220674E-001
  7.799999999999991E+001  6.205650659280086E-008  5.236044380369705E-001  7.027110698310493E-007  1.893768297550789E-002  2.735490821213742E-001  2.424677624087691E-001
  7.899999999999991E+001  6.134809846617029E-008  5.303167133001263E-001  7.022596526147620E-007  1.875456547989914E-002  2.773561321700871E-001  2.430077541136880E-001
  7.999999999999991E+001  6.065564316270686E-008  5.370289395983507E-001  7.018190405892737E-007  1.857497899592598E-002  2.811656460035257E-001  2.435379057950673E-001
  8.099999999999991E+001  5.997860515890797E-008  5.437411165243724E-001  7.013888458676128E-007  1.839882037701439E-002  2.849775692888872E-001  2.440584891012920E-001
  8.199999999999991E+001  5.931647282682487E-008  5.504532437211113E-001  7.009686991308250E-007  1.822599055495485E-002  2.887918493866407E-001  2.445697654914585E-001
  8.299999999999991E+001  5.866875710460416E-008  5.571653208784058E-001  7.005582485190846E-007  1.805639433543337E-002  2.926084352815678E-001  2.450719867247718E-001
  8.399999999999991E+001  5.803499025549402E-008  5.638773477299491E-001  7.001571586018783E-007  1.788994020597667E-002  2.964272775173059E-001  2.455653953210014E-001
  8.499999999999991E+001  5.741472470847821E-008  5.705893240504241E-001  6.997651094207376E-007  1.772654015542963E-002  3.002483281341771E-001  2.460502249940415E-001
  8.599999999999991E+001  5.680753197430196E-008  5.773012496528199E-001  6.993817955986009E-007  1.756610950415469E-002  3.040715406101083E-001  2.465267010604531E-001
  8.799999999999991E+001  5.563066747690428E-008  5.907248930421843E-001  6.986401283210116E-007  1.725392951831595E-002  3.117263500264553E-001  2.474474116689478E-001
  8.999999999999991E+001  5.450139397197715E-008  6.041483311496273E-001  6.979300683397615E-007  1.695259946673342E-002  3.193892036782425E-001  2.483375127492351E-001
  9.199999999999991E+001  5.341687362490983E-008  6.175715641093815E-001  6.972496206015749E-007  1.666162831433987E-002  3.270597801891088E-001  2.491985435332944E-001
  9.399999999999991E+001  5.237449154195745E-008  6.309945922096006E-001  6.965969559889435E-007  1.638048725741037E-002  3.347377758910347E-001  2.500319354065665E-001
  9.599999999999991E+001  5.137183382086794E-008  6.444174160323503E-001  6.959703943187571E-007  1.610868093835503E-002  3.424229036502395E-001  2.508390220732502E-001
  9.799999999999991E+001  5.040666843751162E-008  6.578400364327895E-001  6.953683893690281E-007  1.584574713585385E-002  3.501148917552596E-001  2.516210489858111E-001
  9.999999999999991E+001  4.947692830649719E-008  6.712624545080818E-001  6.947895156837337E-007  1.559125410661696E-002  3.578134828795160E-001  2.523791813521125E-001
  1.019999999999999E+002  4.858069622023790E-008  6.846846715672967E-001  6.942324569154913E-007  1.534479808190321E-002  3.655184331196554E-001  2.531145110491168E-001
  1.039999999999999E+002  4.771619142319873E-008  6.981066891036625E-001  6.936959955009947E-007  1.510600100280303E-002  3.732295111069140E-001  2.538280626877390E-001
  1.059999999999999E+002  4.688175761501158E-008  7.115285087694261E-001  6.931790034944357E-007  1.487450847371446E-002  3.809464971870570E-001  2.545207989928534E-001
  1.079999999999999E+002  4.607585220620771E-008  7.249501323532807E-001  6.926804344096419E-007  1.464998791057850E-002  3.886691826638522E-001  2.551936256139708E-001
  1.099999999999999E+002  4.529703667522358E-008  7.383715617602024E-001  6.921993159432285E-007  1.443212686270185E-002  3.963973691009756E-001  2.558473954523098E-001
  1.119999999999999E+002  4.454396789618296E-008  7.517927989935020E-001  6.917347434692040E-007  1.422063148941151E-002  4.041308676774508E-001  2.564829125706563E-001
  1.139999999999999E+002  4.381539032453581E-008  7.652138461388779E-001  6.912858742107863E-007  1.401522517499774E-002  4.118694985920369E-001  2.571009357391675E-001
  1.159999999999999E+002  4.311012894253791E-008  7.786347053502704E-001  6.908519220081710E-007  1.381564726736728E-002  4.196130905123400E-001  2.577021816607799E-001
  1.179999999999999E+002  4.242708287924694E-008  7.920553788373247E-001  6.904321526119606E-007  1.362165192755383E-002  4.273614800647872E-001  2.582873279127657E-001
  1.199999999999999E+002  4.176521963056220E-008  8.054758688542936E-001  6.900258794413444E-007  1.343300707874191E-002  4.351145113619461E-001  2.588570156354972E-001
  1.219999999999999E+002  4.112356981414342E-008  8.188961776902183E-001  6.896324597540642E-007  1.324949344477513E-002  4.428720355640069E-001  2.594118519950988E-001
  1.239999999999999E+002  4.050122240205254E-008  8.323163076602504E-001  6.892512911820195E-007  1.307090366926868E-002  4.506339104715348E-001  2.599524124431294E-001
  1.259999999999999E+002  3.989732038087454E-008  8.457362610979903E-001  6.888818085922220E-007  1.289704150744777E-002  4.584000001468799E-001  2.604792427935024E-001
  1.279999999999999E+002  3.931105679505194E-008  8.591560403487263E-001  6.885234812378029E-007  1.272772108371113E-002  4.661701745618707E-001  2.609928611343921E-001
  1.299999999999999E+002  3.874167113435407E-008  8.725756477634785E-001  6.881758101681289E-007  1.256276620868613E-002  4.739443092696483E-001  2.614937595907967E-001
  1.319999999999999E+002  3.818844603091202E-008  8.859950856937598E-001  6.878383258707913E-007  1.240200975021634E-002  4.817222850986891E-001  2.619824059516478E-001
  1.339999999999999E+002  3.765070423517857E-008  8.994143564869713E-001  6.875105861214942E-007  1.224529305331475E-002  4.895039878672503E-001  2.624592451738182E-001
  1.359999999999999E+002  3.712780584360569E-008  9.128334624823669E-001  6.871921740206496E-007  1.209246540463762E-002  4.972893081166307E-001  2.629247007740532E-001
  1.379999999999999E+002  3.661914575383465E-008  9.262524060075217E-001  6.868826961979440E-007  1.194338353749441E-002  5.050781408617827E-001  2.633791761186882E-001
  1.399999999999999E+002  3.612415132582879E-008  9.396711893752520E-001  6.865817811682711E-007  1.179791117381621E-002  5.128703853579479E-001  2.638230556200014E-001
  1.419999999999999E+002  3.564228022969352E-008  9.530898148809351E-001  6.862890778242658E-007  1.165591859986549E-002  5.206659448821001E-001  2.642567058471555E-001
  1.439999999999999E+002  3.517301846296624E-008  9.665082848001874E-001  6.860042540523313E-007  1.151728227278971E-002  5.284647265280874E-001  2.646804765588946E-001
  1.459999999999999E+002  3.471587852195639E-008  9.799266013868609E-001  6.857269954604473E-007  1.138188445540524E-002  5.362666410144620E-001  2.650947016644655E-001
  1.479999999999999E+002  3.427039771330442E-008  9.933447668713214E-001  6.854570042073275E-007  1.124961287685104E-002  5.440716025040711E-001  2.654997001186132E-001
  1.499999999999999E+002  3.383613659333480E-008  1.006762783458984E+000  6.851939979235890E-007  1.112036041697679E-002  5.518795284345597E-001  2.658957767559493E-001
  1.549999999999999E+002  3.279675548574782E-008  1.040306911141448E+000  6.845651408078978E-007  1.080977772967060E-002  5.714170103943925E-001  2.668330239291995E-001
  1.599999999999999E+002  3.181897534525707E-008  1.073850164213391E+000  6.839744870435187E-007  1.051592403429092E-002  5.909710316223244E-001  2.677215166531710E-001
  1.649999999999999E+002  3.089748865610345E-008  1.107392574942629E+000  6.834186559432258E-007  1.023751813505087E-002  6.105405618124355E-001  2.685650028263938E-001
  1.699999999999999E+002  3.002758053297058E-008  1.140934174168291E+000  6.828946548166680E-007  9.973373793746318E-003  6.301246582398687E-001  2.693668400771597E-001
  1.749999999999999E+002  2.920504808226241E-008  1.174474991457361E+000  6.823998247755191E-007  9.722423086723705E-003  6.497224566792161E-001  2.701300511207280E-001
  1.799999999999999E+002  2.842613268232083E-008  1.208015055147081E+000  6.819317953813176E-007  9.483702288089596E-003  6.693331633205061E-001  2.708573676349807E-001
  1.849999999999999E+002  2.768746276249748E-008  1.241554392380736E+000  6.814884465029873E-007  9.256339441653737E-003  6.889560476197999E-001  2.715512661974689E-001
  1.899999999999999E+002  2.698600521909677E-008  1.275093029144132E+000  6.810678760807856E-007  9.039543668127229E-003  7.085904359876500E-001  2.722139984022246E-001
  1.949999999999999E+002  2.631902397910048E-008  1.308630990304152E+000  6.806683727551419E-007  8.832595936052443E-003  7.282357062151762E-001  2.728476164704685E-001
  1.999999999999999E+002  2.568404451109701E-008  1.342168299649290E+000  6.802883925235378E-007  8.634841068124790E-003  7.478912825446556E-001  2.734539952476138E-001
  2.049999999999999E+002  2.507882330900147E-008  1.375704979931528E+000  6.799265387492721E-007  8.445680793933321E-003  7.675566313017814E-001  2.740348512349617E-001
  2.099999999999999E+002  2.450132155304814E-008  1.409241052908920E+000  6.795815449728200E-007  8.264567692384655E-003  7.872312570173149E-001  2.745917591499758E-001
  2.149999999999999E+002  2.394968229508687E-008  1.442776539388261E+000  6.792522600771674E-007  8.090999893354963E-003  8.069146989756140E-001  2.751261664037632E-001
  2.199999999999999E+002  2.342221062953816E-008  1.476311459267371E+000  6.789376354388673E-007  7.924516429566842E-003  8.266065281361411E-001  2.756394058085731E-001
  2.249999999999999E+002  2.291735640357836E-008  1.509845831576605E+000  6.786367137610703E-007  7.764693147255310E-003  8.463063443815504E-001  2.761327067712143E-001
  2.299999999999999E+002  2.243369909491323E-008  1.543379674519308E+000  6.783486193368182E-007  7.611139098628160E-003  8.660137740523453E-001  2.766072051842687E-001
  2.349999999999999E+002  2.196993454645115E-008  1.576913005511011E+000  6.780725495331096E-007  7.463493351045394E-003  8.857284677336010E-001  2.770639521921610E-001
  2.399999999999999E+002  2.152486329710375E-008  1.610445841217229E+000  6.778077673206265E-007  7.321422157720231E-003  9.054500982638989E-001  2.775039219811368E-001
  2.449999999999999E+002  2.109738028900071E-008  1.643978197589777E+000  6.775535947021877E-007  7.184616442962328E-003  9.251783589406045E-001  2.779280187194060E-001
  2.499999999999999E+002  2.068646576532477E-008  1.677510089901544E+000  6.773094069161509E-007  7.052789561847261E-003  9.449129618990294E-001  2.783370827549344E-001
  2.549999999999999E+002  2.029117720110665E-008  1.711041532779713E+000  6.770746273101102E-007  6.925675299949184E-003  9.646536366459157E-001  2.787318961628218E-001
  2.599999999999999E+002  1.991064213274600E-008  1.744572540237445E+000  6.768487227961034E-007  6.803026083612788E-003  9.844001287301737E-001  2.791131877212000E-001
  2.649999999999999E+002  1.954405177160408E-008  1.778103125704020E+000  6.766311998117325E-007  6.684611375324901E-003  1.004152198535952E+000  2.794816373836858E-001
  2.699999999999999E+002  1.919065530343503E-008  1.811633302053503E+000  6.764216007226628E-007  6.570216232204207E-003  1.023909620184944E+000  2.798378803072132E-001
  2.749999999999999E+002  1.884975478924431E-008  1.845163081631954E+000  6.762195006111857E-007  6.459640008565026E-003  1.043672180536440E+000  2.801825104862699E-001
  2.799999999999999E+002  1.852070059483260E-008  1.878692476283243E+000  6.760245044033378E-007  6.352695186013315E-003  1.063439678275002E+000  2.805160840379169E-001
  2.849999999999999E+002  1.820288728616899E-008  1.912221497373539E+000  6.758362442936286E-007  6.249206316671015E-003  1.083211923076816E+000  2.808391221763073E-001
  2.899999999999999E+002  1.789574993613578E-008  1.945750155814495E+000  6.756543774320088E-007  6.149009066956423E-003  1.102988734846846E+000  2.811521139105506E-001
  2.949999999999999E+002  1.759876079534398E-008  1.979278462085227E+000  6.754785838424207E-007  6.051949350921691E-003  1.122769943019769E+000  2.814555184956011E-001
  2.999999999999999E+002  1.731142628583397E-008  2.012806426253116E+000  6.753085645463187E-007  5.957882543503542E-003  1.142555385918494E+000  2.817497676622382E-001
  3.049999999999999E+002  1.703328428171558E-008  2.046334057993512E+000  6.751440398679816E-007  5.866672765213221E-003  1.162344910164740E+000  2.820352676490991E-001
  3.099999999999999E+002  1.676390164530383E-008  2.079861366608380E+000  6.749847479013872E-007  5.778192230804178E-003  1.182138370136748E+000  2.823124010570224E-001
  3.149999999999999E+002  1.650287199118299E-008  2.113388361043957E+000  6.748304431209536E-007  5.692320655334214E-003  1.201935627469739E+000  2.825815285436186E-001
  3.199999999999999E+002  1.624981365397971E-008  2.146915049907463E+000  6.746808951206384E-007  5.608944711802418E-003  1.221736550595190E+000  2.828429903739381E-001
  3.249999999999999E+002  1.600436783852234E-008  2.180441441482916E+000  6.745358874677607E-007  5.527957535206524E-003  1.241541014315413E+000  2.830971078413274E-001
  3.299999999999999E+002  1.576619693357672E-008  2.213967543746127E+000  6.743952166595496E-007  5.449258268447089E-003  1.261348899410285E+000  2.833441845710021E-001
  3.349999999999999E+002  1.553498297253313E-008  2.247493364378869E+000  6.742586911718321E-007  5.372751646013219E-003  1.281160092273288E+000  2.835845077175009E-001
  3.399999999999999E+002  1.531042622632235E-008  2.281018910782326E+000  6.741261305905063E-007  5.298347611829955E-003  1.300974484574327E+000  2.838183490659804E-001
  3.449999999999999E+002  1.509224391550014E-008  2.314544190089809E+000  6.739973648175074E-007  5.225960968038799E-003  1.320791972947013E+000  2.840459660462556E-001
  3.499999999999999E+002  1.488016902989341E-008  2.348069209178826E+000  6.738722333439220E-007  5.155511051827102E-003  1.340612458698341E+000  2.842676026675586E-001
  3.549999999999999E+002  1.467394924547491E-008  2.381593974682501E+000  6.737505845837143E-007  5.086921437725590E-003  1.360435847538909E+000  2.844834903811626E-001
  3.599999999999999E+002  1.447334592925241E-008  2.415118493000419E+000  6.736322752622476E-007  5.020119663061321E-003  1.380262049331955E+000  2.846938488772934E-001
  3.649999999999999E+002  1.427813322394291E-008  2.448642770308895E+000  6.735171698544095E-007  4.955036974490481E-003  1.400090977859704E+000  2.848988868220998E-001
  3.699999999999999E+002  1.408809720506955E-008  2.482166812570722E+000  6.734051400677194E-007  4.891608093745457E-003  1.419922550605614E+000  2.850988025398845E-001
  3.749999999999999E+002  1.390303510388554E-008  2.515690625544420E+000  6.732960643662607E-007  4.829771000917151E-003  1.439756688551265E+000  2.852937846452860E-001
  3.799999999999999E+002  1.372275459020669E-008  2.549214214793012E+000  6.731898275317245E-007  4.769466733759144E-003  1.459593315986746E+000  2.854840126296452E-001
  3.849999999999999E+002  1.354707310983456E-008  2.582737585692362E+000  6.730863202582445E-007  4.710639201647921E-003  1.479432360333476E+000  2.856696574053898E-001
  3.899999999999999E+002  1.337581727178456E-008  2.616260743439080E+000  6.729854387780113E-007  4.653235012964893E-003  1.499273751978527E+000  2.858508818119014E-001
  3.949999999999999E+002  1.320882228100729E-008  2.649783693058056E+000  6.728870845149814E-007  4.597203314783371E-003  1.519117424119554E+000  2.860278410860129E-001
  3.999999999999999E+002  1.304593141271215E-008  2.683306439409597E+000  6.727911637642488E-007  4.542495643848743E-003  1.538963312619563E+000  2.862006832999872E-001
  4.049999999999999E+002  1.288699552477821E-008  2.716828987196227E+000  6.726975873948875E-007  4.489065787934054E-003  1.558811355870760E+000  2.863695497695719E-001
  4.099999999999999E+002  1.273187260507259E-008  2.750351340969148E+000  6.726062705742832E-007  4.436869656737554E-003  1.578661494666842E+000  2.865345754344899E-001
  4.149999999999999E+002  1.258042735079612E-008  2.783873505134386E+000  6.725171325121649E-007  4.385865161564449E-003  1.598513672083103E+000  2.866958892135135E-001
  4.199999999999999E+002  1.243253077724483E-008  2.817395483958647E+000  6.724300962227119E-007  4.336012103103125E-003  1.618367833363796E+000  2.868536143360823E-001
  4.249999999999999E+002  1.228805985361570E-008  2.850917281574887E+000  6.723450883032633E-007  4.287272066667362E-003  1.638223925816247E+000  2.870078686522539E-001
  4.299999999999999E+002  1.214689716370171E-008  2.884438901987611E+000  6.722620387282980E-007  4.239608324331233E-003  1.658081898711234E+000  2.871587649226204E-001
  4.399999999999999E+002  1.187404340397347E-008  2.951481456584960E+000  6.721015254475587E-007  4.147365628496215E-003  1.697805066929389E+000  2.874477221789941E-001
  4.499999999999999E+002  1.161314188020977E-008  3.018523355194028E+000  6.719480833960489E-007  4.059024986406479E-003  1.737535095588175E+000  2.877246503708332E-001
  4.599999999999999E+002  1.136342551622942E-008  3.085564625288382E+000  6.718012557703048E-007  3.974346061807349E-003  1.777271647782408E+000  2.879902873145787E-001
  4.699999999999999E+002  1.112419142506536E-008  3.152605292731704E+000  6.716606242655785E-007  3.893106583415011E-003  1.817014409528415E+000  2.882453102036250E-001
  4.799999999999999E+002  1.089479433638882E-008  3.219645381905082E+000  6.715258051050702E-007  3.815101876022234E-003  1.856763087807210E+000  2.884903423094524E-001
  4.899999999999999E+002  1.067464081559675E-008  3.286684915816949E+000  6.713964455504003E-007  3.740143157346596E-003  1.896517408799099E+000  2.887259585682964E-001
  4.999999999999999E+002  1.046318416508634E-008  3.353723916202075E+000  6.712722208267799E-007  3.668056026532170E-003  1.936277116292123E+000  2.889526903606854E-001
  5.099999999999999E+002  1.025991991554050E-008  3.420762403611443E+000  6.711528314065254E-007  3.598679121754234E-003  1.976041970246610E+000  2.891710296668168E-001
  5.199999999999999E+002  1.006438182905682E-008  3.487800397494240E+000  6.710380006031568E-007  3.531862925319506E-003  2.015811745499084E+000  2.893814327170282E-001
  5.299999999999999E+002  9.876138347587720E-009  3.554837916272907E+000  6.709274724354242E-007  3.467468697719497E-003  2.055586230590472E+000  2.895843232216196E-001
  5.399999999999999E+002  9.694789429871458E-009  3.621874977411962E+000  6.708210097265904E-007  3.405367524699795E-003  2.095365226705045E+000  2.897800952433753E-001
  5.499999999999999E+002  9.519963728175168E-009  3.688911597481260E+000  6.707183924092932E-007  3.345439463614917E-003  2.135148546708135E+000  2.899691157625941E-001
  5.599999999999999E+002  9.351316063020350E-009  3.755947792214206E+000  6.706194160104964E-007  3.287572777210261E-003  2.174936014272056E+000  2.901517269750584E-001
  5.699999999999999E+002  9.188525159844510E-009  3.822983576561402E+000  6.705238902946102E-007  3.231663244563229E-003  2.214727463080860E+000  2.903282483564821E-001
  5.799999999999999E+002  9.031291616451011E-009  3.890018964740151E+000  6.704316380458400E-007  3.177613540270675E-003  2.254522736105713E+000  2.904989785217038E-001
  5.899999999999999E+002  8.879336074260744E-009  3.957053970280196E+000  6.703424939733825E-007  3.125332674127179E-003  2.294321684943601E+000  2.906641969027153E-001
  5.999999999999999E+002  8.732397569925898E-009  4.024088606065997E+000  6.702563037252467E-007  3.074735484529643E-003  2.334124169212930E+000  2.908241652662347E-001
  6.099999999999999E+002  8.590232046896301E-009  4.091122884375925E+000  6.701729229983328E-007  3.025742179694600E-003  2.373930056000316E+000  2.909791290887365E-001
  6.199999999999999E+002  8.452611009125949E-009  4.158156816918526E+000  6.700922167339874E-007  2.978277921506906E-003  2.413739219353536E+000  2.911293188045189E-001
  6.299999999999999E+002  8.319320301337858E-009  4.225190414866216E+000  6.700140583896009E-007  2.932272447450339E-003  2.453551539816123E+000  2.912749509404189E-001
  6.399999999999999E+002  8.190159002187183E-009  4.292223688886554E+000  6.699383292780009E-007  2.887659726617108E-003  2.493366903999620E+000  2.914162291490984E-001
  6.499999999999999E+002  8.064938418321290E-009  4.359256649171306E+000  6.698649179673863E-007  2.844377646266955E-003  2.533185204189947E+000  2.915533451513959E-001
  6.599999999999999E+002  7.943481168771394E-009  4.426289305463509E+000  6.697937197354304E-007  2.802367725818129E-003  2.573006337984697E+000  2.916864795969915E-001
  6.699999999999999E+002  7.825620350355635E-009  4.493321667082661E+000  6.697246360719325E-007  2.761574855510809E-003  2.612830207958513E+000  2.918158028515632E-001
  6.799999999999999E+002  7.711198775856270E-009  4.560353742948205E+000  6.696575742250558E-007  2.721947057296273E-003  2.652656721354013E+000  2.919414757176811E-001
  6.899999999999999E+002  7.600068277676783E-009  4.627385541601451E+000  6.695924467867585E-007  2.683435265778425E-003  2.692485789795983E+000  2.920636500958767E-001
  6.999999999999999E+002  7.492089070508330E-009  4.694417071226025E+000  6.695291713135247E-007  2.645993127273808E-003  2.732317329026785E+000  2.921824695916097E-001
  7.099999999999999E+002  7.387129167255146E-009  4.761448339667001E+000  6.694676699789416E-007  2.609576815266398E-003  2.772151258661136E+000  2.922980700732416E-001
  7.199999999999999E+002  7.285063843100072E-009  4.828479354448787E+000  6.694078692550408E-007  2.574144860718360E-003  2.811987501958599E+000  2.924105801855731E-001
  7.299999999999999E+002  7.185775143145795E-009  4.895510122791866E+000  6.693496996196701E-007  2.539657995860744E-003  2.851825985612298E+000  2.925201218230249E-001
  7.399999999999999E+002  7.089151429555177E-009  4.962540651628483E+000  6.692930952874413E-007  2.506079010231821E-003  2.891666639552481E+000  2.926268105661179E-001
  7.499999999999999E+002  6.995086964544122E-009  5.029570947617350E+000  6.692379939620767E-007  2.473372617857834E-003  2.931509396763730E+000  2.927307560845332E-001
  7.599999999999999E+002  6.903481525959950E-009  5.096601017157442E+000  6.691843366081844E-007  2.441505334583379E-003  2.971354193114696E+000  2.928320625097012E-001
  7.699999999999999E+002  6.814240052514040E-009  5.163630866400952E+000  6.691320672407163E-007  2.410445364658485E-003  3.011200967199352E+000  2.929308287795749E-001
  7.799999999999999E+002  6.727272316034938E-009  5.230660501265468E+000  6.690811327305279E-007  2.380162495778021E-003  3.051049660188860E+000  2.930271489579815E-001
  7.899999999999999E+002  6.642492618372006E-009  5.297689927445406E+000  6.690314826246189E-007  2.350628001847991E-003  3.090900215693211E+000  2.931211125307107E-001
  7.999999999999999E+002  6.559819510814262E-009  5.364719150422792E+000  6.689830689797803E-007  2.321814552823534E-003  3.130752579631885E+000  2.932128046802955E-001
  8.199999999999999E+002  6.400483754646422E-009  5.498776815284700E+000  6.688897564746903E-007  2.266245642788834E-003  3.210464221083134E+000  2.933875541535210E-001
  8.399999999999999E+002  6.248692736452669E-009  5.632833738926463E+000  6.688008718606991E-007  2.213264415280535E-003  3.290182394579132E+000  2.935542690339273E-001
  8.599999999999999E+002  6.103923542764798E-009  5.766889957779591E+000  6.687161074759504E-007  2.162694894644793E-003  3.369906747548930E+000  2.937134932008076E-001
  8.799999999999999E+002  5.965700455664670E-009  5.900945505773937E+000  6.686351835042761E-007  2.114376458749525E-003  3.449636953623663E+000  2.938657214359272E-001
  8.999999999999999E+002  5.833589748486429E-009  6.035000414560057E+000  6.685578448955430E-007  2.068162416162040E-003  3.529372710184494E+000  2.940114052844311E-001
  9.199999999999999E+002  5.707195155138901E-009  6.169054713705433E+000  6.684838586857507E-007  2.023918529831983E-003  3.609113736181036E+000  2.941509579091247E-001
  9.399999999999999E+002  5.586153913448091E-009  6.303108430869533E+000  6.684130116576673E-007  1.981521724318323E-003  3.688859770188001E+000  2.942847582119581E-001
  9.599999999999999E+002  5.470133299432512E-009  6.437161591960749E+000  6.683451082925758E-007  1.940858950621092E-003  3.768610568671025E+000  2.944131543868979E-001
  9.799999999999999E+002  5.358827582897282E-009  6.571214221277591E+000  6.682799689717369E-007  1.901826186672340E-003  3.848365904436094E+000  2.945364670130158E-001
  9.999999999999999E+002  5.251955345792506E-009  6.705266341636090E+000  6.682174283927633E-007  1.864327554957177E-003  3.928125565240289E+000  2.946549917659063E-001
  1.020000000000000E+003  5.149257113900658E-009  6.839317974484969E+000  6.681573341715328E-007  1.828274541569061E-003  4.007889352544501E+000  2.947690018067993E-001
  1.040000000000000E+003  5.050493259969116E-009  6.973369140010004E+000  6.680995456047756E-007  1.793585303360003E-003  4.087657080391352E+000  2.948787498963283E-001
  1.060000000000000E+003  4.955442142681680E-009  7.107419857228773E+000  6.680439325721883E-007  1.760184051812953E-003  4.167428574393726E+000  2.949844702711032E-001
  1.080000000000000E+003  4.863898451101472E-009  7.241470144076798E+000  6.679903745600761E-007  1.728000503910208E-003  4.247203670821256E+000  2.950863803146745E-001
  1.100000000000000E+003  4.775671728604890E-009  7.375520017486030E+000  6.679387597911007E-007  1.696969391655080E-003  4.326982215773753E+000  2.951846820493841E-001
  1.120000000000000E+003  4.690585054013106E-009  7.509569493456445E+000  6.678889844469350E-007  1.667030023070035E-003  4.406764064431921E+000  2.952795634715386E-001
  1.140000000000000E+003  4.608473860736265E-009  7.643618587121467E+000  6.678409519724454E-007  1.638125888480419E-003  4.486549080376977E+000  2.953711997490567E-001
  1.160000000000000E+003  4.529184877374870E-009  7.777667312807859E+000  6.677945724516092E-007  1.610204306729055E-003  4.566337134971760E+000  2.954597542980198E-001
  1.180000000000000E+003  4.452575175453794E-009  7.911715684090579E+000  6.677497620466774E-007  1.583216106678236E-003  4.646128106796865E+000  2.955453797523002E-001
  1.200000000000000E+003  4.378511311862584E-009  8.045763713843149E+000  6.677064424932359E-007  1.557115339962425E-003  4.725921881136120E+000  2.956282188385383E-001
  1.220000000000000E+003  4.306868555195811E-009  8.179811414283943E+000  6.676645406447694E-007  1.531859021473965E-003  4.805718349506320E+000  2.957084051671344E-001
  1.240000000000000E+003  4.237530186573412E-009  8.313858797018753E+000  6.676239880611600E-007  1.507406894509280E-003  4.885517409226832E+000  2.957860639485504E-001
  1.260000000000000E+003  4.170386866710347E-009  8.447905873080039E+000  6.675847206362524E-007  1.483721217885861E-003  4.965318963025071E+000  2.958613126430534E-001
  1.280000000000000E+003  4.105336062028007E-009  8.581952652963116E+000  6.675466782602304E-007  1.460766572670261E-003  5.045122918674407E+000  2.959342615510241E-001
  1.300000000000000E+003  4.042281523482067E-009  8.715999146659586E+000  6.675098045130619E-007  1.438509686442530E-003  5.124929188661355E+000  2.960050143500928E-001
  1.320000000000000E+003  3.981132812544015E-009  8.850045363688244E+000  6.674740463857323E-007  1.416919273269450E-003  5.204737689879289E+000  2.960736685846184E-001
  1.340000000000000E+003  3.921804869434405E-009  8.984091313123693E+000  6.674393540263720E-007  1.395965887773330E-003  5.284548343346237E+000  2.961403161123792E-001
  1.360000000000000E+003  3.864217619279557E-009  9.118137003622845E+000  6.674056805087159E-007  1.375621791869656E-003  5.364361073944493E+000  2.962050435127801E-001
  1.380000000000000E+003  3.808295612362744E-009  9.252182443449527E+000  6.673729816206510E-007  1.355860832909481E-003  5.444175810180123E+000  2.962679324603953E-001
  1.400000000000000E+003  3.753967695076377E-009  9.386227640497326E+000  6.673412156708265E-007  1.336658332104514E-003  5.523992483960575E+000  2.963290600672343E-001
  1.450000000000000E+003  3.624688201851460E-009  9.721339199699639E+000  6.672656105694205E-007  1.290943634798085E-003  5.723545541355671E+000  2.964715956579554E-001
  1.500000000000000E+003  3.504009928840938E-009  1.005644943166363E+001  6.671950401995163E-007  1.248246476105343E-003  5.923109075200632E+000  2.966048632877038E-001
  1.550000000000000E+003  3.391102586824105E-009  1.039155843086264E+001  6.671290180395384E-007  1.208278091321921E-003  6.122682284832772E+000  2.967297440379064E-001
  1.600000000000000E+003  3.285239377995289E-009  1.072666628246326E+001  6.670671182804690E-007  1.170785316944716E-003  6.322264452661181E+000  2.968470084070365E-001
  1.650000000000000E+003  3.185781363458047E-009  1.106177306348917E+001  6.670089666439343E-007  1.135545337646741E-003  6.521854933402995E+000  2.969573341430793E-001
  1.700000000000000E+003  3.092164580594415E-009  1.139687884380660E+001  6.669542328174509E-007  1.102361274300742E-003  6.721453144969476E+000  2.970613202675573E-001
  1.750000000000000E+003  3.003889362102986E-009  1.173198368696551E+001  6.669026241840793E-007  1.071058519494466E-003  6.921058560715831E+000  2.971594984234537E-001
  1.800000000000000E+003  2.920511429947917E-009  1.206708765092185E+001  6.668538805952779E-007  1.041481676932262E-003  7.120670702821932E+000  2.972523422176363E-001
  1.850000000000000E+003  2.841634429445655E-009  1.240219078866048E+001  6.668077699899621E-007  1.013491991777710E-003  7.320289136614568E+000  2.973402750016501E-001
  1.900000000000000E+003  2.766903638978835E-009  1.273729314873498E+001  6.667640847041650E-007  9.869651824941630E-004  7.519913465677297E+000  2.974236764073341E-001
  1.950000000000000E+003  2.696000644923519E-009  1.307239477573691E+001  6.667226383475598E-007  9.617896028835940E-004  7.719543327621881E+000  2.975028878738634E-001
  2.000000000000000E+003  2.628638813337143E-009  1.340749571070553E+001  6.666832631477963E-007  9.378646771314584E-004  7.919178390418142E+000  2.975782173486097E-001
  2.050000000000000E+003  2.564559422731375E-009  1.374259599148656E+001  6.666458076829168E-007  9.150995617092387E-004  8.118818349196960E+000  2.976499433053552E-001
  2.100000000000000E+003  2.503528348027369E-009  1.407769565304739E+001  6.666101349372614E-007  8.934119966884068E-004  8.318462923456012E+000  2.977183181944700E-001
  2.150000000000000E+003  2.445333206184461E-009  1.441279472775492E+001  6.665761206282846E-007  8.727273159186064E-004  8.518111854609458E+000  2.977835714175787E-001
  2.200000000000000E+003  2.389780890226718E-009  1.474789324562111E+001  6.665436517612371E-007  8.529775910245099E-004  8.717764903832672E+000  2.978459119020609E-001
  2.250000000000000E+003  2.336695431386729E-009  1.508299123452062E+001  6.665126253763233E-007  8.341008885876016E-004  8.917421850160826E+000  2.979055303371938E-001
  2.300000000000000E+003  2.285916139544970E-009  1.541808872038426E+001  6.664829474590786E-007  8.160406234357041E-004  9.117082488806686E+000  2.979626011229426E-001
  2.350000000000000E+003  2.237295980603986E-009  1.575318572737134E+001  6.664545319896843E-007  7.987449938446857E-004  9.316746629668351E+000  2.980172840737339E-001
  2.400000000000000E+003  2.190700156314932E-009  1.608828227802355E+001  6.664273001109950E-007  7.821664868028362E-004  9.516414096002075E+000  2.980697259125140E-001
  2.450000000000000E+003  2.146004857691763E-009  1.642337839340285E+001  6.664011793983239E-007  7.662614434071824E-004  9.716084723238920E+000  2.981200615846744E-001
  2.500000000000000E+003  2.103096167757190E-009  1.675847409321503E+001  6.663761032167688E-007  7.509896760372848E-004  9.915758357927254E+000  2.981684154167283E-001
  2.550000000000000E+003  2.061869093161746E-009  1.709356939592097E+001  6.663520101540728E-007  7.363141302524011E-004  1.011543485678548E+001  2.982149021407579E-001
  2.600000000000000E+003  2.022226707358667E-009  1.742866431883679E+001  6.663288435188556E-007  7.222005854349512E-004  1.031511408585166E+001  2.982596278024524E-001
  2.650000000000000E+003  1.984079390626323E-009  1.776375887822428E+001  6.663065508956056E-007  7.086173890987769E-004  1.051479591971860E+001  2.983026905678980E-001
  2.700000000000000E+003  1.947344154404954E-009  1.809885308937274E+001  6.662850837490638E-007  6.955352205280995E-004  1.071448024084430E+001  2.983441814420628E-001
  2.800000000000000E+003  1.877807168275801E-009  1.876904020665567E+001  6.662444405607781E-007  6.707667028960291E-004  1.111385814749273E+001  2.984213464342479E-001
  2.900000000000000E+003  1.813063637220985E-009  1.943922612132260E+001  6.662066001788499E-007  6.477001097308269E-004  1.151324454351773E+001  2.984932914876779E-001
  3.000000000000000E+003  1.752634539230185E-009  2.010941092431370E+001  6.661712823875506E-007  6.261659636960544E-004  1.191263874104558E+001  2.985605319727548E-001
  3.100000000000000E+003  1.696102609990973E-009  2.077959469708817E+001  6.661382431150940E-007  6.060165479220494E-004  1.231204012717102E+001  2.986235164122011E-001
  3.200000000000000E+003  1.643102702448098E-009  2.144977751287219E+001  6.661072687887006E-007  5.871225313606356E-004  1.271144815378831E+001  2.986826374806046E-001
  3.300000000000000E+003  1.593313897349669E-009  2.211995943770865E+001  6.660781717154761E-007  5.693701955738118E-004  1.311086232905568E+001  2.987382406681787E-001
  3.400000000000000E+003  1.546453004676429E-009  2.279014053134618E+001  6.660507862780279E-007  5.526591486338195E-004  1.351028221019354E+001  2.987906312785075E-001
  3.500000000000000E+003  1.502269178068974E-009  2.346032084799631E+001  6.660249657819607E-007  5.369004291784901E-004  1.390970739737768E+001  2.988400801691441E-001
  3.600000000000000E+003  1.460539426053155E-009  2.413050043698155E+001  6.660005798285610E-007  5.220149251054700E-004  1.430913752853608E+001  2.988868285116972E-001
  3.700000000000000E+003  1.421064850561128E-009  2.480067934329253E+001  6.659775121133676E-007  5.079320476404992E-004  1.470857227489580E+001  2.989310917712053E-001
  3.800000000000000E+003  1.383667478894403E-009  2.547085760806903E+001  6.659556585721989E-007  4.945886139358555E-004  1.510801133715512E+001  2.989730630551222E-001
  3.900000000000000E+003  1.348187582706109E-009  2.614103526901703E+001  6.659349258123069E-007  4.819279009227055E-004  1.550745444218004E+001  2.990129159479901E-001
  4.000000000000000E+003  1.314481398844651E-009  2.681121236077145E+001  6.659152297787819E-007  4.698988405654123E-004  1.590690134014218E+001  2.990508069230686E-001
  4.100000000000000E+003  1.282419183502470E-009  2.748138891521300E+001  6.658964946160545E-007  4.584553324672992E-004  1.630635180203002E+001  2.990868774035903E-001
  4.200000000000000E+003  1.251883544160999E-009  2.815156496174565E+001  6.658786516919933E-007  4.475556543407128E-004  1.670580561747728E+001  2.991212555321016E-001
  4.300000000000000E+003  1.222768004141758E-009  2.882174052754061E+001  6.658616387581368E-007  4.371619544661799E-004  1.710526259286175E+001  2.991540576953009E-001
  4.400000000000000E+003  1.194975762783610E-009  2.949191563775138E+001  6.658453992244108E-007  4.272398131414330E-004  1.750472254963564E+001  2.991853898430832E-001
  4.500000000000000E+003  1.168418620835501E-009  3.016209031570383E+001  6.658298815305243E-007  4.177578624239578E-004  1.790418532285485E+001  2.992153486335971E-001
  4.600000000000000E+003  1.143016045939075E-009  3.083226458306480E+001  6.658150385993421E-007  4.086874553246478E-004  1.830365075987979E+001  2.992440224305902E-001
  4.700000000000000E+003  1.118694357349356E-009  3.150243845999198E+001  6.658008273600205E-007  4.000023771103034E-004  1.870311871922441E+001  2.992714921748552E-001
  4.800000000000000E+003  1.095386012514679E-009  3.217261196526739E+001  6.657872083307432E-007  3.916785925925160E-004  1.910258906953420E+001  2.992978321479697E-001
  4.900000000000000E+003  1.073028980972643E-009  3.284278511641677E+001  6.657741452525375E-007  3.836940242769876E-004  1.950206168867606E+001  2.993231106435724E-001
  5.000000000000000E+003  1.051566193344367E-009  3.351295792981637E+001  6.657616047670282E-007  3.760283570650145E-004  1.990153646292611E+001  2.993473905589912E-001
  5.100000000000000E+003  1.030945055124717E-009  3.418313042078883E+001  6.657495561320924E-007  3.686628658727134E-004  2.030101328624314E+001  2.993707299180490E-001
  5.200000000000000E+003  1.011117016550257E-009  3.485330260368942E+001  6.657379709703233E-007  3.615802630911178E-004  2.070049205961716E+001  2.993931823342159E-001
  5.300000000000000E+003  9.920371911419279E-010  3.552347449198381E+001  6.657268230459603E-007  3.547645632734349E-004  2.109997269048418E+001  2.994147974219082E-001
  5.400000000000000E+003  9.736640166156348E-010  3.619364609831819E+001  6.657160880666066E-007  3.482009628219284E-004  2.149945509219936E+001  2.994356211625871E-001
  5.500000000000000E+003  9.559589527708207E-010  3.686381743458277E+001  6.657057435065706E-007  3.418757327700550E-004  2.189893918356166E+001  2.994556962313497E-001
  5.600000000000000E+003  9.388862117367113E-010  3.753398851196938E+001  6.656957684491340E-007  3.357761230268467E-004  2.229842488838435E+001  2.994750622889038E-001
  5.700000000000000E+003  9.224125166040938E-010  3.820415934102370E+001  6.656861434454239E-007  3.298902766791557E-004  2.269791213510617E+001  2.994937562431316E-001
  5.800000000000000E+003  9.065068850181174E-010  3.887432993169283E+001  6.656768503878794E-007  3.242071531406265E-004  2.309740085643846E+001  2.995118124838775E-001
  5.900000000000000E+003  8.911404347717516E-010  3.954450029336856E+001  6.656678723965851E-007  3.187164591000878E-004  2.349689098904482E+001  2.995292630941057E-001
  6.000000000000000E+003  8.762862088340797E-010  4.021467043492688E+001  6.656591937169738E-007  3.134085863613876E-004  2.389638247324941E+001  2.995461380401555E-001
  6.100000000000000E+003  8.619190175839782E-010  4.088484036476418E+001  6.656507996275850E-007  3.082745557855010E-004  2.429587525277111E+001  2.995624653434710E-001
  6.200000000000000E+003  8.480152963072920E-010  4.155501009083022E+001  6.656426763567555E-007  3.033059666473514E-004  2.469536927448098E+001  2.995782712358763E-001
  6.300000000000000E+003  8.345529762620996E-010  4.222517962065850E+001  6.656348110072371E-007  2.984949508069068E-004  2.509486448818022E+001  2.995935803002066E-001
  6.400000000000000E+003  8.215113678285318E-010  4.289534896139403E+001  6.656271914878870E-007  2.938341311690131E-004  2.549436084639731E+001  2.996084155978821E-001
  6.600000000000000E+003  7.966137623380804E-010  4.423568692830239E+001  6.656126426897627E-007  2.849357647103055E-004  2.629335785794805E+001  2.996363119045832E-001
  6.800000000000000E+003  7.731807886165516E-010  4.557602422959155E+001  6.655989499065705E-007  2.765603678825020E-004  2.709235884392875E+001  2.996625900302632E-001
  7.000000000000000E+003  7.510869097237066E-010  4.691636090946727E+001  6.655860397525694E-007  2.686631631404470E-004  2.789136351538964E+001  2.996873876782492E-001
  7.200000000000000E+003  7.302205361758565E-010  4.825669700808917E+001  6.655738469970405E-007  2.612043416321723E-004  2.869037161122329E+001  2.997108270533918E-001
  7.400000000000000E+003  7.104821413856216E-010  4.959703256203884E+001  6.655623134621587E-007  2.541483932372350E-004  2.948938289483576E+001  2.997330171073337E-001
  7.600000000000000E+003  6.917826746168245E-010  5.093736760472262E+001  6.655513870948961E-007  2.474635416471517E-004  3.028839715128958E+001  2.997540553490606E-001
  7.800000000000000E+003  6.740422180641949E-010  5.227770216671973E+001  6.655410211817166E-007  2.411212662418578E-004  3.108741418484184E+001  2.997740293409354E-001
  8.000000000000000E+003  6.571888453435271E-010  5.361803627608482E+001  6.655311736810730E-007  2.350958955939120E-004  3.188643381681465E+001  2.997930179534219E-001
  8.200000000000000E+003  6.411576470108040E-010  5.495836995861142E+001  6.655218066535955E-007  2.293642603875407E-004  3.268545588374631E+001  2.998110924280047E-001
  8.400000000000000E+003  6.258898952764526E-010  5.629870323806252E+001  6.655128857736875E-007  2.239053958626632E-004  3.348448023578074E+001  2.998283172842693E-001
  8.600000000000000E+003  6.113323252583514E-010  5.763903613637275E+001  6.655043799092743E-007  2.187002857315877E-004  3.428350673525947E+001  2.998447510985104E-001
  8.800000000000000E+003  5.974365142358716E-010  5.897936867382663E+001  6.654962607588653E-007  2.137316409782543E-004  3.508253525548726E+001  2.998604471753428E-001
  9.000000000000000E+003  5.841583436622915E-010  6.031970086921573E+001  6.654885025370095E-007  2.089837081200395E-004  3.588156567964609E+001  2.998754541294928E-001
  9.200000000000000E+003  5.714575313434320E-010  6.166003273997788E+001  6.654810817007832E-007  2.044421024536319E-004  3.668059789983756E+001  2.998898163917258E-001
  9.400000000000000E+003  5.592972233333913E-010  6.300036430232079E+001  6.654739767111991E-007  2.000936625679027E-004  3.747963181623552E+001  2.999035746503482E-001
  9.600000000000000E+003  5.476436368395604E-010  6.434069557133211E+001  6.654671678244363E-007  1.959263230255290E-004  3.827866733633499E+001  2.999167662377480E-001
  9.800000000000000E+003  5.364657468505831E-010  6.568102656107763E+001  6.654606369086412E-007  1.919290026204156E-004  3.907770437428398E+001  2.999294254698523E-001
  1.000000000000000E+004  5.257350103666214E-010  6.702135728468903E+001  6.654543672827130E-007  1.880915060324055E-004  3.987674285028825E+001  2.999415839450978E-001
  1.020000000000000E+004  5.154251230712617E-010  6.836168775444267E+001  6.654483435740554E-007  1.844044370421506E-004  4.067578269007945E+001  2.999532708084624E-001
  1.040000000000000E+004  5.055118040782708E-010  6.970201798183029E+001  6.654425515927449E-007  1.808591217513757E-004  4.147482382443895E+001  2.999645129852480E-001
  1.060000000000000E+004  4.959726050454841E-010  7.104234797762280E+001  6.654369782199465E-007  1.774475404882275E-004  4.227386618877064E+001  2.999753353885954E-001
  1.080000000000000E+004  4.867867404973358E-010  7.238267775192749E+001  6.654316113087257E-007  1.741622672728199E-004  4.307290972271679E+001  2.999857611041163E-001
  1.100000000000000E+004  4.779349366569341E-010  7.372300731424026E+001  6.654264395956842E-007  1.709964158815658E-004  4.387195436981204E+001  2.999958115545430E-001
  1.120000000000000E+004  4.693992964741222E-010  7.506333667349250E+001  6.654214526220634E-007  1.679435916861066E-004  4.467100007717110E+001  3.000055066468754E-001
  1.140000000000000E+004  4.611631788606599E-010  7.640366583809367E+001  6.654166406631550E-007  1.649978485582306E-004  4.547004679520633E+001  3.000148649041637E-001
  1.160000000000000E+004  4.532110904179607E-010  7.774399481597024E+001  6.654119946650116E-007  1.621536502298308E-004  4.626909447737178E+001  3.000239035837668E-001
  1.180000000000000E+004  4.455285881752902E-010  7.908432361460092E+001  6.654075061875981E-007  1.594058355797273E-004  4.706814307993133E+001  3.000326387836809E-001
  1.200000000000000E+004  4.381021920539285E-010  8.042465224104873E+001  6.654031673536236E-007  1.567495873895468E-004  4.786719256174747E+001  3.000410855383220E-001
  1.220000000000000E+004  4.309193059412495E-010  8.176498070199064E+001  6.653989708024127E-007  1.541804041708490E-004  4.866624288408934E+001  3.000492579049613E-001
  1.240000000000000E+004  4.239681464026644E-010  8.310530900374413E+001  6.653949096482353E-007  1.516940747169809E-004  4.946529401045753E+001  3.000571690418624E-001
  1.260000000000000E+004  4.172376781828123E-010  8.444563715229215E+001  6.653909774426108E-007  1.492866550771110E-004  5.026434590642433E+001  3.000648312790360E-001
  1.280000000000000E+004  4.107175557534414E-010  8.578596515330530E+001  6.653871681401418E-007  1.469544476876877E-004  5.106339853948734E+001  3.000722561824145E-001
  1.300000000000000E+004  4.043980702568233E-010  8.712629301216300E+001  6.653834760675044E-007  1.446939824291301E-004  5.186245187893569E+001  3.000794546121472E-001
  1.320000000000000E+004  3.982701012724588E-010  8.846662073397222E+001  6.653798958952599E-007  1.425019994036839E-004  5.266150589572725E+001  3.000864367756390E-001
  1.340000000000000E+004  3.923250729031631E-010  8.980694832358519E+001  6.653764226121854E-007  1.403754332547268E-004  5.346056056237585E+001  3.000932122758733E-001
  1.360000000000000E+004  3.865549137358959E-010  9.114727578561559E+001  6.653730515018756E-007  1.383113988689363E-004  5.425961585284778E+001  3.000997901555063E-001
  1.380000000000000E+004  3.809520202842573E-010  9.248760312445351E+001  6.653697781213749E-007  1.363071783211094E-004  5.505867174246627E+001  3.001061789371539E-001
  1.400000000000000E+004  3.755092235644844E-010  9.382793034427914E+001  6.653665982816450E-007  1.343602089374384E-004  5.585772820782368E+001  3.001123866602519E-001
  1.420000000000000E+004  3.702197584960212E-010  9.516825744907572E+001  6.653635080296794E-007  1.324680723670303E-004  5.665678522670038E+001  3.001184209148245E-001
  1.440000000000000E+004  3.650772358520497E-010  9.650858444264122E+001  6.653605036321118E-007  1.306284845636993E-004  5.745584277798986E+001  3.001242888724588E-001
  1.460000000000000E+004  3.600756165154722E-010  9.784891132859954E+001  6.653575815601693E-007  1.288392865907910E-004  5.825490084162944E+001  3.001299973147523E-001
  1.480000000000000E+004  3.552091878222601E-010  9.918923811041040E+001  6.653547384758487E-007  1.270984361712214E-004  5.905395939853616E+001  3.001355526594698E-001
  1.500000000000000E+004  3.504725417973514E-010  1.005295647913791E+002  6.653519712191951E-007  1.254039999132136E-004  5.985301843054746E+001  3.001409609846236E-001
  1.520000000000000E+004  3.458605551087847E-010  1.018698913746650E+002  6.653492767965895E-007  1.237541461495261E-004  6.065207792036595E+001  3.001462280506648E-001
  1.540000000000000E+004  3.413683705838660E-010  1.032102178632902E+002  6.653466523699430E-007  1.221471383344251E-004  6.145113785150826E+001  3.001513593209582E-001
  1.560000000000000E+004  3.369913801471866E-010  1.045505442601466E+002  6.653440952467296E-007  1.205813289483743E-004  6.225019820825764E+001  3.001563599806926E-001
  1.580000000000000E+004  3.327252090545051E-010  1.058908705680035E+002  6.653416028707695E-007  1.190551538654693E-004  6.304925897561957E+001  3.001612349543654E-001
  1.600000000000000E+004  3.285657013091070E-010  1.072311967895140E+002  6.653391728137083E-007  1.175671271431490E-004  6.384832013928062E+001  3.001659889219630E-001
  1.620000000000000E+004  3.245089061584494E-010  1.085715229272213E+002  6.653368027671237E-007  1.161158361977036E-004  6.464738168557018E+001  3.001706263339530E-001
  1.640000000000000E+004  3.205510655788741E-010  1.099118489835645E+002  6.653344905352150E-007  1.146999373326607E-004  6.544644360142451E+001  3.001751514251841E-001
  1.660000000000000E+004  3.166886026650556E-010  1.112521749608839E+002  6.653322340280141E-007  1.133181515903007E-004  6.624550587435343E+001  3.001795682277903E-001
  1.680000000000000E+004  3.129181108487899E-010  1.125925008614266E+002  6.653300312550885E-007  1.119692608993846E-004  6.704456849240906E+001  3.001838805831770E-001
  1.700000000000000E+004  3.092363438788260E-010  1.139328266873504E+002  6.653278803196829E-007  1.106521044947106E-004  6.784363144415673E+001  3.001880921531677E-001
  1.720000000000000E+004  3.056402064997909E-010  1.152731524407291E+002  6.653257794132755E-007  1.093655755863815E-004  6.864269471864756E+001  3.001922064303784E-001
  1.740000000000000E+004  3.021267457739629E-010  1.166134781235565E+002  6.653237268105033E-007  1.081086182586997E-004  6.944175830539291E+001  3.001962267478791E-001
  1.760000000000000E+004  2.986931429947551E-010  1.179538037377498E+002  6.653217208644381E-007  1.068802245804307E-004  7.024082219434051E+001  3.002001562882029E-001
  1.780000000000000E+004  2.953367061453692E-010  1.192941292851542E+002  6.653197600021803E-007  1.056794319098162E-004  7.103988637585184E+001  3.002039980917502E-001
  1.800000000000000E+004  2.920548628602166E-010  1.206344547675458E+002  6.653178427207445E-007  1.045053203791955E-004  7.183895084068119E+001  3.002077550646355E-001
  1.820000000000000E+004  2.888451538504352E-010  1.219747801866349E+002  6.653159675832188E-007  1.033570105454238E-004  7.263801557995575E+001  3.002114299860220E-001
  1.840000000000000E+004  2.857052267581853E-010  1.233151055440695E+002  6.653141332151715E-007  1.022336611934768E-004  7.343708058515703E+001  3.002150255149781E-001
  1.860000000000000E+004  2.826328304074535E-010  1.246554308414378E+002  6.653123383012951E-007  1.011344672817156E-004  7.423614584810333E+001  3.002185441968967E-001
  1.880000000000000E+004  2.796258094218358E-010  1.259957560802711E+002  6.653105815822574E-007  1.000586580182660E-004  7.503521136093342E+001  3.002219884695047E-001
  1.900000000000000E+004  2.766820991822597E-010  1.273360812620465E+002  6.653088618517563E-007  9.900549505885356E-005  7.583427711609070E+001  3.002253606684975E-001
  1.920000000000000E+004  2.737997210998561E-010  1.286764063881893E+002  6.653071779537598E-007  9.797427081724333E-005  7.663334310630896E+001  3.002286630328214E-001
  1.940000000000000E+004  2.709767781812403E-010  1.300167314600754E+002  6.653055287799104E-007  9.696430688015760E-005  7.743240932459841E+001  3.002318977096324E-001
  1.960000000000000E+004  2.682114508653128E-010  1.313570564790330E+002  6.653039132670967E-007  9.597495251921412E-005  7.823147576423270E+001  3.002350667589526E-001
  1.980000000000000E+004  2.655019931123838E-010  1.326973814463456E+002  6.653023303951646E-007  9.500558329302467E-005  7.903054241873659E+001  3.002381721580459E-001
  2.000000000000000E+004  2.628467287279547E-010  1.340377063632530E+002  6.653007791847707E-007  9.405559973314622E-005  7.982960928187461E+001  3.002412158055327E-001
