! time                    frank_diameter          perfect_diameter        faulted_diameter        void_diameter           
  0.000000000000000E+000  0.000000000000000E+000  0.000000000000000E+000  0.000000000000000E+000  0.000000000000000E+000
  1.000000000000001E-001  4.825482764066074E-001  4.378147362291157E-001  4.559467090186716E-001  2.596171683367683E-001
  2.000000000000001E-001  5.369609954376874E-001  4.519913092081927E-001  4.528641459331885E-001  2.608260292489314E-001
  3.000000000000002E-001  5.713013143034192E-001  4.697573333740226E-001  4.525371321774343E-001  2.622150620391019E-001
  4.000000000000003E-001  5.949025683700592E-001  4.902309042814743E-001  4.530405338663630E-001  2.636478156483129E-001
  5.000000000000003E-001  6.121446964327942E-001  5.125273914672422E-001  4.538931761842586E-001  2.650908795299782E-001
  6.000000000000004E-001  6.252846697401453E-001  5.359126820391854E-001  4.549510093931244E-001  2.665345638786082E-001
  7.000000000000005E-001  6.355933030540942E-001  5.597770618104602E-001  4.561524947594731E-001  2.679445437004749E-001
  8.000000000000006E-001  6.438532014258287E-001  5.837017271472338E-001  4.574555842359316E-001  2.692907584524642E-001
  9.000000000000007E-001  6.506062429430320E-001  6.074327428895880E-001  4.588400739956516E-001  2.705813235678191E-001
  1.000000000000001E+000  6.562219953483654E-001  6.307967886955201E-001  4.602876276089760E-001  2.718221285172671E-001
  1.100000000000001E+000  6.609624668742961E-001  6.536806905031687E-001  4.617819202867748E-001  2.730186681557293E-001
  1.200000000000001E+000  6.650188337552321E-001  6.760152360970558E-001  4.633089743343551E-001  2.741761035558056E-001
  1.300000000000001E+000  6.685336401548780E-001  6.977626548724843E-001  4.648572373111302E-001  2.752990954355004E-001
  1.400000000000001E+000  6.716149589353618E-001  7.189071120351671E-001  4.664174293738078E-001  2.763917052719444E-001
  1.500000000000001E+000  6.743535107613895E-001  7.394210988023812E-001  4.680111070682299E-001  2.774825056876616E-001
  1.600000000000001E+000  6.768048801099213E-001  7.593278083333809E-001  4.695960839000081E-001  2.785405658448825E-001
  1.700000000000001E+000  6.790206277703054E-001  7.786489778439826E-001  4.711704999066950E-001  2.795712918516571E-001
  1.800000000000001E+000  6.810411761802720E-001  7.974073069114884E-001  4.727328095671753E-001  2.805785485029553E-001
  1.900000000000001E+000  6.828985701439846E-001  8.156256703903687E-001  4.742818086191584E-001  2.815651915957495E-001
  2.000000000000001E+000  6.846184613470405E-001  8.333267425325505E-001  4.758166110225226E-001  2.825333927413117E-001
  2.100000000000001E+000  6.862215630134449E-001  8.505327023441887E-001  4.773366063817878E-001  2.834848459245626E-001
  2.200000000000001E+000  6.877247334395123E-001  8.672650250075621E-001  4.788414127591104E-001  2.844209034889547E-001
  2.300000000000000E+000  6.891417939884884E-001  8.835443471816068E-001  4.803308319100957E-001  2.853426682515024E-001
  2.400000000000000E+000  6.904841537147119E-001  8.993903900891914E-001  4.818048098749047E-001  2.862510573753309E-001
  2.500000000000000E+000  6.917612910836396E-001  9.148219253756957E-001  4.832634037571087E-001  2.871468475177657E-001
  2.599999999999999E+000  6.929811287570289E-001  9.298567713421839E-001  4.847067544956588E-001  2.880307072603934E-001
  2.699999999999999E+000  6.941503274938970E-001  9.445118099295243E-001  4.861350649842832E-001  2.889032207290750E-001
  2.799999999999998E+000  6.952745182922824E-001  9.588030172578377E-001  4.875485827450935E-001  2.897649050125431E-001
  2.899999999999998E+000  6.963584869771084E-001  9.727455024835649E-001  4.889475863683367E-001  2.906162231578748E-001
  2.999999999999998E+000  6.974063218929519E-001  9.863535512458778E-001  4.903323750052503E-001  2.914575939759656E-001
  3.099999999999997E+000  6.984215327715225E-001  9.996406711055568E-001  4.917032603013029E-001  2.922893995239916E-001
  3.199999999999997E+000  6.994071469328916E-001  1.012619637210697E+000  4.930605602599348E-001  2.931119908813284E-001
  3.299999999999997E+000  7.003657875556374E-001  1.025302537024669E+000  4.944045946213695E-001  2.939256926613861E-001
  3.399999999999996E+000  7.012997376809370E-001  1.037700813380358E+000  4.957356814229750E-001  2.947308065794793E-001
  3.499999999999996E+000  7.022109928051203E-001  1.049825305425961E+000  4.970541344762192E-001  2.955276143099708E-001
  3.599999999999996E+000  7.031013042969598E-001  1.061686287236192E+000  4.983602615513157E-001  2.963163798037358E-001
  3.699999999999995E+000  7.039722154013542E-001  1.073293504004485E+000  4.996543631057925E-001  2.970973511921582E-001
  3.799999999999995E+000  7.048250912244640E-001  1.084656205825809E+000  5.009367314291456E-001  2.978707623713623E-001
  3.899999999999995E+000  7.056611438105974E-001  1.095783179140099E+000  5.022076501041188E-001  2.986368343366795E-001
  3.999999999999994E+000  7.064814531987628E-001  1.106682775943039E+000  5.034673937074403E-001  2.993957763199867E-001
  4.099999999999994E+000  7.072869851722259E-001  1.117362940891548E+000  5.047162276902714E-001  3.001477867697607E-001
  4.199999999999994E+000  7.080786062767286E-001  1.127831236440762E+000  5.059544083922219E-001  3.008930542042318E-001
  4.299999999999994E+000  7.088629870201364E-001  1.138081477789425E+000  5.071950474956569E-001  3.016364499788549E-001
  4.399999999999993E+000  7.096346683195015E-001  1.148134369100278E+000  5.084245542313871E-001  3.023729044142951E-001
  4.499999999999993E+000  7.103942983247106E-001  1.157996379050149E+000  5.096432528029076E-001  3.031026574118284E-001
  4.599999999999993E+000  7.111424675329234E-001  1.167673737805211E+000  5.108514488241956E-001  3.038259280785439E-001
  4.699999999999992E+000  7.118797152161925E-001  1.177172397787891E+000  5.120494306591712E-001  3.045429180432066E-001
  4.799999999999992E+000  7.126065350646705E-001  1.186498048455567E+000  5.132374707076243E-001  3.052538140298260E-001
  4.899999999999991E+000  7.133233801361818E-001  1.195656130472865E+000  5.144158266259612E-001  3.059587898860455E-001
  4.999999999999991E+000  7.140306671980208E-001  1.204651849153776E+000  5.155847424703515E-001  3.066580082061604E-001
  5.099999999999991E+000  7.147287805385110E-001  1.213490187148796E+000  5.167444497549135E-001  3.073516216488680E-001
  5.199999999999990E+000  7.154180753170246E-001  1.222175916381557E+000  5.178951684228493E-001  3.080397740221185E-001
  5.299999999999990E+000  7.160988805126730E-001  1.230713609257817E+000  5.190371077323833E-001  3.087226011879203E-001
  5.399999999999990E+000  7.167715015240668E-001  1.239107649180162E+000  5.201704670619245E-001  3.094002318261214E-001
  5.499999999999989E+000  7.174362224655466E-001  1.247362240407222E+000  5.212954366402215E-001  3.100727880862821E-001
  5.599999999999989E+000  7.180933081991490E-001  1.255481417298188E+000  5.224121982079071E-001  3.107403861496168E-001
  5.699999999999989E+000  7.187430061361961E-001  1.263469052983371E+000  5.235209256168697E-001  3.114031367177793E-001
  5.799999999999988E+000  7.193855478377695E-001  1.271328867500240E+000  5.246217853736648E-001  3.120611454414550E-001
  5.899999999999988E+000  7.200211504393192E-001  1.279064435432380E+000  5.257149371327587E-001  3.127145132988768E-001
  5.999999999999988E+000  7.206500179212368E-001  1.286679193086508E+000  5.268005341449119E-001  3.133633369322693E-001
  6.099999999999987E+000  7.212723422442480E-001  1.294176445240198E+000  5.278787236654846E-001  3.140077089486173E-001
  6.199999999999987E+000  7.218883043659816E-001  1.301559371490596E+000  5.289496473269500E-001  3.146477181899197E-001
  6.299999999999986E+000  7.224980751528641E-001  1.308831032232034E+000  5.300134414794301E-001  3.152834499771462E-001
  6.399999999999986E+000  7.231018161996631E-001  1.315994374288304E+000  5.310702375026202E-001  3.159149863313721E-001
  6.499999999999986E+000  7.236996805673751E-001  1.323052236223257E+000  5.321201620920982E-001  3.165424061749792E-001
  6.599999999999985E+000  7.242918134487935E-001  1.330007353351567E+000  5.331633375226494E-001  3.171657855153425E-001
  6.699999999999985E+000  7.248783527699016E-001  1.336862362469755E+000  5.341998818909314E-001  3.177851976130577E-001
  6.799999999999985E+000  7.254594297342183E-001  1.343619806325974E+000  5.352299093395380E-001  3.184007131364419E-001
  6.899999999999984E+000  7.260351693163376E-001  1.350282137845660E+000  5.362535302642808E-001  3.190124003038122E-001
  6.999999999999984E+000  7.266056907101456E-001  1.356851724128790E+000  5.372708515062902E-001  3.196203250148203E-001
  7.099999999999984E+000  7.271711077365337E-001  1.363330850233341E+000  5.382819765303697E-001  3.202245509719633E-001
  7.199999999999983E+000  7.277315292148560E-001  1.369721722758417E+000  5.392870055908603E-001  3.208251397932407E-001
  7.299999999999983E+000  7.282870593018769E-001  1.376026473239537E+000  5.402860358861478E-001  3.214221511168108E-001
  7.399999999999983E+000  7.288377978015224E-001  1.382247161367648E+000  5.412791617028141E-001  3.220156426983903E-001
  7.499999999999982E+000  7.293838404483728E-001  1.388385778042607E+000  5.422664745503302E-001  3.226056705020597E-001
  7.599999999999982E+000  7.299252791674906E-001  1.394444248271113E+000  5.432480632870894E-001  3.231922887850584E-001
  7.699999999999982E+000  7.304622023129096E-001  1.400424433918358E+000  5.442240142385077E-001  3.237755501770870E-001
  7.799999999999981E+000  7.309946948868276E-001  1.406328136322035E+000  5.451944113078285E-001  3.243555057545849E-001
  7.899999999999981E+000  7.315228387413503E-001  1.412157098776739E+000  5.461593360802200E-001  3.249322051103883E-001
  7.999999999999980E+000  7.320467127644164E-001  1.417913008896280E+000  5.471188679206919E-001  3.255056964191505E-001
  8.099999999999980E+000  7.325663930513676E-001  1.423597500860866E+000  5.480730840662991E-001  3.260760264988531E-001
  8.199999999999980E+000  7.330819530634800E-001  1.429212157555743E+000  5.490220597130702E-001  3.266432408687074E-001
  8.299999999999979E+000  7.335934637746255E-001  1.434758512607350E+000  5.499658680980453E-001  3.272073838037252E-001
  8.399999999999979E+000  7.341009938071235E-001  1.440238052322727E+000  5.509045805767829E-001  3.277684983861964E-001
  8.499999999999979E+000  7.346046095577269E-001  1.445652217537528E+000  5.518382666966557E-001  3.283266265543094E-001
  8.599999999999978E+000  7.351043753146027E-001  1.451002405377622E+000  5.527669942662279E-001  3.288818091481044E-001
  8.699999999999978E+000  7.356003533660725E-001  1.456289970938998E+000  5.536908294209922E-001  3.294340859529573E-001
  8.799999999999978E+000  7.360926041018102E-001  1.461516228890360E+000  5.546098366857046E-001  3.299834957407558E-001
  8.899999999999977E+000  7.365811861071241E-001  1.466682455002547E+000  5.555240790335430E-001  3.305300763089284E-001
  8.999999999999977E+000  7.370661562508967E-001  1.471789887608673E+000  5.564336179423063E-001  3.310738645174654E-001
  9.099999999999977E+000  7.375475697676890E-001  1.476839728998588E+000  5.573385134478342E-001  3.316148963240625E-001
  9.199999999999976E+000  7.380254803344882E-001  1.481833146751128E+000  5.582388241948297E-001  3.321532068175119E-001
  9.299999999999976E+000  7.384999401425110E-001  1.486771275007359E+000  5.591346074852427E-001  3.326888302494438E-001
  9.399999999999975E+000  7.389709999644575E-001  1.491655215687834E+000  5.600259193243723E-001  3.332218000645282E-001
  9.499999999999975E+000  7.394387092175692E-001  1.496486039656735E+000  5.609128144648098E-001  3.337521489292257E-001
  9.599999999999975E+000  7.399031160227978E-001  1.501264787835584E+000  5.617953464483735E-001  3.342799087591796E-001
  9.699999999999974E+000  7.403642672603947E-001  1.505992472269043E+000  5.626735676461302E-001  3.348051107453239E-001
  9.799999999999974E+000  7.408222086221736E-001  1.510670077145208E+000  5.635475292966330E-001  3.353277853787895E-001
  9.899999999999974E+000  7.412769846607015E-001  1.515298559772647E+000  5.644172815424645E-001  3.358479624746716E-001
  9.999999999999973E+000  7.417286388356313E-001  1.519878851516301E+000  5.652828734651878E-001  3.363656711947284E-001
  1.009999999999997E+001  7.421772135573887E-001  1.524411858694259E+000  5.661443531187929E-001  3.368809400690662E-001
  1.019999999999997E+001  7.426227502283987E-001  1.528898463437314E+000  5.670017675617154E-001  3.373937970168727E-001
  1.029999999999997E+001  7.430652892820181E-001  1.533339524513067E+000  5.678551628875159E-001  3.379042693662456E-001
  1.039999999999997E+001  7.435048702193456E-001  1.537735878116303E+000  5.687045842542791E-001  3.384123838731700E-001
  1.049999999999997E+001  7.439415316440386E-001  1.542088338627222E+000  5.695500759128105E-001  3.389181667396842E-001
  1.059999999999997E+001  7.443753112952844E-001  1.546397699339042E+000  5.703916812336852E-001  3.394216436312858E-001
  1.079999999999997E+001  7.452395367930766E-001  1.554877962517936E+000  5.720769522555704E-001  3.404239220588179E-001
  1.099999999999997E+001  7.460924137431146E-001  1.563195223698063E+000  5.737465287407850E-001  3.414171112306858E-001
  1.119999999999997E+001  7.469342279760725E-001  1.571355092097098E+000  5.754007479469994E-001  3.424014205782958E-001
  1.139999999999997E+001  7.477652543487515E-001  1.579362919111210E+000  5.770399453152992E-001  3.433770458801607E-001
  1.159999999999997E+001  7.485857570476628E-001  1.587223803487257E+000  5.786644485543386E-001  3.443441722393516E-001
  1.179999999999997E+001  7.493959900128594E-001  1.594942604442150E+000  5.802745751661141E-001  3.453029760220742E-001
  1.199999999999997E+001  7.501961974181158E-001  1.602523954939857E+000  5.818706315658705E-001  3.462536261178480E-001
  1.219999999999997E+001  7.509866141671021E-001  1.609972274572436E+000  5.834529129641495E-001  3.471962847826965E-001
  1.239999999999996E+001  7.517674663823064E-001  1.617291781811235E+000  5.850217036133858E-001  3.481311082324962E-001
  1.259999999999996E+001  7.525389718743416E-001  1.624486505544477E+000  5.865772772219467E-001  3.490582470875059E-001
  1.279999999999996E+001  7.533013405858014E-001  1.631560295889282E+000  5.881198974360423E-001  3.499778467272581E-001
  1.299999999999996E+001  7.540547750075648E-001  1.638516834299920E+000  5.896498183390328E-001  3.508900475898563E-001
  1.319999999999996E+001  7.547994705675347E-001  1.645359643008957E+000  5.911672849429227E-001  3.517949854350275E-001
  1.339999999999996E+001  7.555356159928829E-001  1.652092093843547E+000  5.926725336599595E-001  3.526927915819123E-001
  1.359999999999996E+001  7.562633936473714E-001  1.658717416459946E+000  5.941657927491448E-001  3.535835931278468E-001
  1.379999999999996E+001  7.569829798455380E-001  1.665238706038099E+000  5.956472827360078E-001  3.544675131517805E-001
  1.399999999999996E+001  7.576945451455416E-001  1.671658930475771E+000  5.971172168058431E-001  3.553446709045532E-001
  1.419999999999996E+001  7.583982546223900E-001  1.677980937119103E+000  5.985758011714838E-001  3.562151819874710E-001
  1.439999999999996E+001  7.590942681231788E-001  1.684207459063700E+000  6.000232354171059E-001  3.570791585202084E-001
  1.459999999999996E+001  7.597827405058187E-001  1.690341121057700E+000  6.014597128196657E-001  3.579367092988351E-001
  1.479999999999996E+001  7.604638218626221E-001  1.696384445035844E+000  6.028854206496204E-001  3.587879399446471E-001
  1.499999999999996E+001  7.611376577299775E-001  1.702339855311171E+000  6.043005404524657E-001  3.596329530443955E-001
  1.519999999999995E+001  7.618043892852369E-001  1.708209683448906E+000  6.057052483125731E-001  3.604718482824709E-001
  1.539999999999995E+001  7.624641535318263E-001  1.713996172845069E+000  6.070997151006826E-001  3.613047225655516E-001
  1.559999999999995E+001  7.631170834735037E-001  1.719701483030612E+000  6.084841067062909E-001  3.621316701402038E-001
  1.579999999999995E+001  7.637633082785926E-001  1.725327693720212E+000  6.098585842560909E-001  3.629527827038819E-001
  1.599999999999995E+001  7.644029534349481E-001  1.730876808623324E+000  6.112233043195072E-001  3.637681495097634E-001
  1.619999999999995E+001  7.650361408963476E-001  1.736350759033800E+000  6.125784191022819E-001  3.645778574658098E-001
  1.639999999999995E+001  7.656629892209184E-001  1.741751407213034E+000  6.139240766289916E-001  3.653819912284361E-001
  1.659999999999995E+001  7.662836137021813E-001  1.747080549580512E+000  6.152604209152904E-001  3.661806332911321E-001
  1.679999999999995E+001  7.668981264932270E-001  1.752339919724567E+000  6.165875921306082E-001  3.669738640683679E-001
  1.699999999999995E+001  7.675066367244933E-001  1.757531191245171E+000  6.179057267519847E-001  3.677617619750822E-001
  1.719999999999995E+001  7.681092506155810E-001  1.762655980439730E+000  6.192149577096329E-001  3.685444035020403E-001
  1.739999999999995E+001  7.687060715815063E-001  1.767715848842015E+000  6.205154145248167E-001  3.693218632873206E-001
  1.759999999999995E+001  7.692972003337489E-001  1.772712305623640E+000  6.218072234405365E-001  3.700942141841804E-001
  1.779999999999995E+001  7.698827349764351E-001  1.777646809866807E+000  6.230905075455135E-001  3.708615273255220E-001
  1.799999999999995E+001  7.704627710979615E-001  1.782520772716396E+000  6.243653868918991E-001  3.716238721851714E-001
  1.819999999999995E+001  7.710374018583377E-001  1.787335559418936E+000  6.256319786071159E-001  3.723813166361686E-001
  1.839999999999995E+001  7.716067180725235E-001  1.792092491255407E+000  6.268903970001978E-001  3.731339270062511E-001
  1.859999999999994E+001  7.721708082899802E-001  1.796792847374387E+000  6.281407536629742E-001  3.738817681306953E-001
  1.879999999999994E+001  7.727297588706836E-001  1.801437866531572E+000  6.293831575664085E-001  3.746249034026805E-001
  1.899999999999994E+001  7.732836540577823E-001  1.806028748741303E+000  6.306177151523924E-001  3.753633948213169E-001
  1.919999999999994E+001  7.738325760471098E-001  1.810566656845320E+000  6.318445304212567E-001  3.760973030374759E-001
  1.939999999999994E+001  7.743766050537186E-001  1.815052718003634E+000  6.330637050152580E-001  3.768266873975515E-001
  1.959999999999994E+001  7.749158193756054E-001  1.819488025112080E+000  6.342753382982682E-001  3.775516059852674E-001
  1.979999999999994E+001  7.754502954547798E-001  1.823873638150780E+000  6.354795274318894E-001  3.782721156616445E-001
  1.999999999999994E+001  7.759801079358190E-001  1.828210585467510E+000  6.366763674481878E-001  3.789882721032286E-001
  2.019999999999994E+001  7.765053297220402E-001  1.832499864999648E+000  6.378659513192445E-001  3.797001298386760E-001
  2.039999999999994E+001  7.770260320294224E-001  1.836742445438206E+000  6.390483700236874E-001  3.804077422837886E-001
  2.059999999999994E+001  7.775422844383815E-001  1.840939267337160E+000  6.402237126103751E-001  3.811111617750777E-001
  2.079999999999994E+001  7.780541549435200E-001  1.845091244171120E+000  6.413920662593826E-001  3.818104396019407E-001
  2.099999999999994E+001  7.785617100014440E-001  1.849199263344198E+000  6.425535163404278E-001  3.825056260375205E-001
  2.119999999999994E+001  7.790650145767460E-001  1.853264187152713E+000  6.437081464688801E-001  3.831967703683185E-001
  2.139999999999993E+001  7.795641321862442E-001  1.857286853704252E+000  6.448560385594685E-001  3.838839209226229E-001
  2.159999999999993E+001  7.800591249415603E-001  1.861268077795413E+000  6.459972728778069E-001  3.845671250978182E-001
  2.179999999999993E+001  7.805500535901129E-001  1.865208651750435E+000  6.471319280898525E-001  3.852464293866280E-001
  2.199999999999993E+001  7.810369775546074E-001  1.869109346222778E+000  6.482600813093927E-001  3.859218794023442E-001
  2.219999999999993E+001  7.815199549710810E-001  1.872970910961590E+000  6.493818081436614E-001  3.865935199030976E-001
  2.239999999999993E+001  7.819990427255818E-001  1.876794075544886E+000  6.504971827371744E-001  3.872613948152122E-001
  2.259999999999993E+001  7.824742964895316E-001  1.880579550081142E+000  6.516062778138713E-001  3.879255472556883E-001
  2.279999999999993E+001  7.829457707538399E-001  1.884328025880943E+000  6.527091647176414E-001  3.885860195538597E-001
  2.299999999999993E+001  7.834135188618181E-001  1.888040176100155E+000  6.538059134513138E-001  3.892428532722599E-001
  2.319999999999993E+001  7.838775930409513E-001  1.891716656356112E+000  6.548965927141780E-001  3.898960892267360E-001
  2.339999999999993E+001  7.843380444335732E-001  1.895358105318097E+000  6.559812699381085E-001  3.905457675058465E-001
  2.359999999999993E+001  7.847949231264901E-001  1.898965145273438E+000  6.570600113223515E-001  3.911919274895735E-001
  2.379999999999993E+001  7.852482781796042E-001  1.902538382670406E+000  6.581328818670409E-001  3.918346078673832E-001
  2.399999999999993E+001  7.856981576535710E-001  1.906078408638999E+000  6.591999454054941E-001  3.924738466556603E-001
  2.419999999999992E+001  7.861446086365343E-001  1.909585799490764E+000  6.602612646353447E-001  3.931096812145500E-001
  2.439999999999992E+001  7.865876772699760E-001  1.913061117198558E+000  6.613169011485642E-001  3.937421482642266E-001
  2.459999999999992E+001  7.870274087737165E-001  1.916504909857302E+000  6.623669154604198E-001  3.943712839006190E-001
  2.479999999999992E+001  7.874638474700991E-001  1.919917712126542E+000  6.634113670374132E-001  3.949971236106148E-001
  2.499999999999992E+001  7.878970368073926E-001  1.923300045655722E+000  6.644503143242476E-001  3.956197022867643E-001
  2.549999999999992E+001  7.889728068907667E-001  1.931602604559978E+000  6.670480580346874E-001  3.971621286014682E-001
  2.599999999999992E+001  7.900287877335420E-001  1.939726246343132E+000  6.696113980781494E-001  3.986849515916485E-001
  2.649999999999992E+001  7.910656166472403E-001  1.947678115891286E+000  6.721412079971992E-001  4.001886615470904E-001
  2.699999999999992E+001  7.920839018002223E-001  1.955464959018230E+000  6.746383560031293E-001  4.016737254822472E-001
  2.749999999999992E+001  7.930842230742539E-001  1.963093145957056E+000  6.771036823057548E-001  4.031405933452757E-001
  2.799999999999992E+001  7.940671334856509E-001  1.970568696957488E+000  6.795379946334095E-001  4.045897001259654E-001
  2.849999999999992E+001  7.950331607239054E-001  1.977897306518831E+000  6.819420683839821E-001  4.060214665893822E-001
  2.899999999999992E+001  7.959828086523145E-001  1.985084365799911E+000  6.843166479748102E-001  4.074362996604541E-001
  2.949999999999992E+001  7.969165587231286E-001  1.992134983230441E+000  6.866624484540194E-001  4.088345927731943E-001
  2.999999999999992E+001  7.978348712972684E-001  1.999054003454110E+000  6.889801571072239E-001  4.102167262570660E-001
  3.049999999999992E+001  7.987381868709652E-001  2.005846024748628E+000  6.912704349847456E-001  4.115830677623863E-001
  3.099999999999992E+001  7.996269272153184E-001  2.012515415060867E+000  6.935339183312763E-001  4.129339727109704E-001
  3.149999999999992E+001  8.005014964354663E-001  2.019066326783411E+000  6.957712199173783E-001  4.142697847581488E-001
  3.199999999999992E+001  8.013622819558788E-001  2.025502710386749E+000  6.979829302776058E-001  4.155908362555900E-001
  3.249999999999992E+001  8.022096554377875E-001  2.031828327009969E+000  7.001696188616365E-001  4.168974487076258E-001
  3.299999999999992E+001  8.030439736342642E-001  2.038046760102571E+000  7.023318351050633E-001  4.181899332162893E-001
  3.349999999999992E+001  8.038655791879530E-001  2.044161426200744E+000  7.044701094262825E-001  4.194685909120700E-001
  3.399999999999992E+001  8.046748013760054E-001  2.050175584913189E+000  7.065849541555352E-001  4.207337133686367E-001
  3.449999999999992E+001  8.054719568063503E-001  2.056092348184199E+000  7.086768644017157E-001  4.219855830006273E-001
  3.499999999999992E+001  8.062573500690625E-001  2.061914688895103E+000  7.107463188621026E-001  4.232244734441740E-001
  3.549999999999992E+001  8.070312743462545E-001  2.067645448859265E+000  7.127937805797201E-001  4.244506499202303E-001
  3.599999999999992E+001  8.077940119836123E-001  2.073287346260654E+000  7.148196976526349E-001  4.256643695810120E-001
  3.649999999999992E+001  8.085458350264311E-001  2.078842982581193E+000  7.168245038990908E-001  4.268658818400387E-001
  3.699999999999992E+001  8.092870057227582E-001  2.084314849057987E+000  7.188086194820396E-001  4.280554286863650E-001
  3.749999999999992E+001  8.100177769960283E-001  2.089705332707689E+000  7.207724514962935E-001  4.292332449836483E-001
  3.799999999999992E+001  8.107383928893769E-001  2.095016721951953E+000  7.227163945212383E-001  4.303995587547310E-001
  3.849999999999992E+001  8.114490889836444E-001  2.100251211874810E+000  7.246408311417680E-001  4.315545914524276E-001
  3.899999999999992E+001  8.121500927909105E-001  2.105410909140140E+000  7.265461324398660E-001  4.326985582171983E-001
  3.949999999999992E+001  8.128416241252513E-001  2.110497836594916E+000  7.284326584590401E-001  4.338316681223757E-001
  3.999999999999992E+001  8.135238954522866E-001  2.115513937581688E+000  7.303007586436147E-001  4.349541244075942E-001
  4.049999999999992E+001  8.141971122189448E-001  2.120461079981785E+000  7.321507722547094E-001  4.360661247010413E-001
  4.099999999999992E+001  8.148614731647801E-001  2.125341060008872E+000  7.339830287645702E-001  4.371678612311277E-001
  4.149999999999992E+001  8.155171706160621E-001  2.130155605770901E+000  7.357978482307771E-001  4.382595210281407E-001
  4.199999999999992E+001  8.161643907637623E-001  2.134906380616985E+000  7.375955416517069E-001  4.393412861164162E-001
  4.249999999999992E+001  8.168033139264950E-001  2.139594986284358E+000  7.393764113045350E-001  4.404133336975454E-001
  4.299999999999992E+001  8.174341147993657E-001  2.144222965859431E+000  7.411407510669245E-001  4.414758363250846E-001
  4.349999999999992E+001  8.180569626896357E-001  2.148791806565741E+000  7.428888467234729E-001  4.425289620712373E-001
  4.399999999999992E+001  8.186720217400258E-001  2.153302942390661E+000  7.446209762578997E-001  4.435728746859223E-001
  4.449999999999992E+001  8.192794511404291E-001  2.157757756561780E+000  7.463374101318446E-001  4.446077337486452E-001
  4.499999999999992E+001  8.198794053287537E-001  2.162157583883005E+000  7.480384115511383E-001  4.456336948135420E-001
  4.549999999999992E+001  8.204720341815549E-001  2.166503712939703E+000  7.497242367202643E-001  4.466509095479625E-001
  4.599999999999992E+001  8.210574831950763E-001  2.170797388181468E+000  7.513951350857382E-001  4.476595258649267E-001
  4.649999999999992E+001  8.216358936572778E-001  2.175039811890468E+000  7.530513495690246E-001  4.486596880497734E-001
  4.699999999999992E+001  8.222074028113762E-001  2.179232146042747E+000  7.546931167896122E-001  4.496515368813028E-001
  4.749999999999992E+001  8.227721440114087E-001  2.183375514069256E+000  7.563206672787655E-001  4.506352097476919E-001
  4.799999999999992E+001  8.233302468702796E-001  2.187471002523024E+000  7.579342256844825E-001  4.516108407574558E-001
  4.899999999999992E+001  8.244319178740228E-001  2.195497600846192E+000  7.611428731077767E-001  4.535355201373092E-001
  4.999999999999992E+001  8.255081690113135E-001  2.203345770735826E+000  7.642967948929100E-001  4.554297937742987E-001
  5.099999999999992E+001  8.265599397890148E-001  2.211022977289188E+000  7.673976661865168E-001  4.572945915036868E-001
  5.199999999999992E+001  8.275881203746708E-001  2.218536232929397E+000  7.704470933819756E-001  4.591308066553242E-001
  5.299999999999992E+001  8.285935546074500E-001  2.225892132232931E+000  7.734466061198366E-001  4.609392981028674E-001
  5.399999999999992E+001  8.295770431380182E-001  2.233096884132618E+000  7.763976606393626E-001  4.627208911285646E-001
  5.499999999999992E+001  8.305393463617834E-001  2.240156341171287E+000  7.793016442328515E-001  4.644763783834328E-001
  5.599999999999992E+001  8.314811871123322E-001  2.247076026073379E+000  7.821598795822532E-001  4.662065210358821E-001
  5.699999999999992E+001  8.324032531302898E-001  2.253861155912308E+000  7.849736288246947E-001  4.679120500291568E-001
  5.799999999999992E+001  8.333061993285814E-001  2.260516664124104E+000  7.877440973372133E-001  4.695936673786147E-001
  5.899999999999992E+001  8.341906498738987E-001  2.267047220589672E+000  7.904724372535922E-001  4.712520474652092E-001
  5.999999999999992E+001  8.350572001022144E-001  2.273457249982841E+000  7.931597507304324E-001  4.728878382995105E-001
  6.099999999999992E+001  8.359064182842144E-001  2.279750948558901E+000  7.958070929801121E-001  4.745016627418322E-001
  6.199999999999992E+001  8.367388472547842E-001  2.285932299538564E+000  7.984154750878030E-001  4.760941196708932E-001
  6.299999999999992E+001  8.375550059191460E-001  2.292005087224929E+000  8.009858666287673E-001  4.776657850976396E-001
  6.399999999999992E+001  8.383553906468894E-001  2.297972909975711E+000  8.035191981010973E-001  4.792172132234328E-001
  6.499999999999991E+001  8.391404765639443E-001  2.303839192139667E+000  8.060163631879321E-001  4.807489374433817E-001
  6.599999999999991E+001  8.399107187514958E-001  2.309607195054243E+000  8.084782208621275E-001  4.822614712965203E-001
  6.699999999999991E+001  8.406665533599232E-001  2.315280027191245E+000  8.109055973453076E-001  4.837553093650833E-001
  6.799999999999991E+001  8.414083986450130E-001  2.320860653528064E+000  8.132992879322948E-001  4.852309281253973E-001
  6.899999999999991E+001  8.421366559329884E-001  2.326351904213990E+000  8.156600586910208E-001  4.866887867530216E-001
  6.999999999999991E+001  8.428517105202489E-001  2.331756482594021E+000  8.179886480472215E-001  4.881293278847880E-001
  7.099999999999991E+001  8.435539325131417E-001  2.337076972646218E+000  8.202857682624782E-001  4.895529783403201E-001
  7.199999999999991E+001  8.442436776125860E-001  2.342315845883106E+000  8.225521068134839E-001  4.909601498055242E-001
  7.299999999999991E+001  8.449212878479156E-001  2.347475467762635E+000  8.247883276798148E-001  4.923512394804179E-001
  7.399999999999991E+001  8.455870922639006E-001  2.352558103649772E+000  8.269950725468864E-001  4.937266306935341E-001
  7.499999999999991E+001  8.462414075645558E-001  2.357565924365863E+000  8.291729619302980E-001  4.950866934849932E-001
  7.599999999999991E+001  8.468845387170024E-001  2.362501011359452E+000  8.313225962272565E-001  4.964317851602090E-001
  7.699999999999991E+001  8.475167795183836E-001  2.367365361528938E+000  8.334445567003576E-001  4.977622508160583E-001
  7.799999999999991E+001  8.481384131285504E-001  2.372160891724844E+000  8.355394063985910E-001  4.990784238412050E-001
  7.899999999999991E+001  8.487497125710138E-001  2.376889442956786E+000  8.376076910200740E-001  5.003806263921725E-001
  7.999999999999991E+001  8.493509412044422E-001  2.381552784328040E+000  8.396499397206795E-001  5.016691698466194E-001
  8.099999999999991E+001  8.499423531667902E-001  2.386152616718558E+000  8.416666658723977E-001  5.029443552351830E-001
  8.199999999999991E+001  8.505241937939747E-001  2.390690576235454E+000  8.436583677750120E-001  5.042064736531549E-001
  8.299999999999991E+001  8.510967000148550E-001  2.395168237448318E+000  8.456255293243713E-001  5.054558066531540E-001
  8.399999999999991E+001  8.516601007241394E-001  2.399587116425240E+000  8.475686206403229E-001  5.066926266198876E-001
  8.499999999999991E+001  8.522146171346935E-001  2.403948673584074E+000  8.494880986571280E-001  5.079171971280064E-001
  8.599999999999991E+001  8.527604631106314E-001  2.408254316372235E+000  8.513844076789749E-001  5.091297732839893E-001
  8.799999999999991E+001  8.538308995344283E-001  2.416669006409652E+000  8.551330431571393E-001  5.115131882466860E-001
  8.999999999999991E+001  8.548686949571174E-001  2.424877109819743E+000  8.587921470636989E-001  5.138519541563026E-001
  9.199999999999991E+001  8.558753583301723E-001  2.432888132453354E+000  8.623650179596358E-001  5.161477706537982E-001
  9.399999999999991E+001  8.568523043039364E-001  2.440710948600921E+000  8.658547875875496E-001  5.184022439051883E-001
  9.599999999999991E+001  8.578008606045319E-001  2.448353855346245E+000  8.692644290146119E-001  5.206168904999936E-001
  9.799999999999991E+001  8.587222748270983E-001  2.455824621291411E+000  8.725967676774099E-001  5.227931420399078E-001
  9.999999999999991E+001  8.596177205872625E-001  2.463130530264655E+000  8.758544915734748E-001  5.249323500759351E-001
  1.019999999999999E+002  8.604883030952464E-001  2.470278420611802E+000  8.790401605183955E-001  5.270357910815416E-001
  1.039999999999999E+002  8.613350642162707E-001  2.477274720593120E+000  8.821562145541946E-001  5.291046712922949E-001
  1.059999999999999E+002  8.621589870733743E-001  2.484125480338326E+000  8.852049815992730E-001  5.311401313279793E-001
  1.079999999999999E+002  8.629610002417685E-001  2.490836400753037E+000  8.881886844233943E-001  5.331432505591592E-001
  1.099999999999999E+002  8.637419815777894E-001  2.497412859718868E+000  8.911094470226775E-001  5.351150512050015E-001
  1.119999999999999E+002  8.645027617202309E-001  2.503859935885557E+000  8.939693004609974E-001  5.370565021627454E-001
  1.139999999999999E+002  8.652441272973361E-001  2.510182430315909E+000  8.967701882361875E-001  5.389685225765876E-001
  1.159999999999999E+002  8.659668238687842E-001  2.516384886211980E+000  8.995139712222009E-001  5.408519851576392E-001
  1.179999999999999E+002  8.666715586286351E-001  2.522471606923122E+000  9.022024322319822E-001  5.427077192685476E-001
  1.199999999999999E+002  8.673590028922255E-001  2.528446672412386E+000  9.048372802401842E-001  5.445365137870829E-001
  1.219999999999999E+002  8.680297943874601E-001  2.534313954337022E+000  9.074201542999605E-001  5.463391197630995E-001
  1.239999999999999E+002  8.686845393686898E-001  2.540077129880744E+000  9.099526271838637E-001  5.481162528829114E-001
  1.259999999999999E+002  8.693238145694067E-001  2.545739694459686E+000  9.124362087751562E-001  5.498685957545889E-001
  1.279999999999999E+002  8.699481690082783E-001  2.551304973410375E+000  9.148723492327326E-001  5.515968000269961E-001
  1.299999999999999E+002  8.705581256615128E-001  2.556776132755947E+000  9.172624419500635E-001  5.533014883546592E-001
  1.319999999999999E+002  8.711541830132237E-001  2.562156189136533E+000  9.196078263262185E-001  5.549832562197955E-001
  1.339999999999999E+002  8.717368164942892E-001  2.567448018980385E+000  9.219097903649844E-001  5.566426736220953E-001
  1.359999999999999E+002  8.723064798191418E-001  2.572654366984353E+000  9.241695731162869E-001  5.582802866461264E-001
  1.379999999999999E+002  8.728636062290210E-001  2.577777853965149E+000  9.263883669726114E-001  5.598966189155269E-001
  1.399999999999999E+002  8.734086096493813E-001  2.582820984136522E+000  9.285673198317443E-001  5.614921729425132E-001
  1.419999999999999E+002  8.739418857684277E-001  2.587786151862003E+000  9.307075371360077E-001  5.630674313805869E-001
  1.439999999999999E+002  8.744638130430937E-001  2.592675647927811E+000  9.328100837971153E-001  5.646228581877701E-001
  1.459999999999999E+002  8.749747536381924E-001  2.597491665376247E+000  9.348759860149052E-001  5.661588997071266E-001
  1.479999999999999E+002  8.754750543039578E-001  2.602236304935988E+000  9.369062329973890E-001  5.676759856708400E-001
  1.499999999999999E+002  8.759650471967066E-001  2.606911580082133E+000  9.389017785888912E-001  5.691745301336354E-001
  1.549999999999999E+002  8.771520496117371E-001  2.618219703270252E+000  9.437838348871159E-001  5.728176162354145E-001
  1.599999999999999E+002  8.782804877341491E-001  2.629139533610835E+000  9.484634416503374E-001  5.763545822695781E-001
  1.649999999999999E+002  8.793546437901157E-001  2.639696061787429E+000  9.529536086949010E-001  5.797906119037446E-001
  1.699999999999999E+002  8.803783872749212E-001  2.649911977673183E+000  9.572662318747476E-001  5.831305283107758E-001
  1.749999999999999E+002  8.813552240502398E-001  2.659807941818128E+000  9.614122086358254E-001  5.863788228124772E-001
  1.799999999999999E+002  8.822883385577739E-001  2.669402818288167E+000  9.654015407930920E-001  5.895396843124056E-001
  1.849999999999999E+002  8.831806302229611E-001  2.678713875227622E+000  9.692434250245520E-001  5.926170269204269E-001
  1.899999999999999E+002  8.840347449693985E-001  2.687756958346700E+000  9.729463327023374E-001  5.956145149672669E-001
  1.949999999999999E+002  8.848531026010712E-001  2.696546641588550E+000  9.765180804748186E-001  5.985355853159936E-001
  1.999999999999999E+002  8.856379206772075E-001  2.705096358473203E+000  9.799658928119821E-001  6.013834671462386E-001
  2.049999999999999E+002  8.863912353978602E-001  2.713418517007651E+000  9.832964575514845E-001  6.041611994749456E-001
  2.099999999999999E+002  8.871149199318064E-001  2.721524600560665E+000  9.865159753340559E-001  6.068716466903107E-001
  2.149999999999999E+002  8.878107005479399E-001  2.729425256703049E+000  9.896302036912122E-001  6.095175123582676E-001
  2.199999999999999E+002  8.884801708536908E-001  2.737130375689795E+000  9.926444964420041E-001  6.121013515329224E-001
  2.249999999999999E+002  8.891248043966097E-001  2.744649159994846E+000  9.955638389655868E-001  6.146255817723386E-001
  2.299999999999999E+002  8.897459658460748E-001  2.751990186090608E+000  9.983928798401125E-001  6.170924930326841E-001
  2.349999999999999E+002  8.903449209396210E-001  2.759161459483416E+000  1.001135959273474E+000  6.195042565883508E-001
  2.399999999999999E+002  8.909228453512650E-001  2.766170463866060E+000  1.003797134695966E+000  6.218629331035960E-001
  2.449999999999999E+002  8.914808326165821E-001  2.773024205123194E+000  1.006380203837463E+000  6.241704799623858E-001
  2.499999999999999E+002  8.920199012302347E-001  2.779729250820495E+000  1.008888725570926E+000  6.264287579471771E-001
  2.549999999999999E+002  8.925410010156347E-001  2.786291765720402E+000  1.011326038768922E+000  6.286395373439128E-001
  2.599999999999999E+002  8.930450188528412E-001  2.792717543792684E+000  1.013695279389554E+000  6.308045035392371E-001
  2.649999999999999E+002  8.935327838392920E-001  2.799012037125362E+000  1.015999395981962E+000  6.329252621664695E-001
  2.699999999999999E+002  8.940050719481719E-001  2.805180382087688E+000  1.018241163778826E+000  6.350033438489245E-001
  2.749999999999999E+002  8.944626102408408E-001  2.811227423051584E+000  1.020423197523526E+000  6.370402085825168E-001
  2.799999999999999E+002  8.949060806825978E-001  2.817157733938762E+000  1.022547963162409E+000  6.390372497939573E-001
  2.849999999999999E+002  8.953361236048840E-001  2.822975637827435E+000  1.024617788517627E+000  6.409957981061406E-001
  2.899999999999999E+002  8.957533408517522E-001  2.828685224823695E+000  1.026634873042853E+000  6.429171248383082E-001
  2.949999999999999E+002  8.961582986438348E-001  2.834290368377947E+000  1.028601296752714E+000  6.448024452651880E-001
  2.999999999999999E+002  8.965515301891074E-001  2.839794740205291E+000  1.030519028406729E+000  6.466529216564316E-001
  3.049999999999999E+002  8.969335380662881E-001  2.845201823950202E+000  1.032389933019638E+000  6.484696661152007E-001
  3.099999999999999E+002  8.973047964037490E-001  2.850514927719694E+000  1.034215778762283E+000  6.502537432326487E-001
  3.149999999999999E+002  8.976657528742010E-001  2.855737195595149E+000  1.035998243310300E+000  6.520061725732291E-001
  3.199999999999999E+002  8.980168305231465E-001  2.860871618220657E+000  1.037738919691853E+000  6.537279310041908E-001
  3.249999999999999E+002  8.983584294471042E-001  2.865921042555030E+000  1.039439321680273E+000  6.554199548812689E-001
  3.299999999999999E+002  8.986909283358667E-001  2.870888180865195E+000  1.041100888772750E+000  6.570831421013898E-001
  3.349999999999999E+002  8.990146858915276E-001  2.875775619030430E+000  1.042724990792010E+000  6.587183540321739E-001
  3.399999999999999E+002  8.993300421356436E-001  2.880585824219613E+000  1.044312932144204E+000  6.603264173271211E-001
  3.449999999999999E+002  8.996373196147425E-001  2.885321151997194E+000  1.045865955762914E+000  6.619081256345485E-001
  3.499999999999999E+002  8.999368245132964E-001  2.889983852908030E+000  1.047385246766235E+000  6.634642412076581E-001
  3.549999999999999E+002  9.002288476823883E-001  2.894576078586003E+000  1.048871935851284E+000  6.649954964224695E-001
  3.599999999999999E+002  9.005136655914419E-001  2.899099887427086E+000  1.050327102448122E+000  6.665025952097978E-001
  3.649999999999999E+002  9.007915412096779E-001  2.903557249863454E+000  1.051751777653001E+000  6.679862144069578E-001
  3.699999999999999E+002  9.010627248232915E-001  2.907950053271629E+000  1.053146946958973E+000  6.694470050344182E-001
  3.749999999999999E+002  9.013274547937753E-001  2.912280106544722E+000  1.054513552800219E+000  6.708855935022282E-001
  3.799999999999999E+002  9.015859582622866E-001  2.916549144355807E+000  1.055852496924949E+000  6.723025827506716E-001
  3.849999999999999E+002  9.018384518045034E-001  2.920758831137029E+000  1.057164642610387E+000  6.736985533292709E-001
  3.899999999999999E+002  9.020851420399943E-001  2.924910764796883E+000  1.058450816732144E+000  6.750740644179610E-001
  3.949999999999999E+002  9.023262261997529E-001  2.929006480195906E+000  1.059711811699157E+000  6.764296547939789E-001
  3.999999999999999E+002  9.025618926552271E-001  2.933047452399391E+000  1.060948387264440E+000  6.777658437477614E-001
  4.049999999999999E+002  9.027923214118612E-001  2.937035099723942E+000  1.062161272220976E+000  6.790831319509195E-001
  4.099999999999999E+002  9.030176845699033E-001  2.940970786593355E+000  1.063351165991263E+000  6.803820022791381E-001
  4.149999999999999E+002  9.032381467550021E-001  2.944855826217889E+000  1.064518740118351E+000  6.816629205926654E-001
  4.199999999999999E+002  9.034538655208642E-001  2.948691483109815E+000  1.065664639665495E+000  6.829263364768693E-001
  4.249999999999999E+002  9.036649917260952E-001  2.952478975447102E+000  1.066789484531009E+000  6.841726839451819E-001
  4.299999999999999E+002  9.038716698871216E-001  2.956219477296036E+000  1.067893870684321E+000  6.854023821065964E-001
  4.399999999999999E+002  9.042726417253536E-001  2.963525398341010E+000  1.070049565315880E+000  6.877990030934947E-001
  4.499999999999999E+002  9.046573590695727E-001  2.970658127359686E+000  1.072129464946676E+000  6.901345513366500E-001
  4.599999999999999E+002  9.050267870591372E-001  2.977625558935883E+000  1.074137642234972E+000  6.924118356577664E-001
  4.699999999999999E+002  9.053818157391572E-001  2.984435064234126E+000  1.076077876957064E+000  6.946334889459284E-001
  4.799999999999999E+002  9.057232672473311E-001  2.991093536030912E+000  1.077953682258690E+000  6.968019806927744E-001
  4.899999999999999E+002  9.060519021891116E-001  2.997607429023597E+000  1.079768328115276E+000  6.989196289740701E-001
  4.999999999999999E+002  9.063684253057711E-001  3.003982795996840E+000  1.081524862328435E+000  7.009886116508106E-001
  5.099999999999999E+002  9.066734905253973E-001  3.010225320345706E+000  1.083226129357486E+000  7.030109767313341E-001
  5.199999999999999E+002  9.069677054739922E-001  3.016340345385834E+000  1.084874787244447E+000  7.049886519085324E-001
  5.299999999999999E+002  9.072516355130021E-001  3.022332900823219E+000  1.086473322856172E+000  7.069234533168209E-001
  5.399999999999999E+002  9.075258073604350E-001  3.028207726706742E+000  1.088024065637683E+000  7.088170935649792E-001
  5.499999999999999E+002  9.077907123449515E-001  3.033969295144548E+000  1.089529200045370E+000  7.106711891035291E-001
  5.599999999999999E+002  9.080468093357272E-001  3.039621830029632E+000  1.090990776807072E+000  7.124872669837768E-001
  5.699999999999999E+002  9.082945273852442E-001  3.045169324989057E+000  1.092410723137464E+000  7.142667710622643E-001
  5.799999999999999E+002  9.085342681173905E-001  3.050615559744942E+000  1.093790852021199E+000  7.160110677003115E-001
  5.899999999999999E+002  9.087664078891095E-001  3.055964115052461E+000  1.095132870662527E+000  7.177214510040952E-001
  5.999999999999999E+002  9.089912997503270E-001  3.061218386360500E+000  1.096438388188208E+000  7.193991476466089E-001
  6.099999999999999E+002  9.092092752238180E-001  3.066381596323481E+000  1.097708922680309E+000  7.210453213089896E-001
  6.199999999999999E+002  9.094206459240834E-001  3.071456806278113E+000  1.098945907606479E+000  7.226610767751361E-001
  6.299999999999999E+002  9.096257050319863E-001  3.076446926785910E+000  1.100150697707629E+000  7.242474637102907E-001
  6.399999999999999E+002  9.098247286399708E-001  3.081354727331013E+000  1.101324574396119E+000  7.258054801513230E-001
  6.499999999999999E+002  9.100179769809419E-001  3.086182845253103E+000  1.102468750711660E+000  7.273360757337740E-001
  6.599999999999999E+002  9.102056955523992E-001  3.090933793986497E+000  1.103584375876983E+000  7.288401546783457E-001
  6.699999999999999E+002  9.103881161461210E-001  3.095609970668922E+000  1.104672539490773E+000  7.303185785573441E-001
  6.799999999999999E+002  9.105654577925452E-001  3.100213663176869E+000  1.105734275391364E+000  7.317721688596616E-001
  6.899999999999999E+002  9.107379276279832E-001  3.104747056638463E+000  1.106770565221209E+000  7.332017093711313E-001
  6.999999999999999E+002  9.109057216919605E-001  3.109212239469660E+000  1.107782341718992E+000  7.346079483855295E-001
  7.099999999999999E+002  9.110690256611503E-001  3.113611208974873E+000  1.108770491763543E+000  7.359916007600840E-001
  7.199999999999999E+002  9.112280155257355E-001  3.117945876549211E+000  1.109735859191256E+000  7.373533498280810E-001
  7.299999999999999E+002  9.113828582133975E-001  3.122218072515702E+000  1.110679247406570E+000  7.386938491800312E-001
  7.399999999999999E+002  9.115337121656163E-001  3.126429550627799E+000  1.111601421803155E+000  7.400137243238148E-001
  7.499999999999999E+002  9.116807278704857E-001  3.130581992264470E+000  1.112503112011722E+000  7.413135742333004E-001
  7.599999999999999E+002  9.118240483558261E-001  3.134677010342724E+000  1.113385013988876E+000  7.425939727941063E-001
  7.699999999999999E+002  9.119638096460146E-001  3.138716152970001E+000  1.114247791960048E+000  7.438554701544046E-001
  7.799999999999999E+002  9.121001411856124E-001  3.142700906856909E+000  1.115092080228343E+000  7.450985939879862E-001
  7.899999999999999E+002  9.122331662325736E-001  3.146632700508847E+000  1.115918484860041E+000  7.463238506761976E-001
  7.999999999999999E+002  9.123630022235544E-001  3.150512907213524E+000  1.116727585256521E+000  7.475317264147856E-001
  8.199999999999999E+002  9.126136642998612E-001  3.158079053536654E+000  1.118299507512880E+000  7.498816208403208E-001
  8.399999999999999E+002  9.128528275753942E-001  3.165456197111369E+000  1.119808209825835E+000  7.521683238601437E-001
  8.599999999999999E+002  9.130812566626901E-001  3.172653453504311E+000  1.121257543454074E+000  7.543950099897517E-001
  8.799999999999999E+002  9.132996500157372E-001  3.179679297684544E+000  1.122651047674485E+000  7.565646273999185E-001
  8.999999999999999E+002  9.135086469354373E-001  3.186541622483328E+000  1.123991981103231E+000  7.586799176697959E-001
  9.199999999999999E+002  9.137088337025585E-001  3.193247790548767E+000  1.125283349290676E+000  7.607434338590110E-001
  9.399999999999999E+002  9.139007489624159E-001  3.199804680643593E+000  1.126527929097791E+000  7.627575568703197E-001
  9.599999999999999E+002  9.140848884657845E-001  3.206218729008177E+000  1.127728290285771E+000  7.647245102019977E-001
  9.799999999999999E+002  9.142617092541878E-001  3.212495966405816E+000  1.128886814685637E+000  7.666463732308910E-001
  9.999999999999999E+002  9.144316333641562E-001  3.218642051379210E+000  1.130005713260283E+000  7.685250931739238E-001
  1.020000000000000E+003  9.145950511138233E-001  3.224662300173033E+000  1.131087041326037E+000  7.703624958688629E-001
  1.040000000000000E+003  9.147523240258409E-001  3.230561713715216E+000  1.132132712162610E+000  7.721602955030767E-001
  1.060000000000000E+003  9.149037874327602E-001  3.236345001996644E+000  1.133144509208244E+000  7.739201034057516E-001
  1.080000000000000E+003  9.150497528044483E-001  3.242016606144084E+000  1.134124097009729E+000  7.756434360061090E-001
  1.100000000000000E+003  9.151905098315612E-001  3.247580718443057E+000  1.135073031074001E+000  7.773317220482795E-001
  1.120000000000000E+003  9.153263282944167E-001  3.253041300534596E+000  1.135992766748505E+000  7.789863091428014E-001
  1.140000000000000E+003  9.154574597426388E-001  3.258402099981859E+000  1.136884667240884E+000  7.806084697252569E-001
  1.160000000000000E+003  9.155841390075716E-001  3.263666665378498E+000  1.137750010874337E+000  7.821994064842385E-001
  1.180000000000000E+003  9.157065855665831E-001  3.268838360149948E+000  1.138589997662786E+000  7.837602573135517E-001
  1.200000000000000E+003  9.158250047759169E-001  3.273920375180777E+000  1.139405755279535E+000  7.852920998371762E-001
  1.220000000000000E+003  9.159395889866445E-001  3.278915740385790E+000  1.140198344484095E+000  7.867959555499471E-001
  1.240000000000000E+003  9.160505185564580E-001  3.283827335328992E+000  1.140968764064003E+000  7.882727936120262E-001
  1.260000000000000E+003  9.161579627684668E-001  3.288657898982756E+000  1.141717955341789E+000  7.897235343309714E-001
  1.280000000000000E+003  9.162620806668339E-001  3.293410038709327E+000  1.142446806291304E+000  7.911490523614757E-001
  1.300000000000000E+003  9.163630218179003E-001  3.298086238537703E+000  1.143156155302597E+000  7.925501796495477E-001
  1.320000000000000E+003  9.164609270044369E-001  3.302688866801153E+000  1.143846794630054E+000  7.939277081450369E-001
  1.340000000000000E+003  9.165559288597857E-001  3.307220183193625E+000  1.144519473554609E+000  7.952823923038498E-001
  1.360000000000000E+003  9.166481524478706E-001  3.311682345297249E+000  1.145174901287498E+000  7.966149513989770E-001
  1.380000000000000E+003  9.167377157944012E-001  3.316077414627722E+000  1.145813749639981E+000  7.979260716574583E-001
  1.400000000000000E+003  9.168247303739853E-001  3.320407362239662E+000  1.146436655480880E+000  7.992164082386719E-001
  1.450000000000000E+003  9.170317924367155E-001  3.330851754854797E+000  1.147932273970574E+000  8.023203791499769E-001
  1.500000000000000E+003  9.172250508834177E-001  3.340935251735917E+000  1.149339980716715E+000  8.053101469900225E-001
  1.550000000000000E+003  9.174058194750037E-001  3.350681783427295E+000  1.150667488989132E+000  8.081935151017419E-001
  1.600000000000000E+003  9.175752513029587E-001  3.360112984073887E+000  1.151921623031255E+000  8.109775284296971E-001
  1.650000000000000E+003  9.177343625723542E-001  3.369248475602358E+000  1.153108443729569E+000  8.136685656567617E-001
  1.700000000000000E+003  9.178840522844588E-001  3.378106109313793E+000  1.154233353412768E+000  8.162724189487336E-001
  1.750000000000000E+003  9.180251186206174E-001  3.386702172317719E+000  1.155301183733969E+000  8.187943626678856E-001
  1.800000000000000E+003  9.181582726548111E-001  3.395051564768732E+000  1.156316269753927E+000  8.212392125945165E-001
  1.850000000000000E+003  9.182841498895272E-001  3.403167952720787E+000  1.157282512701064E+000  8.236113770772138E-001
  1.900000000000000E+003  9.184033200075695E-001  3.411063900513214E+000  1.158203433387224E+000  8.259149013421855E-001
  1.950000000000000E+003  9.185162951535254E-001  3.418750985888994E+000  1.159082217870969E+000  8.281535060017746E-001
  2.000000000000000E+003  9.186235369971009E-001  3.426239900477167E+000  1.159921756656463E+000  8.303306206335366E-001
  2.050000000000000E+003  9.187254627822643E-001  3.433540537815093E+000  1.160724678476151E+000  8.324494131580830E-001
  2.100000000000000E+003  9.188224505280411E-001  3.440662070718302E+000  1.161493379514849E+000  8.345128156245880E-001
  2.150000000000000E+003  9.189148435165125E-001  3.447613019507171E+000  1.162230048780500E+000  8.365235469141715E-001
  2.200000000000000E+003  9.190029541793724E-001  3.454401312355936E+000  1.162936690204382E+000  8.384841327899177E-001
  2.250000000000000E+003  9.190870674749565E-001  3.461034338830126E+000  1.163615141954574E+000  8.403969236549814E-001
  2.300000000000000E+003  9.191674438319473E-001  3.467518997513828E+000  1.164267093366089E+000  8.422641103245371E-001
  2.350000000000000E+003  9.192443217232198E-001  3.473861738492243E+000  1.164894099825437E+000  8.440877380710969E-001
  2.400000000000000E+003  9.193179199228751E-001  3.480068601341719E+000  1.165497595893576E+000  8.458697191642265E-001
  2.450000000000000E+003  9.193884394910022E-001  3.486145249185162E+000  1.166078906906873E+000  8.476118440935302E-001
  2.500000000000000E+003  9.194560655236987E-001  3.492096999291503E+000  1.166639259259005E+000  8.493157916368173E-001
  2.550000000000000E+003  9.195209687000772E-001  3.497928850631354E+000  1.167179789536301E+000  8.509831379126958E-001
  2.600000000000000E+003  9.195833066531762E-001  3.503645508744881E+000  1.167701552653613E+000  8.526153645377053E-001
  2.650000000000000E+003  9.196432251877149E-001  3.509251408230150E+000  1.168205529116551E+000  8.542138659918976E-001
  2.700000000000000E+003  9.197008593642503E-001  3.514750733119896E+000  1.168692631518077E+000  8.557799562830182E-001
  2.800000000000000E+003  9.198097020508180E-001  3.525349575279962E+000  1.169621244917915E+000  8.587904315740909E-001
  2.900000000000000E+003  9.199108030148719E-001  3.535573447991096E+000  1.170491605055707E+000  8.616875748094285E-001
  3.000000000000000E+003  9.200049426496866E-001  3.545447831459566E+000  1.171309131327227E+000  8.644792929376017E-001
  3.100000000000000E+003  9.200928007644944E-001  3.554995699724580E+000  1.172078583947688E+000  8.671727062400307E-001
  3.200000000000000E+003  9.201749722166085E-001  3.564237838503612E+000  1.172804161914010E+000  8.697742474385857E-001
  3.300000000000000E+003  9.202519797225356E-001  3.573193114234331E+000  1.173489583915016E+000  8.722897463339078E-001
  3.400000000000000E+003  9.203242844239292E-001  3.581878703033175E+000  1.174138155567457E+000  8.747245021198355E-001
  3.500000000000000E+003  9.203922946538022E-001  3.590310286525906E+000  1.174752825610113E+000  8.770833453349237E-001
  3.600000000000000E+003  9.204563732502892E-001  3.598502220137575E+000  1.175336233122969E+000  8.793706911236795E-001
  3.700000000000000E+003  9.205168436907770E-001  3.606467678360174E+000  1.175890747406539E+000  8.815905852007559E-001
  3.800000000000000E+003  9.205739952622396E-001  3.614218780674943E+000  1.176418501823629E+000  8.837467436697807E-001
  3.900000000000000E+003  9.206280874396534E-001  3.621766701139001E+000  1.176921422647518E+000  8.858425876478357E-001
  4.000000000000000E+003  9.206793536102731E-001  3.629121764113775E+000  1.177401253758660E+000  8.878812734822595E-001
  4.100000000000000E+003  9.207280042548046E-001  3.636293528185297E+000  1.177859577873019E+000  8.898657192126014E-001
  4.200000000000000E+003  9.207742296755419E-001  3.643290859981256E+000  1.178297834859333E+000  8.917986278214398E-001
  4.300000000000000E+003  9.208182023448417E-001  3.650121999309369E+000  1.178717337602240E+000  8.936825077286930E-001
  4.400000000000000E+003  9.208600789340826E-001  3.656794616812724E+000  1.179119285787819E+000  8.955196909110946E-001
  4.500000000000000E+003  9.209000020725995E-001  3.663315865150020E+000  1.179504777923311E+000  8.973123489684934E-001
  4.600000000000000E+003  9.209381018775191E-001  3.669692424553701E+000  1.179874821850278E+000  8.990625074091225E-001
  4.700000000000000E+003  9.209744972885219E-001  3.675930543490804E+000  1.180230343967752E+000  9.007720583849269E-001
  4.800000000000000E+003  9.210092972358663E-001  3.682036075044606E+000  1.180572197346953E+000  9.024427720739175E-001
  4.900000000000000E+003  9.210426016654436E-001  3.688014509546108E+000  1.180901168890471E+000  9.040763068779730E-001
  5.000000000000000E+003  9.210745024408220E-001  3.693871003909588E+000  1.181217985665077E+000  9.056742185806308E-001
  5.100000000000000E+003  9.211050841391347E-001  3.699610408063663E+000  1.181523320517713E+000  9.072379685892600E-001
  5.200000000000000E+003  9.211344247550620E-001  3.705237288815963E+000  1.181817797067895E+000  9.087689313690553E-001
  5.300000000000000E+003  9.211625963250427E-001  3.710755951444743E+000  1.182101994156087E+000  9.102684011618724E-001
  5.400000000000000E+003  9.211896654820285E-001  3.716170459272113E+000  1.182376449816210E+000  9.117375980707056E-001
  5.500000000000000E+003  9.212156939496209E-001  3.721484651441125E+000  1.182641664830826E+000  9.131776735801730E-001
  5.600000000000000E+003  9.212407389831597E-001  3.726702159090811E+000  1.182898105919433E+000  9.145897155744460E-001
  5.700000000000000E+003  9.212648537642716E-001  3.731826420099261E+000  1.183146208603417E+000  9.159747529064109E-001
  5.800000000000000E+003  9.212880877545010E-001  3.736860692544144E+000  1.183386379785440E+000  9.173337595652649E-001
  5.900000000000000E+003  9.213104870128739E-001  3.741808067012247E+000  1.183619000075995E+000  9.186676584840526E-001
  6.000000000000000E+003  9.213320944815996E-001  3.746671477874012E+000  1.183844425895692E+000  9.199773250237649E-001
  6.100000000000000E+003  9.213529502435829E-001  3.751453713625803E+000  1.184062991378173E+000  9.212635901663253E-001
  6.200000000000000E+003  9.213730917549136E-001  3.756157426390789E+000  1.184275010095422E+000  9.225272434451073E-001
  6.300000000000000E+003  9.213925540551298E-001  3.760785140659291E+000  1.184480776624609E+000  9.237690356383975E-001
  6.400000000000000E+003  9.214113699576875E-001  3.765339261340409E+000  1.184680567973198E+000  9.249896812483844E-001
  6.600000000000000E+003  9.214471479886479E-001  3.774167745418708E+000  1.185063679154712E+000  9.273506119490466E-001
  6.800000000000000E+003  9.214806891303284E-001  3.782732053818925E+000  1.185425774594011E+000  9.296359977839278E-001
  7.000000000000000E+003  9.215121911504637E-001  3.791047466193056E+000  1.185768563923269E+000  9.318503422993281E-001
  7.200000000000000E+003  9.215418294493538E-001  3.799127976074185E+000  1.186093574675277E+000  9.339977641530597E-001
  7.400000000000000E+003  9.215697601148668E-001  3.806986431148076E+000  1.186402176029695E+000  9.360820391233000E-001
  7.600000000000000E+003  9.215961224919660E-001  3.814634654919193E+000  1.186695598923964E+000  9.381066367170761E-001
  7.800000000000000E+003  9.216210413542120E-001  3.822083552654995E+000  1.186974953163799E+000  9.400747521113035E-001
  8.000000000000000E+003  9.216446287471810E-001  3.829343203984064E+000  1.187241242044272E+000  9.419893340876754E-001
  8.200000000000000E+003  9.216669855600664E-001  3.836422944115292E+000  1.187495374895200E+000  9.438531095327365E-001
  8.400000000000000E+003  9.216882028709718E-001  3.843331435315233E+000  1.187738177887624E+000  9.456686049889641E-001
  8.600000000000000E+003  9.217083631029364E-001  3.850076730012422E+000  1.187970403376989E+000  9.474381656677963E-001
  8.800000000000000E+003  9.217275410209472E-001  3.856666326678311E+000  1.188192738009744E+000  9.491639722719861E-001
  9.000000000000000E+003  9.217458045948280E-001  3.863107219454446E+000  1.188405809780670E+000  9.508480559213666E-001
  9.200000000000000E+003  9.217632157485290E-001  3.869405942347048E+000  1.188610194196484E+000  9.524923114315657E-001
  9.400000000000000E+003  9.217798310128407E-001  3.875568608687046E+000  1.188806419675384E+000  9.540985091580776E-001
  9.600000000000000E+003  9.217957020957092E-001  3.881600946451286E+000  1.188994972291085E+000  9.556683055869933E-001
  9.800000000000000E+003  9.218108763820037E-001  3.887508329954875E+000  1.189176299952601E+000  9.572032528276487E-001
  1.000000000000000E+004  9.218253973726784E-001  3.893295808352917E+000  1.189350816096761E+000  9.587048071405776E-001
  1.020000000000000E+004  9.218393050717170E-001  3.898968131329343E+000  1.189518902958632E+000  9.601743366156732E-001
  1.040000000000000E+004  9.218526363279229E-001  3.904529772299383E+000  1.189680914475239E+000  9.616131280998718E-001
  1.060000000000000E+004  9.218654251375898E-001  3.909984949408867E+000  1.189837178869804E+000  9.630223934604254E-001
  1.080000000000000E+004  9.218777029131434E-001  3.915337644576639E+000  1.189988000956874E+000  9.644032752585600E-001
  1.100000000000000E+004  9.218894987221308E-001  3.920591620794821E+000  1.190133664202979E+000  9.657568518986978E-001
  1.120000000000000E+004  9.219008395002923E-001  3.925750437874662E+000  1.190274432572626E+000  9.670841423101918E-001
  1.140000000000000E+004  9.219117502419305E-001  3.930817466802567E+000  1.190410552185327E+000  9.683861102114463E-001
  1.160000000000000E+004  9.219222541703325E-001  3.935795902850926E+000  1.190542252805934E+000  9.696636680002176E-001
  1.180000000000000E+004  9.219323728906397E-001  3.940688777571011E+000  1.190669749187536E+000  9.709176803086279E-001
  1.200000000000000E+004  9.219421265272331E-001  3.945498969780489E+000  1.190793242283736E+000  9.721489672568839E-001
  1.220000000000000E+004  9.219515338474207E-001  3.950229215644862E+000  1.190912920344910E+000  9.733583074357478E-001
  1.240000000000000E+004  9.219606123729983E-001  3.954882117941096E+000  1.191028959911244E+000  9.745464406443743E-001
  1.260000000000000E+004  9.219693784810302E-001  3.959460154581701E+000  1.191141526713730E+000  9.757140704071359E-001
  1.280000000000000E+004  9.219778474950635E-001  3.963965686468999E+000  1.191250776492958E+000  9.768618662904434E-001
  1.300000000000000E+004  9.219860337677879E-001  3.968400964741706E+000  1.191356855744339E+000  9.779904660382875E-001
  1.320000000000000E+004  9.219939507560828E-001  3.972768137469403E+000  1.191459902397379E+000  9.791004775432098E-001
  1.340000000000000E+004  9.220016110892435E-001  3.977069255844582E+000  1.191560046435727E+000  9.801924806676485E-001
  1.360000000000000E+004  9.220090266310959E-001  3.981306279916809E+000  1.191657410463956E+000  9.812670289290472E-001
  1.380000000000000E+004  9.220162085366288E-001  3.985481083909068E+000  1.191752110226350E+000  9.823246510607414E-001
  1.400000000000000E+004  9.220231673037036E-001  3.989595461152248E+000  1.191844255082382E+000  9.833658524594214E-001
  1.420000000000000E+004  9.220299128203205E-001  3.993651128670229E+000  1.191933948443062E+000  9.843911165288943E-001
  1.440000000000000E+004  9.220364544078876E-001  3.997649731444818E+000  1.192021288171856E+000  9.854009059289035E-001
  1.460000000000000E+004  9.220428008608754E-001  4.001592846386972E+000  1.192106366953514E+000  9.863956637369289E-001
  1.480000000000000E+004  9.220489604832102E-001  4.005481986038266E+000  1.192189272633754E+000  9.873758145301186E-001
  1.500000000000000E+004  9.220549411217022E-001  4.009318602024279E+000  1.192270088532472E+000  9.883417653938328E-001
  1.520000000000000E+004  9.220607501967961E-001  4.013104088279568E+000  1.192348893732854E+000  9.892939068626792E-001
  1.540000000000000E+004  9.220663947308836E-001  4.016839784062143E+000  1.192425763348537E+000  9.902326137993741E-001
  1.560000000000000E+004  9.220718813744055E-001  4.020526976773673E+000  1.192500768770735E+000  9.911582462162806E-001
  1.580000000000000E+004  9.220772164299326E-001  4.024166904600296E+000  1.192573977897073E+000  9.920711500440393E-001
  1.600000000000000E+004  9.220824058744137E-001  4.027760758987506E+000  1.192645455343693E+000  9.929716578513195E-001
  1.620000000000000E+004  9.220874553797478E-001  4.031309686961513E+000  1.192715262642035E+000  9.938600895193593E-001
  1.640000000000000E+004  9.220923703318229E-001  4.034814793308288E+000  1.192783458421590E+000  9.947367528746539E-001
  1.660000000000000E+004  9.220971558481540E-001  4.038277142620752E+000  1.192850098579765E+000  9.956019442828608E-001
  1.680000000000000E+004  9.221018167942435E-001  4.041697761223405E+000  1.192915236439913E+000  9.964559492067296E-001
  1.700000000000000E+004  9.221063577987595E-001  4.045077638983265E+000  1.192978922898493E+000  9.972990427306372E-001
  1.720000000000000E+004  9.221107832676435E-001  4.048417731014913E+000  1.193041206562210E+000  9.981314900540843E-001
  1.740000000000000E+004  9.221150973972208E-001  4.051718959287145E+000  1.193102133875933E+000  9.989535469563381E-001
  1.760000000000000E+004  9.221193041864059E-001  4.054982214137822E+000  1.193161749242102E+000  9.997654602341977E-001
  1.780000000000000E+004  9.221234074480690E-001  4.058208355703245E+000  1.193220095132286E+000  1.000567468114740E+000
  1.800000000000000E+004  9.221274108196265E-001  4.061398215267698E+000  1.193277212191479E+000  1.001359800644728E+000
  1.820000000000000E+004  9.221313177729260E-001  4.064552596538527E+000  1.193333139335698E+000  1.002142680058242E+000
  1.840000000000000E+004  9.221351316234718E-001  4.067672276851547E+000  1.193387913843356E+000  1.002916321123976E+000
  1.860000000000000E+004  9.221388555390446E-001  4.070758008311352E+000  1.193441571440890E+000  1.003680931473538E+000
  1.880000000000000E+004  9.221424925477585E-001  4.073810518870700E+000  1.193494146383058E+000  1.004436711911970E+000
  1.900000000000000E+004  9.221460455456035E-001  4.076830513352779E+000  1.193545671528278E+000  1.005183856711640E+000
  1.920000000000000E+004  9.221495173035019E-001  4.079818674420008E+000  1.193596178409379E+000  1.005922553890551E+000
  1.940000000000000E+004  9.221529104739277E-001  4.082775663492674E+000  1.193645697300075E+000  1.006652985476055E+000
  1.960000000000000E+004  9.221562275971028E-001  4.085702121620447E+000  1.193694257277466E+000  1.007375327754866E+000
  1.980000000000000E+004  9.221594711068197E-001  4.088598670309725E+000  1.193741886280848E+000  1.008089751510227E+000
  2.000000000000000E+004  9.221626433359019E-001  4.091465912309370E+000  1.193788611167069E+000  1.008796422247004E+000
