! time                    visible_void_density    visible_void_diameter   
  0.000000000000000E+000  0.000000000000000E+000  0.000000000000000E+000
  1.000000000000001E-001  0.000000000000000E+000  0.000000000000000E+000
  2.000000000000001E-001  0.000000000000000E+000  0.000000000000000E+000
  3.000000000000002E-001  8.247123655282805E-071  0.000000000000000E+000
  4.000000000000003E-001  5.141103620189833E-065  0.000000000000000E+000
  5.000000000000003E-001  1.536992802190065E-060  0.000000000000000E+000
  6.000000000000004E-001  1.707256773534810E-056  0.000000000000000E+000
  7.000000000000005E-001 -2.431369914393905E-052  0.000000000000000E+000
  8.000000000000006E-001 -2.610404960237026E-049  0.000000000000000E+000
  9.000000000000007E-001 -6.467038766711411E-047  0.000000000000000E+000
  1.000000000000001E+000 -6.628075816870908E-045  0.000000000000000E+000
  1.100000000000001E+000 -3.611712504112033E-043  0.000000000000000E+000
  1.200000000000001E+000 -1.211736390073534E-041  0.000000000000000E+000
  1.300000000000001E+000 -2.760628549901553E-040  0.000000000000000E+000
  1.400000000000001E+000 -4.581520575610043E-039  0.000000000000000E+000
  1.500000000000001E+000 -2.865515540672446E-037  0.000000000000000E+000
  1.600000000000001E+000 -5.257201388454213E-036  0.000000000000000E+000
  1.700000000000001E+000 -5.842274101611362E-035  0.000000000000000E+000
  1.800000000000001E+000 -4.751876989852242E-034  0.000000000000000E+000
  1.900000000000001E+000 -3.088569195873532E-033  0.000000000000000E+000
  2.000000000000001E+000 -1.687712911134183E-032  0.000000000000000E+000
  2.100000000000001E+000 -8.014157444418370E-032  0.000000000000000E+000
  2.200000000000001E+000 -3.384955703234117E-031  0.000000000000000E+000
  2.300000000000000E+000 -1.293888436467923E-030  0.000000000000000E+000
  2.400000000000000E+000 -4.536152796508356E-030  0.000000000000000E+000
  2.500000000000000E+000 -1.474120623863664E-029  0.000000000000000E+000
  2.599999999999999E+000 -4.478972377948205E-029  0.000000000000000E+000
  2.699999999999999E+000 -1.281517126582278E-028  0.000000000000000E+000
  2.799999999999998E+000 -3.473572240399044E-028  0.000000000000000E+000
  2.899999999999998E+000 -8.965000275123547E-028  0.000000000000000E+000
  2.999999999999998E+000 -2.212846686578082E-027  0.000000000000000E+000
  3.099999999999997E+000 -5.243625218689508E-027  0.000000000000000E+000
  3.199999999999997E+000 -1.196838336946587E-026  0.000000000000000E+000
  3.299999999999997E+000 -2.638966753152398E-026  0.000000000000000E+000
  3.399999999999996E+000 -5.635758120550192E-026  0.000000000000000E+000
  3.499999999999996E+000 -1.168402984523118E-025  0.000000000000000E+000
  3.599999999999996E+000 -2.356411440896393E-025  0.000000000000000E+000
  3.699999999999995E+000 -4.631621644021340E-025  0.000000000000000E+000
  3.799999999999995E+000 -8.887202251925183E-025  0.000000000000000E+000
  3.899999999999995E+000 -1.667266369424549E-024  0.000000000000000E+000
  3.999999999999994E+000 -3.062320369301242E-024  0.000000000000000E+000
  4.099999999999994E+000 -5.513746711641294E-024  0.000000000000000E+000
  4.199999999999994E+000 -9.742975818462461E-024  0.000000000000000E+000
  4.299999999999994E+000 -1.854950888880036E-023  0.000000000000000E+000
  4.399999999999993E+000 -3.428268680014155E-023  0.000000000000000E+000
  4.499999999999993E+000 -6.169152994133242E-023  0.000000000000000E+000
  4.599999999999993E+000 -1.083600084747333E-022  0.000000000000000E+000
  4.699999999999992E+000 -1.861753149933746E-022  0.000000000000000E+000
  4.799999999999992E+000 -3.134519777715644E-022  0.000000000000000E+000
  4.899999999999991E+000 -5.179620464887671E-022  0.000000000000000E+000
  4.999999999999991E+000 -8.412018869105503E-022  0.000000000000000E+000
  5.099999999999991E+000 -1.344327580662291E-021  0.000000000000000E+000
  5.199999999999990E+000 -2.116317926830239E-021  0.000000000000000E+000
  5.299999999999990E+000 -3.285081627151194E-021  0.000000000000000E+000
  5.399999999999990E+000 -5.032419162710028E-021  0.000000000000000E+000
  5.499999999999989E+000 -7.613986661806661E-021  0.000000000000000E+000
  5.599999999999989E+000 -1.138569606080430E-020  0.000000000000000E+000
  5.699999999999989E+000 -1.683833128742977E-020  0.000000000000000E+000
  5.799999999999988E+000 -2.464257318091814E-020  0.000000000000000E+000
  5.899999999999988E+000 -3.570711649601704E-020  0.000000000000000E+000
  5.999999999999988E+000 -5.125314170420301E-020  0.000000000000000E+000
  6.099999999999987E+000 -7.290908451808421E-020  0.000000000000000E+000
  6.199999999999987E+000 -1.028304402873219E-019  0.000000000000000E+000
  6.299999999999986E+000 -1.438502628778490E-019  0.000000000000000E+000
  6.399999999999986E+000 -1.996670836589725E-019  0.000000000000000E+000
  6.499999999999986E+000 -2.750782021708487E-019  0.000000000000000E+000
  6.599999999999985E+000 -3.762677033825006E-019  0.000000000000000E+000
  6.699999999999985E+000 -5.111601556836948E-019  0.000000000000000E+000
  6.799999999999985E+000 -6.898527584116557E-019  0.000000000000000E+000
  6.899999999999984E+000 -9.251407583104046E-019  0.000000000000000E+000
  6.999999999999984E+000 -1.233153267070118E-018  0.000000000000000E+000
  7.099999999999984E+000 -1.634119181672105E-018  0.000000000000000E+000
  7.199999999999983E+000 -2.153285825967145E-018  0.000000000000000E+000
  7.299999999999983E+000 -2.822016132414152E-018  0.000000000000000E+000
  7.399999999999983E+000 -3.679093755583448E-018  0.000000000000000E+000
  7.499999999999982E+000 -4.772269453955126E-018  0.000000000000000E+000
  7.599999999999982E+000 -6.160086423313695E-018  0.000000000000000E+000
  7.699999999999982E+000 -7.914027039489086E-018  0.000000000000000E+000
  7.799999999999981E+000 -1.012102869635703E-017  0.000000000000000E+000
  7.899999999999981E+000 -1.288642213299334E-017  0.000000000000000E+000
  7.999999999999980E+000 -1.633735185771417E-017  0.000000000000000E+000
  8.099999999999980E+000 -2.062674502225179E-017  0.000000000000000E+000
  8.199999999999980E+000 -2.593790240197593E-017  0.000000000000000E+000
  8.299999999999979E+000 -3.248979302281953E-017  0.000000000000000E+000
  8.399999999999979E+000 -4.054314246667934E-017  0.000000000000000E+000
  8.499999999999979E+000 -5.040741400797151E-017  0.000000000000000E+000
  8.599999999999978E+000 -6.244879150717570E-017  0.000000000000000E+000
  8.699999999999978E+000 -7.709928343387733E-017  0.000000000000000E+000
  8.799999999999978E+000 -9.486707853197693E-017  0.000000000000000E+000
  8.899999999999977E+000 -1.163482954918546E-016  0.000000000000000E+000
  8.999999999999977E+000 -1.422402815751807E-016  0.000000000000000E+000
  9.099999999999977E+000 -1.733566284627850E-016  0.000000000000000E+000
  9.199999999999976E+000 -2.106440876775988E-016  0.000000000000000E+000
  9.299999999999976E+000 -2.552015827841415E-016  0.000000000000000E+000
  9.399999999999975E+000 -3.083015311920430E-016  0.000000000000000E+000
  9.499999999999975E+000 -3.714137048000157E-016  0.000000000000000E+000
  9.599999999999975E+000 -4.462318759123247E-016  0.000000000000000E+000
  9.699999999999974E+000 -5.347035128433283E-016  0.000000000000000E+000
  9.799999999999974E+000 -6.390628083954966E-016  0.000000000000000E+000
  9.899999999999974E+000 -7.618673439480384E-016  0.000000000000000E+000
  9.999999999999973E+000 -9.060387122194685E-016  0.000000000000000E+000
  1.009999999999997E+001 -1.074907442857735E-015  0.000000000000000E+000
  1.019999999999997E+001 -1.272262596852324E-015  0.000000000000000E+000
  1.029999999999997E+001 -1.502406418337397E-015  0.000000000000000E+000
  1.039999999999997E+001 -1.770214455643528E-015  0.000000000000000E+000
  1.049999999999997E+001 -2.081201587434761E-015  0.000000000000000E+000
  1.059999999999997E+001 -2.441594414411080E-015  0.000000000000000E+000
  1.079999999999997E+001 -3.425761887069966E-015  0.000000000000000E+000
  1.099999999999997E+001 -4.756347797984025E-015  0.000000000000000E+000
  1.119999999999997E+001 -6.538612445734330E-015  0.000000000000000E+000
  1.139999999999997E+001 -8.904959910158445E-015  0.000000000000000E+000
  1.159999999999997E+001 -1.202072042347550E-014  0.000000000000000E+000
  1.179999999999997E+001 -1.609090522107582E-014  0.000000000000000E+000
  1.199999999999997E+001 -2.136805199908633E-014  0.000000000000000E+000
  1.219999999999997E+001 -2.816128686366086E-014  0.000000000000000E+000
  1.239999999999996E+001 -3.684673617054793E-014  0.000000000000000E+000
  1.259999999999996E+001 -4.787942882957468E-014  0.000000000000000E+000
  1.279999999999996E+001 -6.180683639078600E-014  0.000000000000000E+000
  1.299999999999996E+001 -7.928420443964413E-014  0.000000000000000E+000
  1.319999999999996E+001 -1.010918344107615E-013  0.000000000000000E+000
  1.339999999999996E+001 -1.281544797872043E-013  0.000000000000000E+000
  1.359999999999996E+001 -1.615630246917077E-013  0.000000000000000E+000
  1.379999999999996E+001 -2.025986160064241E-013  0.000000000000000E+000
  1.399999999999996E+001 -2.527594222921689E-013  0.000000000000000E+000
  1.419999999999996E+001 -3.137901938342346E-013  0.000000000000000E+000
  1.439999999999996E+001 -3.877147980428299E-013  0.000000000000000E+000
  1.459999999999996E+001 -4.768719031112526E-013  0.000000000000000E+000
  1.479999999999996E+001 -5.839539802199907E-013  0.000000000000000E+000
  1.499999999999996E+001 -7.120497906133005E-013  0.000000000000000E+000
  1.519999999999995E+001 -8.646905185175690E-013  0.000000000000000E+000
  1.539999999999995E+001 -1.045899704077246E-012  0.000000000000000E+000
  1.559999999999995E+001 -1.260247122222354E-012  0.000000000000000E+000
  1.579999999999995E+001 -1.512906743628363E-012  0.000000000000000E+000
  1.599999999999995E+001 -1.809718902670631E-012  0.000000000000000E+000
  1.619999999999995E+001 -2.157256784506672E-012  0.000000000000000E+000
  1.639999999999995E+001 -2.562897329144931E-012  0.000000000000000E+000
  1.659999999999995E+001 -3.034896634591985E-012  0.000000000000000E+000
  1.679999999999995E+001 -3.582469923934177E-012  0.000000000000000E+000
  1.699999999999995E+001 -4.215876122536365E-012  0.000000000000000E+000
  1.719999999999995E+001 -4.946507071470413E-012  0.000000000000000E+000
  1.739999999999995E+001 -5.786981381868314E-012  0.000000000000000E+000
  1.759999999999995E+001 -6.751242912186578E-012  0.000000000000000E+000
  1.779999999999995E+001 -7.854663826434876E-012  0.000000000000000E+000
  1.799999999999995E+001 -9.114152166334989E-012  0.000000000000000E+000
  1.819999999999995E+001 -1.054826384421523E-011  0.000000000000000E+000
  1.839999999999995E+001 -1.217731893629603E-011  0.000000000000000E+000
  1.859999999999994E+001 -1.402352212797556E-011  0.000000000000000E+000
  1.879999999999994E+001 -1.611108713387707E-011  0.000000000000000E+000
  1.899999999999994E+001 -1.846636488587233E-011  0.000000000000000E+000
  1.919999999999994E+001 -2.111797525215505E-011  0.000000000000000E+000
  1.939999999999994E+001 -2.409694201981121E-011  0.000000000000000E+000
  1.959999999999994E+001 -2.743683084233344E-011  0.000000000000000E+000
  1.979999999999994E+001 -3.117388982226664E-011  0.000000000000000E+000
  1.999999999999994E+001 -3.534719236776791E-011  0.000000000000000E+000
  2.019999999999994E+001 -3.999878193043235E-011  0.000000000000000E+000
  2.039999999999994E+001 -4.517381820039421E-011  0.000000000000000E+000
  2.059999999999994E+001 -5.092072430357823E-011  0.000000000000000E+000
  2.079999999999994E+001 -5.729133451516275E-011  0.000000000000000E+000
  2.099999999999994E+001 -6.434104197294360E-011  0.000000000000000E+000
  2.119999999999994E+001 -7.212894584446485E-011  0.000000000000000E+000
  2.139999999999993E+001 -8.071799737262426E-011  0.000000000000000E+000
  2.159999999999993E+001 -9.017514419607372E-011  0.000000000000000E+000
  2.179999999999993E+001 -1.005714723132260E-010  0.000000000000000E+000
  2.199999999999993E+001 -1.119823450321485E-010  0.000000000000000E+000
  2.219999999999993E+001 -1.244875382231724E-010  0.000000000000000E+000
  2.239999999999993E+001 -1.381713711667655E-010  0.000000000000000E+000
  2.259999999999993E+001 -1.531228322661958E-010  0.000000000000000E+000
  2.279999999999993E+001 -1.694356988728406E-010  0.000000000000000E+000
  2.299999999999993E+001 -1.872086504517461E-010  0.000000000000000E+000
  2.319999999999993E+001 -2.065453742962919E-010  0.000000000000000E+000
  2.339999999999993E+001 -2.275546629836358E-010  0.000000000000000E+000
  2.359999999999993E+001 -2.503505027470608E-010  0.000000000000000E+000
  2.379999999999993E+001 -2.750521519274841E-010  0.000000000000000E+000
  2.399999999999993E+001 -3.017842086542681E-010  0.000000000000000E+000
  2.419999999999992E+001 -3.306766668951289E-010  0.000000000000000E+000
  2.439999999999992E+001 -3.618649600064301E-010  0.000000000000000E+000
  2.459999999999992E+001 -3.954899909084874E-010  0.000000000000000E+000
  2.479999999999992E+001 -4.316981480057400E-010  0.000000000000000E+000
  2.499999999999992E+001 -4.706413059687772E-010  0.000000000000000E+000
  2.549999999999992E+001 -5.878492143474001E-010  0.000000000000000E+000
  2.599999999999992E+001 -7.277535414957531E-010  0.000000000000000E+000
  2.649999999999992E+001 -8.933938661255797E-010  0.000000000000000E+000
  2.699999999999992E+001 -1.087980136055631E-009  0.000000000000000E+000
  2.749999999999992E+001 -1.314863250328579E-009  0.000000000000000E+000
  2.799999999999992E+001 -1.577498335860940E-009  0.000000000000000E+000
  2.849999999999992E+001 -1.879400271700448E-009  0.000000000000000E+000
  2.899999999999992E+001 -2.224091112274456E-009  0.000000000000000E+000
  2.949999999999992E+001 -2.615039131802396E-009  0.000000000000000E+000
  2.999999999999992E+001 -3.055589278916862E-009  0.000000000000000E+000
  3.049999999999992E+001 -3.548884898389451E-009  0.000000000000000E+000
  3.099999999999992E+001 -4.097780646262881E-009  0.000000000000000E+000
  3.149999999999992E+001 -4.704746595119243E-009  0.000000000000000E+000
  3.199999999999992E+001 -5.371763596869127E-009  0.000000000000000E+000
  3.249999999999992E+001 -6.100210040505777E-009  0.000000000000000E+000
  3.299999999999992E+001 -6.890740210957526E-009  0.000000000000000E+000
  3.349999999999992E+001 -7.743154521783322E-009  0.000000000000000E+000
  3.399999999999992E+001 -8.656261958357877E-009  0.000000000000000E+000
  3.449999999999992E+001 -9.627735128827053E-009  0.000000000000000E+000
  3.499999999999992E+001 -1.065395837699775E-008  0.000000000000000E+000
  3.549999999999992E+001 -1.172986946405057E-008  0.000000000000000E+000
  3.599999999999992E+001 -1.284879537418935E-008  0.000000000000000E+000
  3.649999999999992E+001 -1.400228284280059E-008  0.000000000000000E+000
  3.699999999999992E+001 -1.517992424418517E-008  0.000000000000000E+000
  3.749999999999992E+001 -1.636917950930408E-008  0.000000000000000E+000
  3.799999999999992E+001 -1.755519477216896E-008  0.000000000000000E+000
  3.849999999999992E+001 -1.872061846648084E-008  0.000000000000000E+000
  3.899999999999992E+001 -1.984541561190225E-008  0.000000000000000E+000
  3.949999999999992E+001 -2.090668104200989E-008  0.000000000000000E+000
  3.999999999999992E+001 -2.187845233363079E-008  0.000000000000000E+000
  4.049999999999992E+001 -2.273152320006484E-008  0.000000000000000E+000
  4.099999999999992E+001 -2.343325810882484E-008  0.000000000000000E+000
  4.149999999999992E+001 -2.394740887819096E-008  0.000000000000000E+000
  4.199999999999992E+001 -2.423393399631833E-008  0.000000000000000E+000
  4.249999999999992E+001 -2.424882139210662E-008  0.000000000000000E+000
  4.299999999999992E+001 -2.394391536881076E-008  0.000000000000000E+000
  4.349999999999992E+001 -2.326674838972586E-008  0.000000000000000E+000
  4.399999999999992E+001 -2.216037838050633E-008  0.000000000000000E+000
  4.449999999999992E+001 -2.056323218507737E-008  0.000000000000000E+000
  4.499999999999992E+001 -1.840895578196364E-008  1.028640009313333E+000
  4.549999999999992E+001 -1.562627183549429E-008  1.024687716070730E+000
  4.599999999999992E+001 -1.213884512203939E-008  1.017579472875805E+000
  4.649999999999992E+001 -7.865156335481930E-009  1.000853005663561E+000
  4.699999999999992E+001 -2.718384738813246E-009  9.124988815345560E-001
  4.749999999999992E+001  3.393699909666626E-009  1.154435909276957E+000
  4.799999999999992E+001  1.056883576629522E-008  1.080996310926899E+000
  4.899999999999992E+001  3.009608090931799E-008  1.057824135271239E+000
  4.999999999999992E+001  5.579043414611909E-008  1.051709216656102E+000
  5.099999999999992E+001  8.873956016009685E-008  1.048833253526101E+000
  5.199999999999992E+001  1.301288144991766E-007  1.047131540786045E+000
  5.299999999999992E+001  1.812406931106175E-007  1.045987545238463E+000
  5.399999999999992E+001  2.434535191886608E-007  1.045152611230841E+000
  5.499999999999992E+001  3.182393764148849E-007  1.044507166364142E+000
  5.599999999999992E+001  4.071613138903326E-007  1.043986562222730E+000
  5.699999999999992E+001  5.118698570281550E-007  1.043552773687223E+000
  5.799999999999992E+001  6.340988653284157E-007  1.043181963428594E+000
  5.899999999999992E+001  7.756607831872858E-007  1.042858421846868E+000
  5.999999999999992E+001  9.384413339591847E-007  1.042571369232474E+000
  6.099999999999992E+001  1.124393710525526E-006  1.042313158027123E+000
  6.199999999999992E+001  1.335532317728446E-006  1.042078208617201E+000
  6.299999999999992E+001  1.573926123291716E-006  1.041862351678949E+000
  6.399999999999992E+001  1.841691674358067E-006  1.041662406702457E+000
  6.499999999999991E+001  2.140985836603408E-006  1.041475903311897E+000
  6.599999999999991E+001  2.473998312122025E-006  1.041300891941917E+000
  6.699999999999991E+001  2.842943990988433E-006  1.041135812127822E+000
  6.799999999999991E+001  3.250055189663614E-006  1.040979398932602E+000
  6.899999999999991E+001  3.697573827294887E-006  1.040830615213059E+000
  6.999999999999991E+001  4.187743588524993E-006  1.040688601760509E+000
  7.099999999999991E+001  4.722802118737945E-006  1.040552640039484E+000
  7.199999999999991E+001  5.304973294783555E-006  1.040422123956484E+000
  7.299999999999991E+001  5.936459611191109E-006  1.040296538201230E+000
  7.399999999999991E+001  6.619434718752743E-006  1.040175441438981E+000
  7.499999999999991E+001  7.356036149171291E-006  1.040058453129474E+000
  7.599999999999991E+001  8.148358256263533E-006  1.039945243089214E+000
  7.699999999999991E+001  8.998445401021562E-006  1.039835523151619E+000
  7.799999999999991E+001  9.908285404691404E-006  1.039729040447650E+000
  7.899999999999991E+001  1.087980329095429E-005  1.039625571949896E+000
  7.999999999999991E+001  1.191485533531337E-005  1.039524920010408E+000
  8.099999999999991E+001  1.301522343691467E-005  1.039426908686458E+000
  8.199999999999991E+001  1.418260982528055E-005  1.039331380695871E+000
  8.299999999999991E+001  1.541863211181770E-005  1.039238194878933E+000
  8.399999999999991E+001  1.672481869348893E-005  1.039147224070705E+000
  8.499999999999991E+001  1.810260451371445E-005  1.039058353307908E+000
  8.599999999999991E+001  1.955332718339830E-005  1.038971478310185E+000
  8.799999999999991E+001  2.275846811265334E-005  1.038792266092739E+000
  8.999999999999991E+001  2.627470211026082E-005  1.038621738383590E+000
  9.199999999999991E+001  3.010753995445948E-005  1.038459075208312E+000
  9.399999999999991E+001  3.426055406779953E-005  1.038303590495792E+000
  9.599999999999991E+001  3.873536345333442E-005  1.038154704377002E+000
  9.799999999999991E+001  4.353163933652767E-005  1.038011922249541E+000
  9.999999999999991E+001  4.864712891638269E-005  1.037874818725646E+000
  1.019999999999999E+002  5.407769518531455E-005  1.037743025170332E+000
  1.039999999999999E+002  5.981737084308272E-005  1.037616219923585E+000
  1.059999999999999E+002  6.585842439215764E-005  1.037494120556480E+000
  1.079999999999999E+002  7.219143658125592E-005  1.037376477685917E+000
  1.099999999999999E+002  7.880538545842779E-005  1.037263069995437E+000
  1.119999999999999E+002  8.568773840151916E-005  1.037153700197520E+000
  1.139999999999999E+002  9.282454960856706E-005  1.037048191736848E+000
  1.159999999999999E+002  1.002005616505183E-004  1.036946386081316E+000
  1.179999999999999E+002  1.077993098107673E-004  1.036848140482793E+000
  1.199999999999999E+002  1.156032280579953E-004  1.036753326116165E+000
  1.219999999999999E+002  1.235937556186850E-004  1.036661826525287E+000
  1.239999999999999E+002  1.317514432319092E-004  1.036573536319793E+000
  1.259999999999999E+002  1.400560582803206E-004  1.036488360078571E+000
  1.279999999999999E+002  1.484866880968102E-004  1.036406211424763E+000
  1.299999999999999E+002  1.570218408454111E-004  1.036327012244354E+000
  1.319999999999999E+002  1.656395434673169E-004  1.036250692025932E+000
  1.339999999999999E+002  1.743174362681435E-004  1.036177187303653E+000
  1.359999999999999E+002  1.830328638007427E-004  1.036106441188952E+000
  1.379999999999999E+002  1.917629617690618E-004  1.036038402979354E+000
  1.399999999999999E+002  2.004847397428996E-004  1.035973027835034E+000
  1.419999999999999E+002  2.091751595311959E-004  1.035910276515658E+000
  1.439999999999999E+002  2.178112091130220E-004  1.035850115171558E+000
  1.459999999999999E+002  2.263699720710473E-004  1.035792515184633E+000
  1.479999999999999E+002  2.348286925123285E-004  1.035737453055458E+000
  1.499999999999999E+002  2.431648354961816E-004  1.035684910334067E+000
  1.549999999999999E+002  2.628688488943601E-004  1.035565152682444E+000
  1.599999999999999E+002  2.811003030952181E-004  1.035463923324613E+000
  1.649999999999999E+002  2.975462281321260E-004  1.035381095543009E+000
  1.699999999999999E+002  3.119191286535451E-004  1.035316879277827E+000
  1.749999999999999E+002  3.239584824618327E-004  1.035271847858442E+000
  1.799999999999999E+002  3.334315321489998E-004  1.035246990102318E+000
  1.849999999999999E+002  3.401334893939333E-004  1.035243794353312E+000
  1.899999999999999E+002  3.438872611790194E-004  1.035264376068163E+000
  1.949999999999999E+002  3.445427949508270E-004  1.035311668261206E+000
  1.999999999999999E+002  3.419761274473676E-004  1.035389706790507E+000
  2.049999999999999E+002  3.360882101146286E-004  1.035504064424999E+000
  2.099999999999999E+002  3.268035730673846E-004  1.035662527440315E+000
  2.149999999999999E+002  3.140688795859310E-004  1.035876184141826E+000
  2.199999999999999E+002  2.978514142478866E-004  1.036161246262177E+000
  2.249999999999999E+002  2.781375399699360E-004  1.036542247026956E+000
  2.299999999999999E+002  2.549311524321443E-004  1.037058000017364E+000
  2.349999999999999E+002  2.282521545054798E-004  1.037773561448655E+000
  2.399999999999999E+002  1.981349683162520E-004  1.038806670106318E+000
  2.449999999999999E+002  1.646270983691755E-004  1.040394264888542E+000
  2.499999999999999E+002  1.277877556239722E-004  1.043093900855617E+000
  2.549999999999999E+002  8.768654949304225E-005  1.048602177147461E+000
  2.599999999999999E+002  4.440225231992389E-005  1.065695589781413E+000
  2.649999999999999E+002 -1.978361062806702E-006  2.542872998199727E-001
  2.699999999999999E+002 -5.136159767728884E-005  1.001181997185261E+000
  2.749999999999999E+002 -1.036478548833302E-004  1.016286454109686E+000
  2.799999999999999E+002 -1.587325542222607E-004  1.021443158108906E+000
  2.849999999999999E+002 -2.165070025996514E-004  1.024038967613396E+000
  2.899999999999999E+002 -2.768591833516367E-004  1.025599648865102E+000
  2.949999999999999E+002 -3.396744801498628E-004  1.026640688602581E+000
  2.999999999999999E+002 -4.048363369820619E-004  1.027384687866580E+000
  3.049999999999999E+002 -4.722268576228736E-004  1.027943477351672E+000
  3.099999999999999E+002 -5.417273481030477E-004  1.028379377642905E+000
  3.149999999999999E+002 -6.132188057115924E-004  1.028729854505937E+000
  3.199999999999999E+002 -6.865823580390416E-004  1.029018776054185E+000
  3.249999999999999E+002 -7.616996555026730E-004  1.029262060536106E+000
  3.299999999999999E+002 -8.384532206960638E-004  1.029470725611357E+000
  3.349999999999999E+002 -9.167267577839146E-004  1.029652634554363E+000
  3.399999999999999E+002 -9.964054250252731E-004  1.029813545821888E+000
  3.449999999999999E+002 -1.077376073359522E-003  1.029957769983788E+000
  3.499999999999999E+002 -1.159527453834143E-003  1.030088595304190E+000
  3.549999999999999E+002 -1.242750396494821E-003  1.030208571740853E+000
  3.599999999999999E+002 -1.326937963199647E-003  1.030319705415148E+000
  3.649999999999999E+002 -1.411985576662230E-003  1.030423594826679E+000
  3.699999999999999E+002 -1.497791127875027E-003  1.030521528195754E+000
  3.749999999999999E+002 -1.584255063915450E-003  1.030614554281430E+000
  3.799999999999999E+002 -1.671280457994190E-003  1.030703534735433E+000
  3.849999999999999E+002 -1.758773063468346E-003  1.030789183369976E+000
  3.899999999999999E+002 -1.846641353411818E-003  1.030872095999148E+000
  3.949999999999999E+002 -1.934796547212144E-003  1.030952773389161E+000
  3.999999999999999E+002 -2.023152625546794E-003  1.031031639102592E+000
  4.049999999999999E+002 -2.111626334982654E-003  1.031109053512329E+000
  4.099999999999999E+002 -2.200137183340140E-003  1.031185324909447E+000
  4.149999999999999E+002 -2.288607426867716E-003  1.031260718383042E+000
  4.199999999999999E+002 -2.376962050183509E-003  1.031335462975214E+000
  4.249999999999999E+002 -2.465128739857757E-003  1.031409757488740E+000
  4.299999999999999E+002 -2.553037852432953E-003  1.031483775233477E+000
  4.399999999999999E+002 -2.727281383312128E-003  1.031636720105246E+000
  4.499999999999999E+002 -2.899460678267205E-003  1.031790118798188E+000
  4.599999999999999E+002 -3.069127017733874E-003  1.031944767401072E+000
  4.699999999999999E+002 -3.235870468228370E-003  1.032101298352234E+000
  4.799999999999999E+002 -3.399317874478472E-003  1.032260222606331E+000
  4.899999999999999E+002 -3.559130833466871E-003  1.032421960248200E+000
  4.999999999999999E+002 -3.715003678628447E-003  1.032586863076009E+000
  5.099999999999999E+002 -3.866661496204109E-003  1.032755231508038E+000
  5.199999999999999E+002 -4.013858190494317E-003  1.032927327417275E+000
  5.299999999999999E+002 -4.156374610451418E-003  1.033103384006135E+000
  5.399999999999999E+002 -4.294016746548215E-003  1.033283613504961E+000
  5.499999999999999E+002 -4.426614004028251E-003  1.033468213254729E+000
  5.599999999999999E+002 -4.554017556368389E-003  1.033657370580170E+000
  5.699999999999999E+002 -4.676098780970588E-003  1.033851266751801E+000
  5.799999999999999E+002 -4.792747777667048E-003  1.034050080258778E+000
  5.899999999999999E+002 -4.903871969503429E-003  1.034253989559783E+000
  5.999999999999999E+002 -5.009394784402253E-003  1.034463175439394E+000
  6.099999999999999E+002 -5.109254415655955E-003  1.034677823068384E+000
  6.199999999999999E+002 -5.203402658716842E-003  1.034898123845100E+000
  6.299999999999999E+002 -5.291803821407580E-003  1.035124277079200E+000
  6.399999999999999E+002 -5.374433704443342E-003  1.035356491567409E+000
  6.499999999999999E+002 -5.451278649013459E-003  1.035594987102202E+000
  6.599999999999999E+002 -5.522334648098155E-003  1.035839995947973E+000
  6.699999999999999E+002 -5.587606518179325E-003  1.036091764314611E+000
  6.799999999999999E+002 -5.647107128031347E-003  1.036350553855121E+000
  6.899999999999999E+002 -5.700856681338352E-003  1.036616643211754E+000
  6.999999999999999E+002 -5.748882049969894E-003  1.036890329633836E+000
  7.099999999999999E+002 -5.791216154851181E-003  1.037171930689935E+000
  7.199999999999999E+002 -5.827897391481167E-003  1.037461786097154E+000
  7.299999999999999E+002 -5.858969097277946E-003  1.037760259691061E+000
  7.399999999999999E+002 -5.884479058062072E-003  1.038067741561118E+000
  7.499999999999999E+002 -5.904479051122444E-003  1.038384650378329E+000
  7.599999999999999E+002 -5.919024422443526E-003  1.038711435944361E+000
  7.699999999999999E+002 -5.928173695805717E-003  1.039048581994531E+000
  7.799999999999999E+002 -5.931988211600975E-003  1.039396609290901E+000
  7.899999999999999E+002 -5.930531793332603E-003  1.039756079046430E+000
  7.999999999999999E+002 -5.923870439890656E-003  1.040127596726652E+000
  8.199999999999999E+002 -5.890043555139965E-003  1.040921115323262E+000
  8.399999999999999E+002 -5.836309066276848E-003  0.000000000000000E+000
  8.599999999999999E+002 -5.763276921999599E-003  0.000000000000000E+000
  8.799999999999999E+002 -5.671564798619941E-003  0.000000000000000E+000
  8.999999999999999E+002 -5.561793393621784E-003  0.000000000000000E+000
  9.199999999999999E+002 -5.434582515598773E-003  0.000000000000000E+000
  9.399999999999999E+002 -5.290547854095340E-003  0.000000000000000E+000
  9.599999999999999E+002 -5.130298329334143E-003  0.000000000000000E+000
  9.799999999999999E+002 -4.954433935991697E-003  0.000000000000000E+000
  9.999999999999999E+002 -4.763544007385915E-003  0.000000000000000E+000
  1.020000000000000E+003 -4.558205836928841E-003  0.000000000000000E+000
  1.040000000000000E+003 -4.338983602709517E-003  0.000000000000000E+000
  1.060000000000000E+003 -4.106427548809789E-003  0.000000000000000E+000
  1.080000000000000E+003 -3.861073383598215E-003  0.000000000000000E+000
  1.100000000000000E+003 -3.603441860948053E-003  0.000000000000000E+000
  1.120000000000000E+003 -3.334038515217794E-003  0.000000000000000E+000
  1.140000000000000E+003 -3.053353525031559E-003  0.000000000000000E+000
  1.160000000000000E+003 -2.761861684500381E-003  0.000000000000000E+000
  1.180000000000000E+003 -2.460022463618744E-003  0.000000000000000E+000
  1.200000000000000E+003 -2.148280142226282E-003  0.000000000000000E+000
  1.220000000000000E+003 -1.827064004204501E-003  0.000000000000000E+000
  1.240000000000000E+003 -1.496788580536195E-003  1.131727087211648E+000
  1.260000000000000E+003 -1.157853931536491E-003  1.164488627852537E+000
  1.280000000000000E+003 -8.106459600083962E-004  1.226225133194998E+000
  1.300000000000000E+003 -4.555367483158367E-004  1.386313209012735E+000
  1.320000000000000E+003 -9.288491343222167E-005  2.811230226546638E+000
  1.340000000000000E+003  2.769640250628240E-004  4.217131167730667E-001
  1.360000000000000E+003  6.536772682806248E-004  7.678155919354575E-001
  1.380000000000000E+003  1.036934356182483E-003  8.620254770703522E-001
  1.400000000000000E+003  1.426426783590124E-003  9.060150866663161E-001
  1.450000000000000E+003  2.435321057226752E-003  9.549496673267112E-001
  1.500000000000000E+003  3.475160991521045E-003  9.759321320199336E-001
  1.550000000000000E+003  4.542132557900624E-003  9.876824098037392E-001
  1.600000000000000E+003  5.632787227508992E-003  9.952539503994250E-001
  1.650000000000000E+003  6.744007157348789E-003  1.000580344131522E+000
  1.700000000000000E+003  7.872973433325457E-003  1.004561050716964E+000
  1.750000000000000E+003  9.017137228240834E-003  1.007671216273386E+000
  1.800000000000000E+003  1.017419368966162E-002  1.010185492118420E+000
  1.850000000000000E+003  1.134205835230568E-002  1.012273701230245E+000
  1.900000000000000E+003  1.251884586406835E-002  1.014046500371547E+000
  1.950000000000000E+003  1.370285081857673E-002  1.015579087316842E+000
  2.000000000000000E+003  1.489253049652845E-002  1.016924354927834E+000
  2.050000000000000E+003  1.608648933057843E-002  1.018120594106537E+000
  2.100000000000000E+003  1.728346492255652E-002  1.019196210784275E+000
  2.150000000000000E+003  1.848231545627117E-002  1.020172725353471E+000
  2.200000000000000E+003  1.968200836341069E-002  1.021066742407554E+000
  2.250000000000000E+003  2.088161011368513E-002  1.021891280858851E+000
  2.300000000000000E+003  2.208027701312837E-002  1.022656694301105E+000
  2.350000000000000E+003  2.327724690628646E-002  1.023371321685491E+000
  2.400000000000000E+003  2.447183168881916E-002  1.024041956207969E+000
  2.450000000000000E+003  2.566341054684722E-002  1.024674189022887E+000
  2.500000000000000E+003  2.685142384823136E-002  1.025272665106403E+000
  2.550000000000000E+003  2.803536761892847E-002  1.025841276394815E+000
  2.600000000000000E+003  2.921478854470441E-002  1.026383309433424E+000
  2.650000000000000E+003  3.038927944486144E-002  1.026901559563710E+000
  2.700000000000000E+003  3.155847517033227E-002  1.027398420174581E+000
  2.800000000000000E+003  3.387281004870556E-002  1.028351392671378E+000
  2.900000000000000E+003  3.616113768961891E-002  1.029237915543914E+000
  3.000000000000000E+003  3.842193793482578E-002  1.030068731327280E+000
  3.100000000000000E+003  4.065404839914273E-002  1.030852201834265E+000
  3.200000000000000E+003  4.285660434374289E-002  1.031594943981253E+000
  3.300000000000000E+003  4.502898878591419E-002  1.032302271305362E+000
  3.400000000000000E+003  4.717079098873134E-002  1.032978507178229E+000
  3.500000000000000E+003  4.928177183524296E-002  1.033627211273271E+000
  3.600000000000000E+003  5.136183487788165E-002  1.034251346132951E+000
  3.700000000000000E+003  5.341100208140415E-002  1.034853401583078E+000
  3.800000000000000E+003  5.542939345946125E-002  1.035435488971158E+000
  3.900000000000000E+003  5.741720995068444E-002  1.035999413464490E+000
  4.000000000000000E+003  5.937471899754016E-002  1.036546730168203E+000
  4.100000000000000E+003  6.130224238604645E-002  1.037078788155089E+000
  4.200000000000000E+003  6.320014598136944E-002  1.037596765355712E+000
  4.300000000000000E+003  6.506883105692819E-002  1.038101696461358E+000
  4.400000000000000E+003  6.690872696577339E-002  1.038594495430539E+000
  4.500000000000000E+003  6.872028494490909E-002  1.039075973787841E+000
  4.600000000000000E+003  7.050397287767450E-002  1.039546855612799E+000
  4.700000000000000E+003  7.226027086770818E-002  1.040007789903374E+000
  4.800000000000000E+003  7.398966750150973E-002  1.040459360840787E+000
  4.900000000000000E+003  7.569265669610013E-002  1.040902096364538E+000
  5.000000000000000E+003  7.736973504448603E-002  1.041336475377455E+000
  5.100000000000000E+003  7.902139958514875E-002  1.041762933832865E+000
  5.200000000000000E+003  8.064814593307523E-002  1.042181869904049E+000
  5.300000000000000E+003  8.225046671931797E-002  1.042593648395899E+000
  5.400000000000000E+003  8.382885029402187E-002  1.042998604527454E+000
  5.500000000000000E+003  8.538377965455497E-002  1.043397047189382E+000
  5.600000000000000E+003  8.691573156602792E-002  1.043789261761109E+000
  5.700000000000000E+003  8.842517584626387E-002  1.044175512556921E+000
  5.800000000000000E+003  8.991257479132853E-002  1.044556044958001E+000
  5.900000000000000E+003  9.137838272116287E-002  1.044931087277525E+000
  6.000000000000000E+003  9.282304562778292E-002  1.045300852397933E+000
  6.100000000000000E+003  9.424700091099868E-002  1.045665539212973E+000
  6.200000000000000E+003  9.565067718872486E-002  1.046025333901884E+000
  6.300000000000000E+003  9.703449417077352E-002  1.046380411058657E+000
  6.400000000000000E+003  9.839886258656622E-002  1.046730934695827E+000
  6.600000000000000E+003  1.010518436851334E-001  1.047423741195691E+000
  6.800000000000000E+003  1.036322051435810E-001  1.048099515819435E+000
  7.000000000000000E+003  1.061429316703898E-001  1.048759333674157E+000
  7.200000000000000E+003  1.085868617627692E-001  1.049404157876142E+000
  7.400000000000000E+003  1.109666935250502E-001  1.050034855518290E+000
  7.600000000000000E+003  1.132849908460734E-001  1.050652210815065E+000
  7.800000000000000E+003  1.155441897356921E-001  1.051256936009211E+000
  8.000000000000000E+003  1.177466046763750E-001  1.051849680487718E+000
  8.200000000000000E+003  1.198944348875365E-001  1.052431038453198E+000
  8.400000000000000E+003  1.219897704312480E-001  1.053001555420835E+000
  8.600000000000000E+003  1.240345981110884E-001  1.053561733753613E+000
  8.800000000000000E+003  1.260308071330511E-001  1.054112037404606E+000
  9.000000000000000E+003  1.279801945101152E-001  1.054652896001280E+000
  9.200000000000000E+003  1.298844702014221E-001  1.055184708380501E+000
  9.400000000000000E+003  1.317452619837977E-001  1.055707845662345E+000
  9.600000000000000E+003  1.335641200582507E-001  1.056222653934613E+000
  9.800000000000000E+003  1.353425213975321E-001  1.056729456607026E+000
  1.000000000000000E+004  1.370818738432143E-001  1.057228556483845E+000
  1.020000000000000E+004  1.387835199623102E-001  1.057720237595306E+000
  1.040000000000000E+004  1.404487406744153E-001  1.058204766821622E+000
  1.060000000000000E+004  1.420787586608593E-001  1.058682395337802E+000
  1.080000000000000E+004  1.436747415675407E-001  1.059153359903115E+000
  1.100000000000000E+004  1.452378050130524E-001  1.059617884015341E+000
  1.120000000000000E+004  1.467690154134793E-001  1.060076178946910E+000
  1.140000000000000E+004  1.482693926348954E-001  1.060528444677548E+000
  1.160000000000000E+004  1.497399124841608E-001  1.060974870735917E+000
  1.180000000000000E+004  1.511815090481345E-001  1.061415636960992E+000
  1.200000000000000E+004  1.525950768909126E-001  1.061850914192452E+000
  1.220000000000000E+004  1.539814731181778E-001  1.062280864898098E+000
  1.240000000000000E+004  1.553415193172244E-001  1.062705643745256E+000
  1.260000000000000E+004  1.566760033807106E-001  1.063125398122243E+000
  1.280000000000000E+004  1.579856812216909E-001  1.063540268615182E+000
  1.300000000000000E+004  1.592712783869992E-001  1.063950389444804E+000
  1.320000000000000E+004  1.605334915755973E-001  1.064355888867328E+000
  1.340000000000000E+004  1.617729900680671E-001  1.064756889542999E+000
  1.360000000000000E+004  1.629904170730098E-001  1.065153508875449E+000
  1.380000000000000E+004  1.641863909957322E-001  1.065545859324706E+000
  1.400000000000000E+004  1.653615066342317E-001  1.065934048696319E+000
  1.420000000000000E+004  1.665163363071533E-001  1.066318180408833E+000
  1.440000000000000E+004  1.676514309180686E-001  1.066698353741568E+000
  1.460000000000000E+004  1.687673209601344E-001  1.067074664064489E+000
  1.480000000000000E+004  1.698645174649056E-001  1.067447203051717E+000
  1.500000000000000E+004  1.709435128988219E-001  1.067816058880113E+000
  1.520000000000000E+004  1.720047820106449E-001  1.068181316414207E+000
  1.540000000000000E+004  1.730487826329008E-001  1.068543057378600E+000
  1.560000000000000E+004  1.740759564401724E-001  1.068901360518890E+000
  1.580000000000000E+004  1.750867296668963E-001  1.069256301752036E+000
  1.600000000000000E+004  1.760815137871352E-001  1.069607954307014E+000
  1.620000000000000E+004  1.770607061586340E-001  1.069956388856524E+000
  1.640000000000000E+004  1.780246906333112E-001  1.070301673640440E+000
  1.660000000000000E+004  1.789738381361935E-001  1.070643874581639E+000
  1.680000000000000E+004  1.799085072146687E-001  1.070983055394774E+000
  1.700000000000000E+004  1.808290445598076E-001  1.071319277688518E+000
  1.720000000000000E+004  1.817357855013912E-001  1.071652601061754E+000
  1.740000000000000E+004  1.826290544781712E-001  1.071983083194158E+000
  1.760000000000000E+004  1.835091654847947E-001  1.072310779931550E+000
  1.780000000000000E+004  1.843764224967288E-001  1.072635745366406E+000
  1.800000000000000E+004  1.852311198744380E-001  1.072958031913850E+000
  1.820000000000000E+004  1.860735427479847E-001  1.073277690383435E+000
  1.840000000000000E+004  1.869039673831504E-001  1.073594770047010E+000
  1.860000000000000E+004  1.877226615301065E-001  1.073909318702910E+000
  1.880000000000000E+004  1.885298847555971E-001  1.074221382736732E+000
  1.900000000000000E+004  1.893258887595386E-001  1.074531007178916E+000
  1.920000000000000E+004  1.901109176768838E-001  1.074838235759317E+000
  1.940000000000000E+004  1.908852083655458E-001  1.075143110958983E+000
  1.960000000000000E+004  1.916489906811316E-001  1.075445674059295E+000
  1.980000000000000E+004  1.924024877391825E-001  1.075745965188646E+000
  2.000000000000000E+004  1.931459161655874E-001  1.076044023366796E+000
