! time                    int_density             frank_density           perfect_density         vac_density             faulted_density         void_density            
  0.000000000000000E+000  0.000000000000000E+000  0.000000000000000E+000  0.000000000000000E+000  2.140585232712487E-007  0.000000000000000E+000  7.845742504312415E-005
  0.000000000000000E+000  0.000000000000000E+000  0.000000000000000E+000  0.000000000000000E+000  2.140585232712487E-007  0.000000000000000E+000  7.845742504312415E-005
  1.000000000000000E-001  3.261082157447529E-007  6.730586211115460E-004  2.215552761978264E-007  3.451012532606493E-002  4.450714788162317E-004  7.845744374351129E-005
  2.000000000000001E-001  3.206491598574000E-007  1.313877536825181E-003  2.183760102591344E-007  4.619685126403838E-002  8.851816328190439E-004  7.845745013690567E-005
  3.000000000000002E-001  3.187238731472965E-007  1.920908074476279E-003  2.166889613192283E-007  5.027647746060843E-002  1.319979450013578E-003  7.845745243440999E-005
  4.000000000000002E-001  3.178958252980156E-007  2.499245593419445E-003  2.155327308744744E-007  5.169288274397044E-002  1.749336427161307E-003  7.845745330075263E-005
  5.000000000000003E-001  3.174135801626500E-007  3.053411975790509E-003  2.145860372055434E-007  5.213550548858351E-002  2.173258353195319E-003  7.845745364504187E-005
  6.000000000000004E-001  3.170314044434010E-007  3.583601932684794E-003  2.137404879829471E-007  5.219012767130581E-002  2.590890427579630E-003  7.845745378173822E-005
  7.000000000000005E-001  3.166583027121773E-007  4.095342003699184E-003  2.129416148188887E-007  5.212495539082641E-002  3.003083080877698E-003  7.845745385398008E-005
  8.000000000000006E-001  3.162726139024308E-007  4.590317979266816E-003  2.121746235481274E-007  5.201100539085147E-002  3.409903956694947E-003  7.845745389904098E-005
  9.000000000000007E-001  3.158679607595333E-007  5.069961630234389E-003  2.114323961721142E-007  5.187854634716527E-002  3.811447133224799E-003  7.845745393246197E-005
  1.000000000000001E+000  3.154438158371293E-007  5.535516788798822E-003  2.107111694851799E-007  5.174033949683032E-002  4.207825885819174E-003  7.845745396053770E-005
  1.100000000000001E+000  3.150017292437149E-007  5.988081494085138E-003  2.100086780057259E-007  5.160165247540864E-002  4.599166763057141E-003  7.845745398568551E-005
  1.200000000000001E+000  3.145406104999339E-007  6.425937724333475E-003  2.093261494204704E-007  5.146507551119808E-002  4.984428477828161E-003  7.845745400837636E-005
  1.300000000000001E+000  3.140667274313792E-007  6.853027489722600E-003  2.086591963189107E-007  5.133082931238016E-002  5.364995258811926E-003  7.845745402914266E-005
  1.400000000000001E+000  3.135819657256476E-007  7.270095787747223E-003  2.080068549869027E-007  5.119902873934477E-002  5.741008602290846E-003  7.845745404799640E-005
  1.500000000000001E+000  3.130880131522307E-007  7.677819434139034E-003  2.073682689335479E-007  5.106963805155594E-002  6.112608634650704E-003  7.845745406491942E-005
  1.600000000000001E+000  3.125863667590510E-007  8.076814432309641E-003  2.067426651331475E-007  5.094255950211452E-002  6.479932992492681E-003  7.845745407989807E-005
  1.700000000000001E+000  3.120783490085934E-007  8.467642321131435E-003  2.061293395460824E-007  5.081767464397484E-002  6.843116020136534E-003  7.845745409293483E-005
  1.800000000000001E+000  3.115651260010829E-007  8.850815720171767E-003  2.055276474697218E-007  5.069486296069595E-002  7.202288214115047E-003  7.845745410405031E-005
  1.900000000000001E+000  3.110477250646502E-007  9.226803221484827E-003  2.049369964765888E-007  5.057400973461020E-002  7.557575858366782E-003  7.845745411328118E-005
  2.000000000000001E+000  3.105270507784993E-007  9.596033733627850E-003  2.043568408316691E-007  5.045500889390900E-002  7.909100805480665E-003  7.845745412067695E-005
  2.100000000000001E+000  3.100038992357256E-007  9.958900356194327E-003  2.037866768323237E-007  5.033776358769238E-002  8.256980368812405E-003  7.845745412629637E-005
  2.200000000000002E+000  3.094789706339112E-007  1.031576384547930E-002  2.032260387829365E-007  5.022218579170379E-002  8.601327297899268E-003  7.845745413020492E-005
  2.300000000000002E+000  3.089528803686483E-007  1.066695572009898E-002  2.026744954478791E-007  5.010819555167774E-002  8.942249815660674E-003  7.845745413247206E-005
  2.400000000000002E+000  3.084261688150188E-007  1.101278104720181E-002  2.021316468912835E-007  4.999572013880016E-002  9.279851700671153E-003  7.845745413316948E-005
  2.500000000000002E+000  3.078993099651688E-007  1.135352094396990E-002  2.015971216447323E-007  4.988469323464156E-002  9.614232401574722E-003  7.845745413236957E-005
  2.600000000000002E+000  3.073727190669855E-007  1.168943482459793E-002  2.010705741609188E-007  4.977505418992375E-002  9.945487173680413E-003  7.845745413014429E-005
  2.700000000000002E+000  3.068467593870443E-007  1.202076241935512E-002  2.005516825206305E-007  4.966674736857157E-002  1.027370723010488E-002  7.845745412656448E-005
  2.800000000000002E+000  3.063217482025579E-007  1.234772558938237E-002  2.000401463659562E-007  4.955972157448102E-002  1.059897990164600E-002  7.845745412169909E-005
  2.900000000000002E+000  3.057979621121321E-007  1.267052995836291E-002  1.995356850363012E-007  4.945392955315250E-002  1.092138880098839E-002  7.845745411561491E-005
  3.000000000000002E+000  3.052756417431076E-007  1.298936638001707E-002  1.990380358865090E-007  4.934932755897022E-002  1.124101398794491E-002  7.845745410837625E-005
  3.200000000000002E+000  3.042367984897112E-007  1.361246988044299E-002  1.980658657086108E-007  4.914428238680862E-002  1.186970551838106E-002  7.845745408983564E-005
  3.400000000000003E+000  3.032064309762273E-007  1.422217397234134E-002  1.971176608218281E-007  4.894335997121677E-002  1.248838220594227E-002  7.845745406749449E-005
  3.600000000000003E+000  3.021853680650597E-007  1.481950567290686E-002  1.961919103310117E-007  4.874639095910798E-002  1.309754515686970E-002  7.845745404178747E-005
  3.800000000000003E+000  3.011742158615077E-007  1.540537146901166E-002  1.952872676605455E-007  4.855318231528377E-002  1.369765671716868E-002  7.845745401308010E-005
  4.000000000000003E+000  3.001734011773741E-007  1.598057542946201E-002  1.944025232693424E-007  4.836354794642933E-002  1.428914419309203E-002  7.845745398169265E-005
  4.200000000000003E+000  2.991832088209250E-007  1.654583408984682E-002  1.935365847640949E-007  4.817731590182173E-002  1.487240319220611E-002  7.845745394790983E-005
  4.400000000000003E+000  2.982038119223761E-007  1.710178878949462E-002  1.926884611470608E-007  4.799432885088561E-002  1.544780061730222E-002  7.845745391198604E-005
  4.600000000000003E+000  2.972352961536122E-007  1.764901595626521E-002  1.918572498377346E-007  4.781444282733452E-002  1.601567734529931E-002  7.845745387414892E-005
  4.800000000000003E+000  2.962776789546248E-007  1.818803572222435E-002  1.910421257866747E-007  4.763752569244836E-002  1.657635062253099E-002  7.845745383460260E-005
  5.000000000000004E+000  2.953309247695564E-007  1.871931917384367E-002  1.902423322567779E-007  4.746345570878328E-002  1.713011620621057E-002  7.845745379353000E-005
  5.200000000000004E+000  2.943949571182508E-007  1.924329448020969E-002  1.894571729665413E-007  4.729212030410457E-002  1.767725027970058E-002  7.845745375109537E-005
  5.400000000000004E+000  2.934696681635381E-007  1.976035209565338E-002  1.886860053591573E-007  4.712341501930059E-002  1.821801116677276E-002  7.845745370744629E-005
  5.600000000000004E+000  2.925549262966604E-007  2.027084919586500E-002  1.879282348088734E-007  4.695724261452645E-002  1.875264086754565E-002  7.845745366271552E-005
  5.800000000000004E+000  2.916505821528633E-007  2.077511347674075E-002  1.871833096118152E-007  4.679351230697886E-002  1.928136643636479E-002  7.845745361702263E-005
  6.000000000000004E+000  2.907564733819551E-007  2.127344642131536E-002  1.864507166364610E-007  4.663213911735166E-002  1.980440121962107E-002  7.845745357047527E-005
  6.200000000000005E+000  2.898724284300546E-007  2.176612612093884E-002  1.857299775312786E-007  4.647304330614836E-002  2.032194596942505E-002  7.845745352317081E-005
  6.400000000000005E+000  2.889982695348801E-007  2.225340972139517E-002  1.850206454049883E-007  4.631614988463040E-002  2.083418984717826E-002  7.845745347519709E-005
  6.600000000000005E+000  2.881338150946264E-007  2.273553555217627E-002  1.843223019094303E-007  4.616138818811103E-002  2.134131132940898E-002  7.845745342663361E-005
  6.800000000000005E+000  2.872788815372223E-007  2.321272498701621E-002  1.836345546668033E-007  4.600869150163929E-002  2.184347902675482E-002  7.845745337755236E-005
  7.000000000000005E+000  2.864332847905842E-007  2.368518407558260E-002  1.829570349926491E-007  4.585799672997274E-002  2.234085242566593E-002  7.845745332801858E-005
  7.200000000000006E+000  2.855968414338576E-007  2.415310497953686E-002  1.822893958738181E-007  4.570924410520824E-002  2.283358256125222E-002  7.845745327809159E-005
  7.400000000000006E+000  2.847693695933491E-007  2.461666724071335E-002  1.816313101671016E-007  4.556237692661418E-002  2.332181262868981E-002  7.845745322782506E-005
  7.600000000000006E+000  2.839506896339801E-007  2.507603890469060E-002  1.809824689895383E-007  4.541734132814888E-002  2.380567853971959E-002  7.845745317726802E-005
  7.800000000000006E+000  2.831406246868871E-007  2.553137751934631E-002  1.803425802758012E-007  4.527408606990596E-002  2.428530942999851E-002  7.845745312646491E-005
  8.000000000000005E+000  2.823390010457019E-007  2.598283102494962E-002  1.797113674817203E-007  4.513256235034281E-002  2.476082812238963E-002  7.845745307545627E-005
  8.200000000000005E+000  2.815456484576026E-007  2.643053854982915E-002  1.790885684160478E-007  4.499272363664510E-002  2.523235155068702E-002  7.845745302427911E-005
  8.400000000000004E+000  2.807604003301016E-007  2.687463112356506E-002  1.784739341851139E-007  4.485452551098972E-002  2.569999114775468E-002  7.845745297296712E-005
  8.600000000000003E+000  2.799830938704362E-007  2.731523231791088E-002  1.778672282371598E-007  4.471792553080414E-002  2.616385320160763E-002  7.845745292155102E-005
  8.800000000000002E+000  2.792135701711588E-007  2.775245882419292E-002  1.772682254949404E-007  4.458288310139614E-002  2.662403918256635E-002  7.845745287005893E-005
  9.000000000000002E+000  2.784516742528925E-007  2.818642097471075E-002  1.766767115667082E-007  4.444935935955979E-002  2.708064604426931E-002  7.845745281851654E-005
  9.500000000000002E+000  2.765855647912543E-007  2.925236196536708E-002  1.752350567233803E-007  4.412329224142806E-002  2.820110468206204E-002  7.845745268930451E-005
  1.000000000000000E+001  2.747632981317594E-007  3.030070387307892E-002  1.738352238272719E-007  4.380562417677401E-002  2.930174511856531E-002  7.845745256027093E-005
  1.050000000000000E+001  2.729828306727860E-007  3.133265184046487E-002  1.724746801958028E-007  4.349604234061064E-002  3.038369117712551E-002  7.845745243172977E-005
  1.100000000000000E+001  2.712422568936912E-007  3.234928023118925E-002  1.711511507342804E-007  4.319413872008156E-002  3.144796481176381E-002  7.845745230386824E-005
  1.150000000000000E+001  2.695397972563960E-007  3.335155201275134E-002  1.698625718691312E-007  4.289952335584268E-002  3.249549842156514E-002  7.845745217682879E-005
  1.200000000000000E+001  2.678737888212787E-007  3.434033413056643E-002  1.686070632474430E-007  4.261183594198457E-002  3.352714534915233E-002  7.845745205072480E-005
  1.250000000000000E+001  2.662426764260054E-007  3.531641022101734E-002  1.673829052695537E-007  4.233074431913619E-002  3.454368887363438E-002  7.845745192564683E-005
  1.300000000000000E+001  2.646450043509418E-007  3.628049125744894E-002  1.661885202188991E-007  4.205594165243401E-002  3.554584994623455E-002  7.845745180166667E-005
  1.350000000000000E+001  2.630794085370915E-007  3.723322452977096E-002  1.650224561889689E-007  4.178714379560323E-002  3.653429387245312E-002  7.845745167884066E-005
  1.400000000000000E+001  2.615446093861700E-007  3.817520126372991E-002  1.638833732996862E-007  4.152408698053745E-002  3.750963610823081E-002  7.845745155721219E-005
  1.450000000000000E+001  2.600394051393477E-007  3.910696312106863E-002  1.627700318137382E-007  4.126652580238593E-002  3.847244730782857E-002  7.845745143681402E-005
  1.500000000000000E+001  2.585626658116154E-007  4.002900777301531E-002  1.616812818410310E-007  4.101423145693997E-002  3.942325773701145E-002  7.845745131767007E-005
  1.550000000000000E+001  2.571133276483880E-007  4.094179370189448E-002  1.606160543783893E-007  4.076699019253757E-002  4.036256114559170E-002  7.845745119979677E-005
  1.600000000000000E+001  2.556903880663089E-007  4.184574435624244E-002  1.595733534779015E-007  4.052460194506902E-002  4.129081817754344E-002  7.845745108320449E-005
  1.650000000000000E+001  2.542929010389558E-007  4.274125176163688E-002  1.585522493740771E-007  4.028687913000528E-002  4.220845938400761E-002  7.845745096789837E-005
  1.700000000000000E+001  2.529199728888736E-007  4.362867967105366E-002  1.575518724294017E-007  4.005364556969813E-002  4.311588789397085E-002  7.845745085387932E-005
  1.750000000000000E+001  2.515707584492163E-007  4.450836632385971E-002  1.565714077815789E-007  3.982473553770977E-002  4.401348178875605E-002  7.845745074114468E-005
  1.800000000000000E+001  2.502444575606982E-007  4.538062687072389E-002  1.556100905949522E-007  3.959999290479405E-002  4.490159621933872E-002  7.845745062968881E-005
  1.850000000000000E+001  2.489403118722394E-007  4.624575551215940E-002  1.546672018342493E-007  3.937927037350274E-002  4.578056529960760E-002  7.845745051950366E-005
  1.900000000000000E+001  2.476576019164052E-007  4.710402739062818E-002  1.537420644916165E-007  3.916242879033396E-002  4.665070380378886E-002  7.845745041057910E-005
  1.950000000000000E+001  2.463956444333905E-007  4.795570026977191E-002  1.528340402084740E-007  3.894933652595192E-002  4.751230869216615E-002  7.845745030290338E-005
  2.000000000000000E+001  2.451537899198036E-007  4.880101602910504E-002  1.519425262424520E-007  3.873986891535387E-002  4.836566048580584E-002  7.845745019646339E-005
  2.050000000000000E+001  2.439314203808344E-007  4.964020199818602E-002  1.510669527369445E-007  3.853390775098954E-002  4.921102450811824E-002  7.845745009124494E-005
  2.100000000000000E+001  2.427279472665251E-007  5.047347215070224E-002  1.502067802568745E-007  3.833134082278753E-002  5.004865200865791E-002  7.845744998723287E-005
  2.150000000000000E+001  2.415428095748123E-007  5.130102817592071E-002  1.493614975593551E-007  3.813206149984835E-002  5.087878118250951E-002  7.845744988441146E-005
  2.200000000000000E+001  2.403754721057650E-007  5.212306044246211E-002  1.485306195722128E-007  3.793596834924512E-002  5.170163809685818E-002  7.845744978276435E-005
  2.250000000000000E+001  2.392254238530254E-007  5.293974886726097E-002  1.477136855569598E-007  3.774296478795483E-002  5.251743753485500E-002  7.845744968227477E-005
  2.300000000000000E+001  2.380921765198883E-007  5.375126370080932E-002  1.469102574358713E-007  3.755295876443984E-002  5.332638376561305E-002  7.845744958292579E-005
  2.350000000000000E+001  2.369752631487180E-007  5.455776623828784E-002  1.461199182654395E-007  3.736586246682588E-002  5.412867124807834E-002  7.845744948470012E-005
  2.400000000000000E+001  2.358742368535517E-007  5.535940946492103E-002  1.453422708407074E-007  3.718159205499012E-002  5.492448527557867E-002  7.845744938758050E-005
  2.450000000000000E+001  2.347886696467471E-007  5.615633864281330E-002  1.445769364169009E-007  3.700006741418865E-002  5.571400256704349E-002  7.845744929154955E-005
  2.500000000000000E+001  2.337181513514482E-007  5.694869184560054E-002  1.438235535364226E-007  3.682121192812886E-002  5.649739181018516E-002  7.845744919658988E-005
  2.550000000000000E+001  2.326622885924489E-007  5.773660044646170E-002  1.430817769506886E-007  3.664495226962834E-002  5.727481416132402E-002  7.845744910268424E-005
  2.600000000000000E+001  2.316207038587654E-007  5.852018956435469E-002  1.423512766275177E-007  3.647121820721069E-002  5.804642370600954E-002  7.845744900981548E-005
  2.650000000000000E+001  2.305930346318724E-007  5.929957847275606E-002  1.416317368358468E-007  3.629994242616944E-002  5.881236788412864E-002  7.845744891796655E-005
  2.700000000000000E+001  2.295789325741402E-007  6.007488097467727E-002  1.409228553004695E-007  3.613106036278845E-002  5.957278788278864E-002  7.845744882712055E-005
  2.750000000000000E+001  2.285780627725248E-007  6.084620574729155E-002  1.402243424203054E-007  3.596451005054843E-002  6.032781899990861E-002  7.845744873726088E-005
  2.800000000000000E+001  2.275901030330337E-007  6.161365665912449E-002  1.395359205444091E-007  3.580023197726807E-002  6.107759098114265E-002  7.845744864837107E-005
  2.850000000000000E+001  2.266147432218982E-007  6.237733306242904E-002  1.388573233005480E-007  3.563816895223954E-002  6.182222833248546E-002  7.845744856043482E-005
  2.900000000000000E+001  2.256516846497639E-007  6.313733006307606E-002  1.381882949717208E-007  3.547826598251006E-002  6.256185061066992E-002  7.845744847343626E-005
  3.000000000000000E+001  2.237651916401293E-007  6.464324390748938E-002  1.368806877200995E-007  3.516542791652625E-002  6.402188924924031E-002  7.845744830239858E-005
  3.100000000000000E+001  2.219241890487731E-007  6.613574414319047E-002  1.356082455599936E-007  3.486047957678225E-002  6.546354558033017E-002  7.845744813487666E-005
  3.200000000000000E+001  2.201266984788305E-007  6.761543614469570E-002  1.343692804901418E-007  3.456313107771684E-002  6.688758594339296E-002  7.845744797079772E-005
  3.300000000000000E+001  2.183708613946834E-007  6.908287984034552E-002  1.331622286985994E-007  3.427304655524066E-002  6.829472450485861E-002  7.845744781004805E-005
  3.400000000000000E+001  2.166549373849383E-007  7.053859488088958E-002  1.319856344597998E-007  3.398990882414168E-002  6.968562783862005E-002  7.845744765251659E-005
  3.500000000000000E+001  2.149772947670389E-007  7.198306461061971E-002  1.308381399997259E-007  3.371342114614414E-002  7.106091908694812E-002  7.845744749809718E-005
  3.600000000000000E+001  2.133364016104060E-007  7.341673950411412E-002  1.297184767411532E-007  3.344330563202297E-002  7.242118171124075E-002  7.845744734668817E-005
  3.700000000000000E+001  2.117308176102518E-007  7.484004018786605E-002  1.286254575291610E-007  3.317930164348080E-002  7.376696286392154E-002  7.845744719819236E-005
  3.800000000000000E+001  2.101591867633907E-007  7.625336011277838E-002  1.275579696968952E-007  3.292116435808252E-002  7.509877641848245E-002  7.845744705251664E-005
  3.900000000000000E+001  2.086202307642940E-007  7.765706792751940E-002  1.265149688637577E-007  3.266866348435087E-002  7.641710569401300E-002  7.845744690957189E-005
  4.000000000000000E+001  2.071127430421382E-007  7.905150959326668E-002  1.254954733745369E-007  3.242158210812316E-002  7.772240590790380E-002  7.845744676927277E-005
  4.100000000000000E+001  2.056355833670645E-007  8.043701027358659E-002  1.244985593010482E-007  3.217971565386218E-002  7.901510638715048E-002  7.845744663153748E-005
  4.200000000000000E+001  2.041876729620243E-007  8.181387602795771E-002  1.235233559388049E-007  3.194287094706209E-002  8.029561256536177E-002  7.845744649628767E-005
  4.300000000000000E+001  2.027679900642844E-007  8.318239533322488E-002  1.225690417404996E-007  3.171086536589073E-002  8.156430778943179E-002  7.845744636344822E-005
  4.400000000000000E+001  2.013755658875617E-007  8.454284045379112E-002  1.216348406359246E-007  3.148352607185749E-002  8.282155495697170E-002  7.845744623294710E-005
  4.500000000000000E+001  2.000094809418078E-007  8.589546867845017E-002  1.207200186946385E-007  3.126068931067057E-002  8.406769800304298E-002  7.845744610471523E-005
  4.600000000000000E+001  1.986688616729199E-007  8.724052343931944E-002  1.198238810933670E-007  3.104219977560419E-002  8.530306325247944E-002  7.845744597868632E-005
  4.700000000000000E+001  1.973528773892182E-007  8.857823532626524E-002  1.189457693549918E-007  3.082791002667759E-002  8.652796065211533E-002  7.845744585479674E-005
  4.800000000000000E+001  1.960607374454777E-007  8.990882300845845E-002  1.180850588301364E-007  3.061767995978325E-002  8.774268489551539E-002  7.845744573298544E-005
  4.900000000000000E+001  1.947916886587307E-007  9.123249407320105E-002  1.172411563959367E-007  3.041137632061949E-002  8.894751645130324E-002  7.845744561319372E-005
  5.000000000000000E+001  1.935450129330341E-007  9.254944579088609E-002  1.164134983496577E-007  3.020887225889788E-002  9.014272250488248E-002  7.845744549536525E-005
  5.100000000000000E+001  1.923200250729885E-007  9.385986581385572E-002  1.156015484774770E-007  3.001004691882888E-002  9.132855782220603E-002  7.845744537944576E-005
  5.200000000000000E+001  1.911160707680546E-007  9.516393281597792E-002  1.148047962810537E-007  2.981478506234957E-002  9.250526554326000E-002  7.845744526538324E-005
  5.400000000000000E+001  1.887740893161349E-007  9.774781967828036E-002  1.132584582960336E-007  2.943540054562577E-002  9.482391909327945E-002  7.845744504297944E-005
  5.600000000000000E+001  1.865084338627889E-007  1.003086963820857E-001  1.117669180693423E-007  2.906885248912690E-002  9.710943788435053E-002  7.845744482737137E-005
  5.800000000000000E+001  1.843149090505576E-007  1.028476734160800E-001  1.103269251316889E-007  2.871446285175887E-002  9.936332631286432E-002  7.845744461824395E-005
  6.000000000000000E+001  1.821896374078791E-007  1.053657695424497E-001  1.089355046530199E-007  2.837155418554188E-002  1.015869762872501E-001  7.845744441526964E-005
  6.200000000000000E+001  1.801290392064578E-007  1.078639226826071E-001  1.075899250689320E-007  2.803950180171894E-002  1.037816773325059E-001  7.845744421814477E-005
  6.400000000000000E+001  1.781298033282520E-007  1.103429986263612E-001  1.062876723996279E-007  2.771772950716213E-002  1.059486261144237E-001  7.845744402658705E-005
  6.600000000000000E+001  1.761888611373030E-007  1.128037985207660E-001  1.050264278822147E-007  2.740570470139169E-002  1.080889351469776E-001  7.845744384033383E-005
  6.800000000000000E+001  1.743033633711821E-007  1.152470653869319E-001  1.038040483839143E-007  2.710293407013743E-002  1.102036406376715E-001  7.845744365913995E-005
  7.000000000000000E+001  1.724706597000898E-007  1.176734898235240E-001  1.026185492004331E-007  2.680895980730094E-002  1.122937095080234E-001  7.845744348277620E-005
  7.200000000000000E+001  1.706882806109842E-007  1.200837150187172E-001  1.014680889047974E-007  2.652335628637101E-002  1.143600456588132E-001  7.845744331102801E-005
  7.400000000000000E+001  1.689539213131978E-007  1.224783411697104E-001  1.003509559630223E-007  2.624572711674603E-002  1.164034955585693E-001  7.845744314369413E-005
  7.600000000000000E+001  1.672654274031068E-007  1.248579293922774E-001  9.926555687636015E-008  2.597570253170479E-002  1.184248532320067E-001  7.845744298058570E-005
  7.800000000000000E+001  1.656207820626537E-007  1.272230051896731E-001  9.821040564642806E-008  2.571293706354264E-002  1.204248647190453E-001  7.845744282152501E-005
  8.000000000000000E+001  1.640180945987344E-007  1.295740615394599E-001  9.718411439016766E-008  2.545710746839359E-002  1.224042320675941E-001  7.845744266634500E-005
  8.200000000000000E+001  1.624555901579049E-007  1.319115616479426E-001  9.618538495724787E-008  2.520791086895329E-002  1.243636169158025E-001  7.845744251488808E-005
  8.400000000000000E+001  1.609316004740969E-007  1.342359414145158E-001  9.521300142401469E-008  2.496506308800571E-002  1.263036437125251E-001  7.845744236700571E-005
  8.600000000000000E+001  1.594445555267067E-007  1.365476116420712E-001  9.426582335611989E-008  2.472829714954928E-002  1.282249026185061E-001  7.845744222255755E-005
  8.800000000000000E+001  1.579929760030858E-007  1.388469600244511E-001  9.334277974712649E-008  2.449736192757365E-002  1.301279521253050E-001  7.845744208141095E-005
  9.000000000000000E+001  1.565754664736041E-007  1.411343529375995E-001  9.244286355317407E-008  2.427202092527495E-002  1.320133214242150E-001  7.845744194344038E-005
  9.500000000000000E+001  1.531853096063017E-007  1.467824835462419E-001  9.029637288963928E-008  2.373375271999939E-002  1.366236485903825E-001  7.845744161256058E-005
  1.000000000000000E+002  1.499789890672585E-007  1.523649338164310E-001  8.827372477416205E-008  2.322551814535451E-002  1.411371951832441E-001  7.845744129897814E-005
  1.050000000000000E+002  1.469406173644287E-007  1.578857657151609E-001  8.636359389481161E-008  2.274469343522612E-002  1.455597106363676E-001  7.845744100122883E-005
  1.100000000000000E+002  1.440561622614963E-007  1.633485952386450E-001  8.455606125902089E-008  2.228892003608245E-002  1.498964028382107E-001  7.845744071799470E-005
  1.150000000000000E+002  1.413131927742519E-007  1.687566597269595E-001  8.284239613746023E-008  2.185611688384222E-002  1.541519893842349E-001  7.845744044811053E-005
  1.200000000000000E+002  1.387006508927129E-007  1.741128717473767E-001  8.121487839363310E-008  2.144443937408049E-002  1.583307529518086E-001  7.845744019053830E-005
  1.250000000000000E+002  1.362086609981126E-007  1.794198635498173E-001  7.966665199266058E-008  2.105224541053733E-002  1.624365928279671E-001  7.845743994434794E-005
  1.300000000000000E+002  1.338283705657535E-007  1.846800240697236E-001  7.819160364394001E-008  2.067806734245764E-002  1.664730705087219E-001  7.845743970870223E-005
  1.350000000000000E+002  1.315518164397205E-007  1.898955299284192E-001  7.678426171418165E-008  2.032058858080254E-002  1.704434493130277E-001  7.845743948284450E-005
  1.400000000000000E+002  1.293718120131499E-007  1.950683715610472E-001  7.543971154926622E-008  1.997862397985615E-002  1.743507285831253E-001  7.845743926608805E-005
  1.450000000000000E+002  1.272818515637511E-007  2.002003753644596E-001  7.415352414850424E-008  1.965110327823091E-002  1.781976731825433E-001  7.845743905780755E-005
  1.500000000000000E+002  1.252760287361348E-007  2.052932225740538E-001  7.292169576649403E-008  1.933705704491972E-002  1.819868389756479E-001  7.845743885743168E-005
  1.550000000000000E+002  1.233489667509686E-007  2.103484654361074E-001  7.174059650991828E-008  1.903560469034321E-002  1.857205948942036E-001  7.845743866443671E-005
  1.600000000000000E+002  1.214957583856290E-007  2.153675411310637E-001  7.060692638031670E-008  1.874594419006537E-002  1.894011421091631E-001  7.845743847834098E-005
  1.650000000000000E+002  1.197119141383697E-007  2.203517838161430E-001  6.951767751414819E-008  1.846734323700598E-002  1.930305307446966E-001  7.845743829870016E-005
  1.700000000000000E+002  1.179933172795330E-007  2.253024350870137E-001  6.847010160765639E-008  1.819913159142771E-002  1.966106745007370E-001  7.845743812510336E-005
  1.800000000000000E+002  1.147485607207788E-007  2.350770740195420E-001  6.649709651135753E-008  1.769321077425084E-002  2.035882387353849E-001  7.845743779506500E-005
  1.900000000000000E+002  1.117207982081596E-007  2.447330441477665E-001  6.466169826187807E-008  1.722172743180777E-002  2.103943251125796E-001  7.845743748471523E-005
  2.000000000000000E+002  1.088876138274898E-007  2.542773535818001E-001  6.294913450303889E-008  1.678106630954379E-002  2.170393655041062E-001  7.845743719162800E-005
  2.100000000000000E+002  1.062296549607072E-007  2.637162516316696E-001  6.134673120452750E-008  1.636810174605326E-002  2.235328655447928E-001  7.845743691366765E-005
  2.200000000000000E+002  1.037301306379303E-007  2.730553434050207E-001  5.984355004556974E-008  1.598013136977596E-002  2.298834548662613E-001  7.845743664893489E-005
  2.300000000000000E+002  1.013743956129993E-007  2.822996829513303E-001  5.843009706479186E-008  1.561480500995014E-002  2.360989752931036E-001  7.845743639572092E-005
  2.400000000000000E+002  9.914961235280082E-008  2.914538498661108E-001  5.709808796674295E-008  1.527006784845725E-002  2.421865704790590E-001  7.845743615247359E-005
  2.500000000000000E+002  9.704447527859232E-008  3.005220126512550E-001  5.584025802258634E-008  1.494411445378277E-002  2.481527673648016E-001  7.845743591777173E-005
  2.600000000000000E+002  9.504898447076188E-008  3.095079814564677E-001  5.465020706636954E-008  1.463535127942396E-002  2.540035476364862E-001  7.845743569030421E-005
  2.700000000000000E+002  9.315425880199812E-008  3.184152522754972E-001  5.352227224943013E-008  1.434236583356660E-002  2.597444096624407E-001  7.845743546885317E-005
  2.800000000000000E+002  9.135238067780070E-008  3.272470442258012E-001  5.245142289435917E-008  1.406390115801431E-002  2.653804220047140E-001  7.845743525228046E-005
  3.000000000000000E+002  8.801463748614624E-008  3.446283276555213E-001  5.047247683559640E-008  1.354841247962936E-002  2.762704107926841E-001  7.845743482474235E-005
  3.200000000000000E+002  8.496845879087316E-008  3.617473542809074E-001  4.867156024140004E-008  1.307841607202670E-002  2.868061939713945E-001  7.845743440240592E-005
  3.400000000000000E+002  8.217527077305475E-008  3.786215652154896E-001  4.702447960101155E-008  1.264781692135429E-002  2.970137337739709E-001  7.845743397793742E-005
  3.600000000000000E+002  7.960314283329160E-008  3.952663341029584E-001  4.551131650462164E-008  1.225158276722468E-002  3.069163968877616E-001  7.845743354463437E-005
  3.800000000000000E+002  7.722541869582923E-008  4.116953055431492E-001  4.411552118854362E-008  1.188552514917717E-002  3.165350805533540E-001  7.845743309628052E-005
  4.000000000000000E+002  7.501966153151969E-008  4.279206677585938E-001  4.282322339815046E-008  1.154612689887613E-002  3.258884906721842E-001  7.845743262705535E-005
  4.200000000000000E+002  7.296684162455845E-008  4.439533721962934E-001  4.162270543763428E-008  1.123041090557124E-002  3.349934214465153E-001  7.845743213147319E-005
  4.400000000000000E+002  7.105070532484162E-008  4.598033115139497E-001  4.050399528793458E-008  1.093583881873332E-002  3.438650044961161E-001  7.845743160433923E-005
  4.600000000000000E+002  6.925728005490279E-008  4.754794650928578E-001  3.945854917712515E-008  1.066023193356506E-002  3.525169233031007E-001  7.845743104071691E-005
  4.800000000000000E+002  6.757448233507440E-008  4.909900190717755E-001  3.847900145664507E-008  1.040170875305028E-002  3.609615959035527E-001  7.845743043590343E-005
  5.000000000000000E+002  6.599180458383889E-008  5.063424662165831E-001  3.755896565450529E-008  1.015863523937005E-002  3.692103302497349E-001  7.845742978541051E-005
  5.200000000000000E+002  6.450006274587413E-008  5.215436896831082E-001  3.669287484262983E-008  9.929584826183745E-003  3.772734565633997E-001  7.845742908494987E-005
  5.400000000000000E+002  6.309119132967096E-008  5.366000337961716E-001  3.587585250077638E-008  9.713306014370137E-003  3.851604404608520E-001  7.845742833042126E-005
  5.600000000000000E+002  6.175807572350930E-008  5.515173642710458E-001  3.510360725465109E-008  9.508695914199854E-003  3.928799800272862E-001  7.845742751790270E-005
  5.800000000000000E+002  6.049441406714515E-008  5.663011197797678E-001  3.437234646483217E-008  9.314778490485584E-003  4.004400894683631E-001  7.845742664364256E-005
  6.000000000000000E+002  5.929460273896499E-008  5.809563563675668E-001  3.367870482002628E-008  9.130686557150299E-003  4.078481715000807E-001  7.845742570405219E-005
  6.200000000000000E+002  5.815364085011522E-008  5.954877859206512E-001  3.301968496314214E-008  8.955646783419561E-003  4.151110802527472E-001  7.845742469570034E-005
  6.400000000000000E+002  5.706705014133957E-008  6.098998096517910E-001  3.239260783539034E-008  8.788967136009782E-003  4.222351761509517E-001  7.845742361530714E-005
  6.600000000000000E+002  5.603080744215485E-008  6.241965473871607E-001  3.179507092101575E-008  8.630026304683918E-003  4.292263739768016E-001  7.845742245973950E-005
  6.800000000000000E+002  5.504128743790673E-008  6.383818632941505E-001  3.122491295522629E-008  8.478264752641558E-003  4.360901851172730E-001  7.845742122600625E-005
  7.000000000000000E+002  5.409521394317393E-008  6.524593885759853E-001  3.068018395047822E-008  8.333177105777368E-003  4.428317548288510E-001  7.845741991125351E-005
  7.500000000000000E+002  5.191484953311398E-008  6.870212939877551E-001  2.942639849804209E-008  7.998776566075089E-003  4.589956912679484E-001  7.845741606943872E-005
  8.000000000000000E+002  4.994515843274178E-008  7.209962369075360E-001  2.829543200904472E-008  7.696740347999323E-003  4.745222174269928E-001  7.845741164287122E-005
  8.500000000000000E+002  4.815554384289695E-008  7.544237556601004E-001  2.726921106551597E-008  7.422343099135669E-003  4.894618113559127E-001  7.845740659984408E-005
  9.000000000000000E+002  4.652115508881809E-008  7.873388201411182E-001  2.633309848853117E-008  7.171757002954728E-003  5.038597772483490E-001  7.845740091310511E-005
  9.500000000000000E+002  4.502160122992149E-008  8.197725356156493E-001  2.547511460507002E-008  6.941845634878241E-003  5.177563712147332E-001  7.845739455934587E-005
  1.000000000000000E+003  4.363998717575188E-008  8.517527288444580E-001  2.468535664491829E-008  6.730012683465962E-003  5.311873737254551E-001  7.845738751879702E-005
  1.050000000000000E+003  4.236218846067775E-008  8.833044270509047E-001  2.395556338645725E-008  6.534089118402270E-003  5.441846819869828E-001  7.845737977487509E-005
  1.100000000000000E+003  4.117629969641820E-008  9.144502502295695E-001  2.327878508229561E-008  6.352247703254673E-003  5.567768392611007E-001  7.845737131386615E-005
  1.150000000000000E+003  4.007221030369101E-008  9.452107346742463E-001  2.264913027268163E-008  6.182937382559322E-003  5.689894892014790E-001  7.845736212463959E-005
  1.200000000000000E+003  3.904127454720843E-008  9.756046018276274E-001  2.206156938832471E-008  6.024832332692924E-003  5.808457608854586E-001  7.845735219838941E-005
  1.250000000000000E+003  3.807605225273647E-008  1.005648983370953E+000  2.151178079554182E-008  5.876791974823951E-003  5.923665941382329E-001  7.845734152839881E-005
  1.300000000000000E+003  3.717010309913581E-008  1.035359611012381E+000  2.099602892589203E-008  5.737829281335659E-003  6.035710147092679E-001  7.845733010982688E-005
  1.350000000000000E+003  3.631782195225044E-008  1.064750977569032E+000  2.051106692383532E-008  5.607085426429684E-003  6.144763677183244E-001  7.845731793951522E-005
  1.400000000000000E+003  3.551430595422048E-008  1.093836474525883E+000  2.005405822111589E-008  5.483809339682648E-003  6.250985164546626E-001  7.845730501581203E-005
  1.450000000000000E+003  3.475524641291320E-008  1.122628510179077E+000  1.962251286060953E-008  5.367341084908953E-003  6.354520123803611E-001  7.845729133841371E-005
  1.500000000000000E+003  3.403684022886401E-008  1.151138611645203E+000  1.921423541638195E-008  5.257098250051718E-003  6.455502411351594E-001  7.845727690821998E-005
  1.550000000000000E+003  3.335571683960805E-008  1.179377513378479E+000  1.882728210646207E-008  5.152564726781023E-003  6.554055484690886E-001  7.845726172720413E-005
  1.600000000000000E+003  3.270887758272707E-008  1.207355234338239E+000  1.845992524954945E-008  5.053281401358318E-003  6.650293493192946E-001  7.845724579829430E-005
  1.650000000000000E+003  3.209364506895194E-008  1.235081145555903E+000  1.811062363134952E-008  4.958838385182893E-003  6.744322226725794E-001  7.845722912526699E-005
  1.700000000000000E+003  3.150762067812987E-008  1.262564029538745E+000  1.777799765880797E-008  4.868868494102539E-003  6.836239943903378E-001  7.845721171265020E-005
  1.750000000000000E+003  3.094864868837029E-008  1.289812132698533E+000  1.746080841831978E-008  4.783041747001483E-003  6.926138097963682E-001  7.845719356563597E-005
  1.800000000000000E+003  3.041478585417351E-008  1.316833211792749E+000  1.715793993640376E-008  4.701060701349311E-003  7.014101975228554E-001  7.845717469000146E-005
  1.850000000000000E+003  2.990427548592894E-008  1.343634575203789E+000  1.686838408235509E-008  4.622656479897545E-003  7.100211258615013E-001  7.845715509203725E-005
  1.900000000000000E+003  2.941552526772643E-008  1.370223119749475E+000  1.659122766221331E-008  4.547585371166635E-003  7.184540526639877E-001  7.845713477848317E-005
  1.950000000000000E+003  2.894708819538562E-008  1.396605363609953E+000  1.632564133950946E-008  4.475625908703582E-003  7.267159696696787E-001  7.845711375646956E-005
  2.000000000000000E+003  2.849764613121347E-008  1.422787475867001E+000  1.607087008624411E-008  4.406576351740148E-003  7.348134420016603E-001  7.845709203346464E-005
  2.100000000000000E+003  2.765466724429963E-008  1.474389350254528E+000  1.559323188621010E-008  4.277031714618573E-003  7.503999116133649E-001  7.845704584140566E-005
  2.200000000000000E+003  2.687378909867353E-008  1.525270273667480E+000  1.515089577874969E-008  4.157007609925939E-003  7.654158228052133E-001  7.845699697165779E-005
  2.300000000000000E+003  2.614801842494422E-008  1.575467938728758E+000  1.473986974259819E-008  4.045430891310798E-003  7.798978929161327E-001  7.845694549369779E-005
  2.400000000000000E+003  2.547139292082071E-008  1.625016707035692E+000  1.435675250383122E-008  3.941387959302360E-003  7.938798515426717E-001  7.845689147846808E-005
  2.500000000000000E+003  2.483879859544028E-008  1.673947997817932E+000  1.399862865580271E-008  3.844095529952699E-003  8.073924291757766E-001  7.845683499754127E-005
  2.600000000000000E+003  2.424582314911428E-008  1.722290633354361E+000  1.366298442229482E-008  3.752877889174262E-003  8.204636071290614E-001  7.845677612251663E-005
  2.700000000000000E+003  2.368863848962174E-008  1.770071136482619E+000  1.334764017414175E-008  3.667148812008159E-003  8.331189015461936E-001  7.845671492456368E-005
  2.800000000000000E+003  2.316390609161719E-008  1.817313985906743E+000  1.305069609805004E-008  3.586397037472257E-003  8.453816312388016E-001  7.845665147407024E-005
  2.900000000000000E+003  2.266870024335640E-008  1.864041835874022E+000  1.277048816497035E-008  3.510174503221834E-003  8.572731578920871E-001  7.845658584037160E-005
  3.000000000000000E+003  2.220044537122086E-008  1.910275706001604E+000  1.250555220102175E-008  3.438086744485834E-003  8.688130977818279E-001  7.845651809154312E-005
  3.100000000000000E+003  2.175686451838894E-008  1.956035146062049E+000  1.225459437416770E-008  3.369785004780002E-003  8.800195072592706E-001  7.845644829424407E-005
  3.200000000000000E+003  2.133593672353176E-008  2.001338379676809E+000  1.201646679643522E-008  3.304959711102322E-003  8.909090450362539E-001  7.845637651360104E-005
  3.300000000000000E+003  2.093586155025839E-008  2.046202430157750E+000  1.179014723320756E-008  3.243335044740746E-003  9.014971142892986E-001  7.845630281312601E-005
  3.400000000000000E+003  2.055502940022488E-008  2.090643231164082E+000  1.157472213197723E-008  3.184664397861868E-003  9.117979873267393E-001  7.845622725466021E-005
  3.500000000000000E+003  2.019199653395051E-008  2.134675724381097E+000  1.136937235111531E-008  3.128726550882295E-003  9.218249152219973E-001  7.845614989833934E-005
  3.600000000000000E+003  1.984546394668822E-008  2.178313946055164E+000  1.117336109812792E-008  3.075322439948641E-003  9.315902244820308E-001  7.845607080257685E-005
  3.700000000000000E+003  1.951425941919265E-008  2.221571103918132E+000  1.098602368638736E-008  3.024272410333846E-003  9.411054025186661E-001  7.845599002406118E-005
  3.800000000000000E+003  1.919732219740590E-008  2.264459645788890E+000  1.080675879668060E-008  2.975413872139503E-003  9.503811734284984E-001  7.845590761776421E-005
  3.900000000000000E+003  1.889368986015738E-008  2.306991320938965E+000  1.063502099045330E-008  2.928599290801944E-003  9.594275653632961E-001  7.845582363695865E-005
  4.000000000000000E+003  1.860248701679533E-008  2.349177235143626E+000  1.047031426930848E-008  2.883694457590478E-003  9.682539705833741E-001  7.845573813324248E-005
  4.200000000000000E+003  1.805676570230810E-008  2.432233769699379E+000  1.016174147896929E-008  2.799517229253159E-003  9.850949250282883E-001  7.845556141959370E-005
  4.400000000000000E+003  1.755155529978667E-008  2.514049360184881E+000  9.876060742897727E-009  2.721569600761037E-003  1.001178708541435E+000  7.845537936641039E-005
  4.600000000000000E+003  1.708224026674563E-008  2.594691527671724E+000  9.610663509779814E-009  2.649142148770889E-003  1.016557663502457E+000  7.845519231625792E-005
  4.800000000000000E+003  1.664489492756171E-008  2.674221664231641E+000  9.363331024386471E-009  2.581632074129272E-003  1.031279474165792E+000  7.845500058950556E-005
  5.000000000000000E+003  1.623615912046705E-008  2.752695771784816E+000  9.132164285873148E-009  2.518523470181717E-003  1.045387312038098E+000  7.845480448554984E-005
  5.200000000000000E+003  1.585313905884291E-008  2.830165109950936E+000  8.915528030255944E-009  2.459372000754802E-003  1.058920279440618E+000  7.845460428413342E-005
  5.400000000000000E+003  1.549332825057160E-008  2.906676750466811E+000  8.712005999412612E-009  2.403792744216134E-003  1.071913866501596E+000  7.845440024665803E-005
  5.600000000000000E+003  1.515454401621249E-008  2.982274051365643E+000  8.520365021749722E-009  2.351450451259482E-003  1.084400367924420E+000  7.845419261745080E-005
  5.800000000000000E+003  1.483487615834444E-008  3.056997064050496E+000  8.339525967182201E-009  2.302051672449385E-003  1.096409250492042E+000  7.845398162496404E-005
  6.000000000000000E+003  1.453264515643686E-008  3.130882884362660E+000  8.168540094086329E-009  2.255338348365146E-003  1.107967473467425E+000  7.845376748290452E-005
  6.200000000000000E+003  1.424636788399605E-008  3.203965956752176E+000  8.006569655020905E-009  2.211082553611149E-003  1.119099766970835E+000  7.845355039128561E-005
  6.400000000000000E+003  1.397472931025445E-008  3.276278338990927E+000  7.852871890593466E-009  2.169082158356169E-003  1.129828873835659E+000  7.845333053740706E-005
  6.600000000000000E+003  1.371655899739312E-008  3.347849933522549E+000  7.706785738046535E-009  2.129157224917452E-003  1.140175760060991E+000  7.845310809676260E-005
  6.800000000000000E+003  1.347081146701499E-008  3.418708690463774E+000  7.567720729885437E-009  2.091146997338390E-003  1.150159798367284E+000  7.845288323388073E-005
  7.000000000000000E+003  1.323654970893071E-008  3.488880786404831E+000  7.435147670795522E-009  2.054907372529694E-003  1.159798928728894E+000  7.845265610310101E-005
  7.200000000000000E+003  1.301293125770314E-008  3.558390782457179E+000  7.308590767442179E-009  2.020308764925702E-003  1.169109799177854E+000  7.845242684929186E-005
  7.400000000000000E+003  1.279919637974993E-008  3.627261764430087E+000  7.187620952247589E-009  1.987234294601891E-003  1.178107889667783E+000  7.845219560851245E-005
  7.600000000000000E+003  1.259465800483424E-008  3.695515467555444E+000  7.071850193821206E-009  1.955578242752032E-003  1.186807621355960E+000  7.845196250862465E-005
  7.800000000000000E+003  1.239869310687699E-008  3.763172387801834E+000  6.960926627008220E-009  1.925244729318356E-003  1.195222453298604E+000  7.845172766985685E-005
  8.000000000000000E+003  1.221073529493201E-008  3.830251881507007E+000  6.854530367193882E-009  1.896146576133463E-003  1.203364968249942E+000  7.845149120532511E-005
  8.200000000000000E+003  1.203026841940560E-008  3.896772254800067E+000  6.752369898561156E-009  1.868204325709644E-003  1.211246949000979E+000  7.845125322151420E-005
  8.400000000000000E+003  1.185682103382055E-008  3.962750844070033E+000  6.654178945945020E-009  1.841345391206019E-003  1.218879446480652E+000  7.845101381872250E-005
  8.600000000000000E+003  1.168996158062379E-008  4.028204088558390E+000  6.559713755894735E-009  1.815503317423349E-003  1.226272840663450E+000  7.845077309147220E-005
  8.800000000000000E+003  1.152929419223982E-008  4.093147596002847E+000  6.468750725408364E-009  1.790617136153863E-003  1.233436895177548E+000  7.845053112888948E-005
  9.000000000000000E+003  1.137445501694533E-008  4.157596202133050E+000  6.381084327204216E-009  1.766630802027990E-003  1.240380806381329E+000  7.845028801505639E-005
  9.200000000000000E+003  1.122510899408511E-008  4.221564024711856E+000  6.296525288851700E-009  1.743492697289101E-003  1.247113247569639E+000  7.845004382933573E-005
  9.400000000000000E+003  1.108094701536280E-008  4.285064512725057E+000  6.214898989994959E-009  1.721155195798489E-003  1.253642408880987E+000  7.844979864667284E-005
  9.600000000000000E+003  1.094168341896710E-008  4.348110491244983E+000  6.136044047575659E-009  1.699574278108960E-003  1.259976033400469E+000  7.844955253787535E-005
  9.800000000000000E+003  1.080705377156189E-008  4.410714202427342E+000  6.059811063638060E-009  1.678709190712221E-003  1.266121449888126E+000  7.844930556987213E-005
  1.000000000000000E+004  1.067681290001553E-008  4.472887343043992E+000  5.986061514171747E-009  1.658522143614305E-003  1.272085602506890E+000  7.844905780595435E-005
  1.020000000000000E+004  1.055073314043573E-008  4.534641098905505E+000  5.914666760665772E-009  1.638978041265411E-003  1.277875077876817E+000  7.844880930599890E-005
  1.040000000000000E+004  1.042860277682627E-008  4.595986176485413E+000  5.845507168733672E-009  1.620044242598503E-003  1.283496129741492E+000  7.844856012667625E-005
  1.060000000000000E+004  1.031022464566096E-008  4.656932832021551E+000  5.778471320417980E-009  1.601690346540791E-003  1.288954701497460E+000  7.844831032164392E-005
  1.080000000000000E+004  1.019541488601391E-008  4.717490898338402E+000  5.713455308673383E-009  1.583887999874820E-003  1.294256446807231E+000  7.844805994172651E-005
  1.100000000000000E+004  1.008400181770669E-008  4.777669809606847E+000  5.650362104121826E-009  1.566610724758359E-003  1.299406748490310E+000  7.844780903508326E-005
  1.120000000000000E+004  9.975824932319515E-009  4.837478624233779E+000  5.589100985522005E-009  1.549833763578182E-003  1.304410735863951E+000  7.844755764736432E-005
  1.140000000000000E+004  9.870733983940261E-009  4.896926046053110E+000  5.529587026540501E-009  1.533533939123551E-003  1.309273300685677E+000  7.844730582185662E-005
  1.160000000000000E+004  9.768588168250089E-009  4.956020443971332E+000  5.471740632386702E-009  1.517689528329768E-003  1.313999111832405E+000  7.844705359961988E-005
  1.180000000000000E+004  9.669255380018267E-009  5.014769870204672E+000  5.415487120706064E-009  1.502280148068076E-003  1.318592628836029E+000  7.844680101961370E-005
  1.200000000000000E+004  9.572611540340101E-009  5.073182077230712E+000  5.360756341838891E-009  1.487286651651743E-003  1.323058114382201E+000  7.844654811881631E-005
  1.220000000000000E+004  9.478539986035559E-009  5.131264533564777E+000  5.307482334163819E-009  1.472691034894309E-003  1.327399645867561E+000  7.844629493233592E-005
  1.240000000000000E+004  9.386930914559005E-009  5.189024438460385E+000  5.255603010772120E-009  1.458476350699078E-003  1.331621126100522E+000  7.844604149351403E-005
  1.260000000000000E+004  9.297680878575475E-009  5.246468735623205E+000  5.205059874173530E-009  1.444626631282488E-003  1.335726293221854E+000  7.844578783402343E-005
  1.280000000000000E+004  9.210692325055627E-009  5.303604126019253E+000  5.155797756127746E-009  1.431126817240802E-003  1.339718729913448E+000  7.844553398395886E-005
  1.300000000000000E+004  9.125873174345927E-009  5.360437079850387E+000  5.107764580036966E-009  1.417962692762379E-003  1.343601871956688E+000  7.844527997192304E-005
  1.320000000000000E+004  9.043136435195603E-009  5.416973847763187E+000  5.060911143631397E-009  1.405120826368319E-003  1.347379016195746E+000  7.844502582510631E-005
  1.340000000000000E+004  8.962399852179813E-009  5.473220471351199E+000  5.015190919938077E-009  1.392588516634523E-003  1.351053327955627E+000  7.844477156936249E-005
  1.360000000000000E+004  8.883585582357979E-009  5.529182793005009E+000  4.970559874748896E-009  1.380353742409598E-003  1.354627847959974E+000  7.844451722927902E-005
  1.380000000000000E+004  8.806619898355789E-009  5.584866465159697E+000  4.926976299001142E-009  1.368405117096624E-003  1.358105498789310E+000  7.844426282824349E-005
  1.400000000000000E+004  8.731432915366132E-009  5.640276958984800E+000  4.884400654656930E-009  1.356731846613913E-003  1.361489090916577E+000  7.844400838850666E-005
  1.420000000000000E+004  8.657958339833235E-009  5.695419572557906E+000  4.842795432819795E-009  1.345323690691236E-003  1.364781328353365E+000  7.844375393124043E-005
  1.440000000000000E+004  8.586133237821483E-009  5.750299438559539E+000  4.802125022960636E-009  1.334170927194339E-003  1.367984813937176E+000  7.844349947659362E-005
  1.460000000000000E+004  8.515897821279415E-009  5.804921531523632E+000  4.762355592243095E-009  1.323264319202722E-003  1.371102054287296E+000  7.844324504374397E-005
  1.480000000000000E+004  8.447195250593798E-009  5.859290674675096E+000  4.723454974042615E-009  1.312595084593967E-003  1.374135464454400E+000  7.844299065094716E-005
  1.500000000000000E+004  8.379971451992253E-009  5.913411546383348E+000  4.685392564845708E-009  1.302154867912989E-003  1.377087372286788E+000  7.844273631558306E-005
  1.520000000000000E+004  8.314174948497679E-009  5.967288686258233E+000  4.648139228797636E-009  1.291935714326878E-003  1.379960022534144E+000  7.844248205419930E-005
  1.540000000000000E+004  8.249756703266258E-009  6.020926500912694E+000  4.611667209239294E-009  1.281930045485680E-003  1.382755580707908E+000  7.844222788255264E-005
  1.560000000000000E+004  8.186669974255171E-009  6.074329269414581E+000  4.575950046638622E-009  1.272130637127101E-003  1.385476136715775E+000  7.844197381564758E-005
  1.580000000000000E+004  8.124870179268113E-009  6.127501148448154E+000  4.540962502379339E-009  1.262530598278710E-003  1.388123708286280E+000  7.844171986777317E-005
  1.600000000000000E+004  8.064314770517435E-009  6.180446177204328E+000  4.506680487921078E-009  1.253123351925241E-003  1.390700244198199E+000  7.844146605253793E-005
  1.620000000000000E+004  8.004963117922970E-009  6.233168282017162E+000  4.473080998890799E-009  1.243902617020982E-003  1.393207627328222E+000  7.844121238290208E-005
  1.640000000000000E+004  7.946776400440293E-009  6.285671280762804E+000  4.440142053706361E-009  1.234862391738514E-003  1.395647677529301E+000  7.844095887120912E-005
  1.660000000000000E+004  7.889717504776118E-009  6.337958887035823E+000  4.407842636369836E-009  1.225996937854947E-003  1.398022154351068E+000  7.844070552921474E-005
  1.680000000000000E+004  7.833750930907032E-009  6.390034714116834E+000  4.376162643101114E-009  1.217300766185877E-003  1.400332759612829E+000  7.844045236811495E-005
  1.700000000000000E+004  7.778842703870179E-009  6.441902278744241E+000  4.345082832511929E-009  1.208768622985270E-003  1.402581139838830E+000  7.844019939857212E-005
  1.720000000000000E+004  7.724960291341646E-009  6.493565004701961E+000  4.314584779047039E-009  1.200395477236793E-003  1.404768888564712E+000  7.843994663074009E-005
  1.740000000000000E+004  7.672072526560949E-009  6.545026226234262E+000  4.284650829443376E-009  1.192176508768612E-003  1.406897548523432E+000  7.843969407428760E-005
  1.760000000000000E+004  7.620149536198129E-009  6.596289191297887E+000  4.255264061979472E-009  1.184107097129580E-003  1.408968613718277E+000  7.843944173842078E-005
  1.780000000000000E+004  7.569162672794869E-009  6.647357064661070E+000  4.226408248307099E-009  1.176182811170079E-003  1.410983531390045E+000  7.843918963190435E-005
  1.800000000000000E+004  7.519084451442036E-009  6.698232930858302E+000  4.198067817674710E-009  1.168399399275554E-003  1.412943703884934E+000  7.843893776308173E-005
  1.820000000000000E+004  7.469888490384602E-009  6.748919797009123E+000  4.170227823368166E-009  1.160752780205165E-003  1.414850490429220E+000  7.843868613989450E-005
  1.840000000000000E+004  7.421549455270463E-009  6.799420595508646E+000  4.142873911208828E-009  1.153239034491929E-003  1.416705208816363E+000  7.843843476990009E-005
  1.860000000000000E+004  7.374043006782960E-009  6.849738186596992E+000  4.115992289962169E-009  1.145854396364278E-003  1.418509137011762E+000  7.843818366028938E-005
  1.880000000000000E+004  7.327345751418053E-009  6.899875360814381E+000  4.089569703521977E-009  1.138595246152249E-003  1.420263514680050E+000  7.843793281790272E-005
  1.900000000000000E+004  7.281435195186374E-009  6.949834841348114E+000  4.063593404746090E-009  1.131458103144443E-003  1.421969544639427E+000  7.843768224924601E-005
  1.920000000000000E+004  7.236289700037726E-009  6.999619286277341E+000  4.038051130829494E-009  1.124439618864598E-003  1.423628394247281E+000  7.843743196050515E-005
  1.940000000000000E+004  7.191888442821763E-009  7.049231290721083E+000  4.012931080109545E-009  1.117536570739095E-003  1.425241196721017E+000  7.843718195756031E-005
  1.960000000000000E+004  7.148211376612877E-009  7.098673388894633E+000  3.988221890206324E-009  1.110745856128892E-003  1.426809052397742E+000  7.843693224599930E-005
  1.980000000000000E+004  7.105239194240728E-009  7.147948056079203E+000  3.963912617408632E-009  1.104064486701487E-003  1.428333029936256E+000  7.843668283113028E-005
  2.000000000000000E+004  7.062953293879901E-009  7.197057710509262E+000  3.939992717222868E-009  1.097489583120333E-003  1.429814167464534E+000  7.843643371799387E-005
