 time    0.0000000000000000     
           1   4  0.000000000000000E+000
           2   4  0.000000000000000E+000
           3   4  0.000000000000000E+000
           4   4  0.000000000000000E+000
 time    1.0000000000000001E-009
           1   4  1.468476112951761E-010
           2   4  4.440334608804513E-011
           3   4  2.211473204274859E-011
           4   4  1.360785345449637E-011
 time    2.0000000000000001E-009
           1   4  2.936558252385295E-010
           2   4  8.880071534703992E-011
           3   4  4.422747699082965E-011
           4   4  2.721478919212659E-011
 time    4.0000000000000002E-009
           1   4  5.871155095066144E-010
           2   4  1.775716110083595E-010
           3   4  8.844503281840445E-011
           4   4  5.442499476073543E-011
 time    6.0000000000000008E-009
           1   4  8.804192898431021E-010
           2   4  2.663187280398726E-010
           3   4  1.326546688528956E-010
           4   4  8.163153937454948E-011
 time    8.0000000000000005E-009
           1   4  1.173567999889161E-009
           2   4  3.550421304360116E-010
           3   4  1.768563993353574E-010
           4   4  1.088344279764424E-010
 time    1.0000000000000000E-008
           1   4  1.466562467282334E-009
           2   4  4.437418819597950E-010
           3   4  2.210502384724634E-010
           4   4  1.360336655003315E-010
 time    1.5000000000000002E-008
           1   4  2.198097320929355E-009
           2   4  6.653444301642882E-010
           3   4  3.314857360542719E-010
           4   4  2.040090168172160E-010
 time    2.0000000000000000E-008
           1   4  2.928693335361181E-009
           2   4  8.868011262240555E-010
           3   4  4.418723526902973E-010
           4   4  2.719617020382102E-010
 time    3.0000000000000004E-008
           1   4  4.386226329720114E-009
           2   4  1.329138798542925E-009
           3   4  6.624517958629709E-010
           4   4  4.077770138113120E-010
 time    4.0000000000000001E-008
           1   4  5.840193251264740E-009
           2   4  1.770908302319848E-009
           3   4  8.828391617246833E-010
           4   4  5.435028671309203E-010
 time    6.0000000000000008E-008
           1   4  8.734556546803477E-009
           2   4  2.652232951687996E-009
           3   4  1.322858967154814E-009
           4   4  8.146014573531028E-010
 time    8.0000000000000002E-008
           1   4  1.161599649160582E-008
           2   4  3.531399501729141E-009
           3   4  1.762136908047056E-009
           4   4  1.085351562790992E-009
 time    9.9999999999999995E-008
           1   4  1.448511705103816E-008
           2   4  4.408462264284473E-009
           3   4  2.200685741638108E-009
           4   4  1.355757733660672E-009
 time    1.4999999999999999E-007
           1   4  2.158893589849860E-008
           2   4  6.588749105322897E-009
           3   4  3.292688922937539E-009
           4   4  2.029691590932049E-009
 time    1.9999999999999999E-007
           1   4  2.863058644513947E-008
           2   4  8.757380582586100E-009
           3   4  4.380500595410672E-009
           4   4  2.701608970172051E-009
 time    2.9999999999999999E-007
           1   4  4.250574400204844E-008
           2   4  1.305287698006531E-008
           3   4  6.540625640628642E-009
           4   4  4.037855584139850E-009
 time    3.9999999999999998E-007
           1   4  5.620308248250087E-008
           2   4  1.731073513181516E-008
           3   4  8.686385579324276E-009
           4   4  5.366952571233698E-009
 time    5.9999999999999997E-007
           1   4  8.303485680417730E-008
           2   4  2.570045154044148E-008
           3   4  1.292778695121008E-008
           4   4  7.999526961648309E-009
 time    7.9999999999999996E-007
           1   4  1.093973309377470E-007
           2   4  3.398253937968619E-008
           3   4  1.712503114786574E-008
           4   4  1.060901483954240E-008
 time    9.9999999999999995E-007
           1   4  1.353519505105009E-007
           2   4  4.217085120832837E-008
           3   4  2.128297298937014E-008
           4   4  1.319757345036329E-008
 time    1.5000000000000000E-006
           1   4  1.981719853602213E-007
           2   4  6.217932710502661E-008
           3   4  3.148126755769484E-008
           4   4  1.956183912315378E-008
 time    1.9999999999999999E-006
           1   4  2.592109401566770E-007
           2   4  8.180003740045517E-008
           3   4  4.151541963868206E-008
           4   4  2.583578375465433E-008
 time    3.0000000000000001E-006
           1   4  3.754163486420485E-007
           2   4  1.197879610877950E-007
           3   4  6.106411025602177E-008
           4   4  3.809920794804331E-008
 time    3.9999999999999998E-006
           1   4  4.865556164911178E-007
           2   4  1.566972345209291E-007
           3   4  8.017239753682976E-008
           4   4  5.012434455784733E-008
 time    6.0000000000000002E-006
           1   4  6.922394385131791E-007
           2   4  2.269632651157530E-007
           3   4  1.169479071452152E-007
           4   4  7.340526735160992E-008
 time    7.9999999999999996E-006
           1   4  8.836740175499713E-007
           2   4  2.941664572387844E-007
           3   4  1.524789056764445E-007
           4   4  9.602452728912407E-008
 time    9.9999999999999991E-006
           1   4  1.062498679330832E-006
           2   4  3.586510878919949E-007
           3   4  1.869021969106183E-007
           4   4  1.180545767631478E-007
 time    1.4999999999999999E-005
           1   4  1.445913573871677E-006
           2   4  5.059397252367739E-007
           3   4  2.672700777579402E-007
           4   4  1.700937297119158E-007
 time    1.9999999999999998E-005
           1   4  1.776126152267576E-006
           2   4  6.412815804225813E-007
           3   4  3.427421546000739E-007
           4   4  2.195165928130128E-007
 time    2.9999999999999997E-005
           1   4  2.277853401420125E-006
           2   4  8.734391031493568E-007
           3   4  4.777081021245685E-007
           4   4  3.097988828749725E-007
 time    3.9999999999999996E-005
           1   4  2.659521664040934E-006
           2   4  1.073409765367599E-006
           3   4  5.990470784986771E-007
           4   4  3.927354062323247E-007
 time    4.9999999999999996E-005
           1   4  2.949905207164118E-006
           2   4  1.246005106072318E-006
           3   4  7.084669630770115E-007
           4   4  4.691861499815145E-007
 time    5.9999999999999995E-005
           1   4  3.170764219046041E-006
           2   4  1.395108140378317E-006
           3   4  8.073079205163748E-007
           4   4  5.398063243076451E-007
 time    7.9999999999999993E-005
           1   4  3.441341964194259E-006
           2   4  1.622004156657413E-006
           3   4  9.705182677704715E-007
           4   4  6.614382324335561E-007
 time    9.9999999999999991E-005
           1   4  3.606585420098595E-006
           2   4  1.794584132378127E-006
           3   4  1.105375417082324E-006
           4   4  7.663265273905542E-007
 time    1.1999999999999999E-004
           1   4  3.707031955431872E-006
           2   4  1.925754162440665E-006
           3   4  1.216818149727545E-006
           4   4  8.568100750939839E-007
 time    1.3999999999999999E-004
           1   4  3.767640083652754E-006
           2   4  2.025352140476242E-006
           3   4  1.308893148449427E-006
           4   4  9.348556167440751E-007
 time    1.5999999999999999E-004
           1   4  3.803767351082168E-006
           2   4  2.100884467003064E-006
           3   4  1.384938098879994E-006
           4   4  1.002142892517183E-006
 time    1.7999999999999998E-004
           1   4  3.824858142220935E-006
           2   4  2.158078582961555E-006
           3   4  1.447713563439030E-006
           4   4  1.060117936629067E-006
 time    1.9999999999999998E-004
           1   4  3.836717314442218E-006
           2   4  2.201303167582507E-006
           3   4  1.499505196808534E-006
           4   4  1.110030474017646E-006
 time    2.5000000000000001E-004
           1   4  3.843937976330955E-006
           2   4  2.260404284390997E-006
           3   4  1.583856545033024E-006
           4   4  1.198540921499706E-006
 time    3.0000000000000003E-004
           1   4  3.842465544568893E-006
           2   4  2.292063620462755E-006
           3   4  1.638543795897548E-006
           4   4  1.260923189418022E-006
 time    4.0000000000000002E-004
           1   4  3.831188789586939E-006
           2   4  2.312673655687117E-006
           3   4  1.689882817101675E-006
           4   4  1.327064531869163E-006
 time    5.0000000000000001E-004
           1   4  3.817995264984636E-006
           2   4  2.316692843638145E-006
           3   4  1.712844252329172E-006
           4   4  1.360351436682632E-006
 time    6.0000000000000006E-004
           1   4  3.804428657383551E-006
           2   4  2.314275617355869E-006
           3   4  1.721929890450454E-006
           4   4  1.375300655311445E-006
 time    8.0000000000000004E-004
           1   4  3.777423419354591E-006
           2   4  2.303277966161800E-006
           3   4  1.722098899124505E-006
           4   4  1.377083007078771E-006
 time    1.0000000000000000E-003
           1   4  3.750867282203284E-006
           2   4  2.290912580848979E-006
           3   4  1.716403268432280E-006
           4   4  1.368281781469498E-006
 time    1.5000000000000000E-003
           1   4  3.686765751540324E-006
           2   4  2.259755263819784E-006
           3   4  1.696188287273477E-006
           4   4  1.334612528205310E-006
 time    2.0000000000000000E-003
           1   4  3.625450825478788E-006
           2   4  2.229531027835050E-006
           3   4  1.675025181774816E-006
           4   4  1.300436953918849E-006
 time    3.0000000000000001E-003
           1   4  3.510963306966959E-006
           2   4  2.172257369891864E-006
           3   4  1.632972309024119E-006
           4   4  1.237321860028418E-006
 time    4.0000000000000001E-003
           1   4  3.405416939238625E-006
           2   4  2.118440205586004E-006
           3   4  1.591927918765628E-006
           4   4  1.180746795376058E-006
 time    5.0000000000000001E-003
           1   4  3.307724016824343E-006
           2   4  2.067712231936543E-006
           3   4  1.552234515347309E-006
           4   4  1.129899094058013E-006
 time    6.0000000000000001E-003
           1   4  3.216933404017360E-006
           2   4  2.019754547511049E-006
           3   4  1.514056887235118E-006
           4   4  1.083937653213343E-006
 time    8.0000000000000002E-003
           1   4  3.053899272024166E-006
           2   4  1.931647549460006E-006
           3   4  1.442885305215893E-006
           4   4  1.004565057557652E-006
 time    1.0000000000000000E-002
           1   4  2.910081863521374E-006
           2   4  1.851815477091512E-006
           3   4  1.377762044659730E-006
           4   4  9.375472478905781E-007
 time    1.2000000000000000E-002
           1   4  2.781988720794076E-006
           2   4  1.779119866315739E-006
           3   4  1.318330573982153E-006
           4   4  8.802201074741097E-007
 time    1.4000000000000000E-002
           1   4  2.666933537212329E-006
           2   4  1.712610506248836E-006
           3   4  1.264055304796958E-006
           4   4  8.305598520372966E-007
 time    1.6000000000000000E-002
           1   4  2.562843232736240E-006
           2   4  1.651507274839068E-006
           3   4  1.214388926597077E-006
           4   4  7.870747869697085E-007
 time    1.8000000000000002E-002
           1   4  2.468086574471017E-006
           2   4  1.595159687757071E-006
           3   4  1.168820803508786E-006
           4   4  7.486429581758129E-007
 time    2.0000000000000004E-002
           1   4  2.381358088854440E-006
           2   4  1.543019130838749E-006
           3   4  1.126892420600243E-006
           4   4  7.144034185298845E-007
 time    2.5000000000000005E-002
           1   4  2.194597945029613E-006
           2   4  1.429061822837240E-006
           3   4  1.036205403833083E-006
           4   4  6.436657878846504E-007
 time    3.0000000000000006E-002
           1   4  2.039031117712702E-006
           2   4  1.332566424452873E-006
           3   4  9.604696566881539E-007
           4   4  5.876140660765201E-007
 time    3.5000000000000003E-002
           1   4  1.907065042899019E-006
           2   4  1.249761250527141E-006
           3   4  8.963192778249899E-007
           4   4  5.420579582727233E-007
 time    4.0000000000000001E-002
           1   4  1.793438711888343E-006
           2   4  1.177858284867919E-006
           3   4  8.412644698666228E-007
           4   4  5.042512466158029E-007
 time    4.4999999999999998E-002
           1   4  1.694395231045283E-006
           2   4  1.114784482866240E-006
           3   4  7.934756523953429E-007
           4   4  4.723431072942040E-007
 time    4.9999999999999996E-002
           1   4  1.607169475785597E-006
           2   4  1.058967074905548E-006
           3   4  7.515835984118061E-007
           4   4  4.450380791790873E-007
 time    5.4999999999999993E-002
           1   4  1.529674679197310E-006
           2   4  1.009191031525207E-006
           3   4  7.145448717737039E-007
           4   4  4.214004844167342E-007
 time    5.9999999999999991E-002
           1   4  1.460302444454717E-006
           2   4  9.645024372153809E-007
           3   4  6.815508484577526E-007
           4   4  4.007364806416765E-007
 time    6.4999999999999988E-002
           1   4  1.397790516610025E-006
           2   4  9.241415250772939E-007
           3   4  6.519652274071204E-007
           4   4  3.825199119558703E-007
 time    6.9999999999999993E-002
           1   4  1.341132691307786E-006
           2   4  8.874953189889361E-007
           3   4  6.252803427295205E-007
           4   4  3.663440237933021E-007
 time    7.9999999999999988E-002
           1   4  1.242726297676469E-006
           2   4  8.237230286545835E-007
           3   4  5.792615081993636E-007
           4   4  3.390327110592663E-007
 time    8.9999999999999983E-002
           1   4  1.159542497370353E-006
           2   4  7.697260368214171E-007
           3   4  5.407166174784183E-007
           4   4  3.167380543522779E-007
 time    9.9999999999999978E-002
           1   4  1.088237240892339E-006
           2   4  7.234030451405683E-007
           3   4  5.079729490179414E-007
           4   4  2.982420429774205E-007
 time   0.10999999999999997     
           1   4  1.026394349271057E-006
           2   4  6.832186188631663E-007
           3   4  4.798240756492405E-007
           4   4  2.826937041890729E-007
 time   0.11999999999999997     
           1   4  9.722238274992456E-007
           2   4  6.480273418503163E-007
           3   4  4.553806916725634E-007
           4   4  2.694816104857221E-007
 time   0.12999999999999998     
           1   4  9.243687918957830E-007
           2   4  6.169562612123785E-007
           3   4  4.339720203297952E-007
           4   4  2.581543969714393E-007
 time   0.13999999999999999     
           1   4  8.817802924140735E-007
           2   4  5.893276472924509E-007
           3   4  4.150819994911765E-007
           4   4  2.483711254118890E-007
 time   0.14999999999999999     
           1   4  8.436335527384948E-007
           2   4  5.646067718933235E-007
           3   4  3.983067057577497E-007
           4   4  2.398691460697762E-007
 time   0.16000000000000000     
           1   4  8.092703770089776E-007
           2   4  5.423657016711946E-007
           3   4  3.833251806078544E-007
           4   4  2.324426321749395E-007
 time   0.17999999999999999     
           1   4  7.502433763794766E-007
           2   4  5.042404173060615E-007
           3   4  3.579227176214342E-007
           4   4  2.202790265698987E-007
 time   0.19999999999999998     
           1   4  7.009820211951273E-007
           2   4  4.725302258855291E-007
           3   4  3.370980522432220E-007
           4   4  2.107885864248308E-007
 time   0.21999999999999997     
           1   4  6.592961267495123E-007
           2   4  4.458001578151179E-007
           3   4  3.198002608142609E-007
           4   4  2.033267126862115E-007
 time   0.23999999999999996     
           1   4  6.236102644716801E-007
           2   4  4.230152046228027E-007
           3   4  3.052771382960691E-007
           4   4  1.974386512176133E-007
 time   0.25999999999999995     
           1   4  5.927611014707861E-007
           2   4  4.034097794868545E-007
           3   4  2.929759292561020E-007
           4   4  1.927940987168467E-007
 time   0.27999999999999997     
           1   4  5.658698400120734E-007
           2   4  3.864047324198141E-007
           3   4  2.824807803299393E-007
           4   4  1.891469074955103E-007
 time   0.29999999999999999     
           1   4  5.422595402231709E-007
           2   4  3.715534027953228E-007
           3   4  2.734724431903275E-007
           4   4  1.863095531179422E-007
 time   0.32000000000000001     
           1   4  5.213998452682232E-007
           2   4  3.585054683342800E-007
           3   4  2.657014822115376E-007
           4   4  1.841364008966296E-007
 time   0.34000000000000002     
           1   4  5.028690235512231E-007
           2   4  3.469820746741275E-007
           3   4  2.589699700691808E-007
           4   4  1.825124173448954E-007
 time   0.36000000000000004     
           1   4  4.863272866009322E-007
           2   4  3.367583280582975E-007
           3   4  2.531186826275160E-007
           4   4  1.813453622745782E-007
 time   0.38000000000000006     
           1   4  4.714976435954727E-007
           2   4  3.276507194013095E-007
           3   4  2.480179528505155E-007
           4   4  1.805602697900721E-007
 time   0.40000000000000008     
           1   4  4.581519110993528E-007
           2   4  3.195079271577990E-007
           3   4  2.435610171870387E-007
           4   4  1.800954724706629E-007
 time   0.45000000000000007     
           1   4  4.308054664904878E-007
           2   4  3.030151896143466E-007
           3   4  2.349284520832134E-007
           4   4  1.800729426670707E-007
 time   0.50000000000000011     
           1   4  4.091357359088587E-007
           2   4  2.901633716206407E-007
           3   4  2.286365889430991E-007
           4   4  1.810767360375500E-007
 time   0.55000000000000016     
           1   4  3.917192732743099E-007
           2   4  2.800047400290190E-007
           3   4  2.240209937465078E-007
           4   4  1.827245269063725E-007
 time   0.60000000000000020     
           1   4  3.775580504112593E-007
           2   4  2.718747669283898E-007
           3   4  2.206174182775316E-007
           4   4  1.847503367741355E-007
 time   0.65000000000000024     
           1   4  3.659312699360067E-007
           2   4  2.652945836099973E-007
           3   4  2.180936982218625E-007
           4   4  1.869666964864392E-007
 time   0.70000000000000029     
           1   4  3.563055101120764E-007
           2   4  2.599116781058121E-007
           3   4  2.162084526833146E-007
           4   4  1.892417681682004E-007
 time   0.75000000000000033     
           1   4  3.482780014017945E-007
           2   4  2.554622820349773E-007
           3   4  2.147847713482188E-007
           4   4  1.914845117104137E-007
 time   0.80000000000000038     
           1   4  3.415395057125424E-007
           2   4  2.517465438722236E-007
           3   4  2.136926174614949E-007
           4   4  1.936343547907472E-007
 time   0.85000000000000042     
           1   4  3.358492447403188E-007
           2   4  2.486115532688082E-007
           3   4  2.128365419121368E-007
           4   4  1.956535502880750E-007
 time   0.90000000000000047     
           1   4  3.310174919087321E-007
           2   4  2.459393792817787E-007
           3   4  2.121468027557915E-007
           4   4  1.975212848244794E-007
 time   0.95000000000000051     
           1   4  3.268931926191870E-007
           2   4  2.436384346605828E-007
           3   4  2.115727871537728E-007
           4   4  1.992290464313125E-007
 time    1.0000000000000004     
           1   4  3.233549785626484E-007
           2   4  2.416371257866027E-007
           3   4  2.110780685380494E-007
           4   4  2.007769751390006E-007
 time    1.0500000000000005     
           1   4  3.203045320637632E-007
           2   4  2.398791220814045E-007
           3   4  2.106366715946507E-007
           4   4  2.021710190572977E-007
 time    1.1000000000000005     
           1   4  3.176616143621291E-007
           2   4  2.383198011498600E-007
           3   4  2.102302528117340E-007
           4   4  2.034207612575360E-007
 time    1.1500000000000006     
           1   4  3.153602948206406E-007
           2   4  2.369235627242113E-007
           3   4  2.098459842023679E-007
           4   4  2.045378019431497E-007
 time    1.2000000000000006     
           1   4  3.133460609284601E-007
           2   4  2.356617920852139E-007
           3   4  2.094749786560018E-007
           4   4  2.055345919440988E-007
 time    1.2500000000000007     
           1   4  3.115735829717043E-007
           2   4  2.345113122817944E-007
           3   4  2.091111307673311E-007
           4   4  2.064236242036926E-007
 time    1.3000000000000007     
           1   4  3.100049707136811E-007
           2   4  2.334532054287155E-007
           3   4  2.087502736708474E-007
           4   4  2.072169015882902E-007
 time    1.3500000000000008     
           1   4  3.086084033058931E-007
           2   4  2.324719129948173E-007
           3   4  2.083895735890768E-007
           4   4  2.079256118715512E-007
 time    1.4000000000000008     
           1   4  3.073570446231637E-007
           2   4  2.315545469841363E-007
           3   4  2.080271010031645E-007
           4   4  2.085599532833260E-007
 time    1.4500000000000008     
           1   4  3.062281784613548E-007
           2   4  2.306903604841130E-007
           3   4  2.076615313523969E-007
           4   4  2.091290657420435E-007
 time    1.5000000000000009     
           1   4  3.052025142402100E-007
           2   4  2.298703386374224E-007
           3   4  2.072919394521029E-007
           4   4  2.096410332487207E-007
 time    1.6000000000000010     
           1   4  3.034493810381195E-007
           2   4  2.283565448794981E-007
           3   4  2.065393975110196E-007
           4   4  2.104960332843766E-007
 time    1.7000000000000011     
           1   4  3.019121059388786E-007
           2   4  2.269294098031571E-007
           3   4  2.057644115072868E-007
           4   4  2.112099986921898E-007
 time    1.8000000000000012     
           1   4  3.005254124330263E-007
           2   4  2.255592499149514E-007
           3   4  2.049646518766676E-007
           4   4  2.118110538160787E-007
 time    1.9000000000000012     
           1   4  2.992404956816012E-007
           2   4  2.242240973491191E-007
           3   4  2.041384179922072E-007
           4   4  2.123199747574654E-007
 time    2.0000000000000013     
           1   4  2.980209314988367E-007
           2   4  2.229077746698159E-007
           3   4  2.032845045376684E-007
           4   4  2.127520463203964E-007
 time    2.1000000000000014     
           1   4  2.968396840634131E-007
           2   4  2.215985109963522E-007
           3   4  2.024021580715571E-007
           4   4  2.131185202461715E-007
 time    2.2000000000000015     
           1   4  2.956768789356269E-007
           2   4  2.202879165870453E-007
           3   4  2.014910544620548E-007
           4   4  2.134277237484420E-007
 time    2.3000000000000016     
           1   4  2.945181215346696E-007
           2   4  2.189702043708571E-007
           3   4  2.005512712711461E-007
           4   4  2.136858832831846E-007
 time    2.4000000000000017     
           1   4  2.933532128254990E-007
           2   4  2.176415883340141E-007
           3   4  1.995832489777591E-007
           4   4  2.138977265685959E-007
 time    2.5000000000000018     
           1   4  2.921751599321719E-007
           2   4  2.162998130867223E-007
           3   4  1.985877429885487E-007
           4   4  2.140669170014914E-007
 time    2.6000000000000019     
           1   4  2.909794094649793E-007
           2   4  2.149437835900370E-007
           3   4  1.975657707832565E-007
           4   4  2.141963640410760E-007
 time    2.7000000000000020     
           1   4  2.897632514098895E-007
           2   4  2.135732730433852E-007
           3   4  1.965185584536259E-007
           4   4  2.142884432239505E-007
 time    2.8000000000000020     
           1   4  2.885253550954186E-007
           2   4  2.121886926767720E-007
           3   4  1.954474899051103E-007
           4   4  2.143451511167558E-007
 time    2.9000000000000021     
           1   4  2.872654082728988E-007
           2   4  2.107909110067582E-007
           3   4  1.943540608402748E-007
           4   4  2.143682138614908E-007
 time    3.0000000000000022     
           1   4  2.859838371362594E-007
           2   4  2.093811127741569E-007
           3   4  1.932398386397719E-007
           4   4  2.143591628662427E-007
 time    3.1000000000000023     
           1   4  2.846815900666776E-007
           2   4  2.079606897272346E-007
           3   4  1.921064284962255E-007
           4   4  2.143193873774787E-007
 time    3.2000000000000024     
           1   4  2.833599715935504E-007
           2   4  2.065311569021454E-007
           3   4  1.909554456365498E-007
           4   4  2.142501708669151E-007
 time    3.3000000000000025     
           1   4  2.820205158912701E-007
           2   4  2.050940892304173E-007
           3   4  1.897884931495251E-007
           4   4  2.141527161354684E-007
 time    3.4000000000000026     
           1   4  2.806648913279637E-007
           2   4  2.036510742589692E-007
           3   4  1.886071447690171E-007
           4   4  2.140281625817006E-007
 time    3.6000000000000028     
           1   4  2.778984090395761E-007
           2   4  2.007487363625589E-007
           3   4  1.862076672113517E-007
           4   4  2.137045090120934E-007
 time    3.8000000000000029     
           1   4  2.750971216699456E-007
           2   4  1.978449019472466E-007
           3   4  1.837695813418582E-007
           4   4  2.132839823634022E-007
 time    4.0000000000000027     
           1   4  2.722697254270701E-007
           2   4  1.949481664645110E-007
           3   4  1.813026528218967E-007
           4   4  2.127744340407065E-007
 time    4.2000000000000028     
           1   4  2.694254905497664E-007
           2   4  1.920667571452586E-007
           3   4  1.788160943618720E-007
           4   4  2.121833821235417E-007
 time    4.4000000000000030     
           1   4  2.665733321729171E-007
           2   4  1.892080898349522E-007
           3   4  1.763182988493149E-007
           4   4  2.115178453342160E-007
 time    4.6000000000000032     
           1   4  2.637213627924488E-007
           2   4  1.863786050362071E-007
           3   4  1.738167683751954E-007
           4   4  2.107843254407645E-007
 time    4.8000000000000034     
           1   4  2.608767199617316E-007
           2   4  1.835837506643972E-007
           3   4  1.713181328822533E-007
           4   4  2.099888379523120E-007
 time    5.0000000000000036     
           1   4  2.580455444043699E-007
           2   4  1.808280376173713E-007
           3   4  1.688282072487305E-007
           4   4  2.091369532152393E-007
 time    5.2000000000000037     
           1   4  2.552330347947070E-007
           2   4  1.781151273759336E-007
           3   4  1.663520621392010E-007
           4   4  2.082338353335600E-007
 time    5.4000000000000039     
           1   4  2.524435368601818E-007
           2   4  1.754479296778387E-007
           3   4  1.638940969714554E-007
           4   4  2.072842759955923E-007
 time    5.6000000000000041     
           1   4  2.496806433802704E-007
           2   4  1.728286989427283E-007
           3   4  1.614581097463104E-007
           4   4  2.062927235092764E-007
 time    5.8000000000000043     
           1   4  2.469472927973669E-007
           2   4  1.702591240481209E-007
           3   4  1.590473616103592E-007
           4   4  2.052633080996916E-007
 time    6.0000000000000044     
           1   4  2.442458605439009E-007
           2   4  1.677404092813225E-007
           3   4  1.566646355196654E-007
           4   4  2.041998644445610E-007
 time    6.2000000000000046     
           1   4  2.415782407379691E-007
           2   4  1.652733459882302E-007
           3   4  1.543122890661217E-007
           4   4  2.031059521509378E-007
 time    6.4000000000000048     
           1   4  2.389459177866660E-007
           2   4  1.628583752831466E-007
           3   4  1.519923018274414E-007
           4   4  2.019848746243493E-007
 time    6.6000000000000050     
           1   4  2.363500283752242E-007
           2   4  1.604956425607444E-007
           3   4  1.497063177107066E-007
           4   4  2.008396966023991E-007
 time    6.8000000000000052     
           1   4  2.337914147331041E-007
           2   4  1.581850446808721E-007
           3   4  1.474556827790803E-007
           4   4  1.996732605135358E-007
 time    7.0000000000000053     
           1   4  2.312706701998555E-007
           2   4  1.559262707006594E-007
           3   4  1.452414790311162E-007
           4   4  1.984882017596025E-007
 time    7.5000000000000053     
           1   4  2.251369839869126E-007
           2   4  1.505094360528246E-007
           3   4  1.398839518977992E-007
           4   4  1.954766101704072E-007
 time    8.0000000000000053     
           1   4  2.192525742856435E-007
           2   4  1.454035038346852E-007
           3   4  1.347624702993890E-007
           4   4  1.923870038490767E-007
 time    8.5000000000000053     
           1   4  2.136061319622490E-007
           2   4  1.405917056865272E-007
           3   4  1.298811958123782E-007
           4   4  1.892538832331446E-007
 time    9.0000000000000053     
           1   4  2.081901317517366E-007
           2   4  1.360576037858155E-007
           3   4  1.252387644846963E-007
           4   4  1.861021896233845E-007
 time    9.5000000000000053     
           1   4  2.029968775471277E-007
           2   4  1.317844411675016E-007
           3   4  1.208302347523223E-007
           4   4  1.829511127022049E-007
 time    10.000000000000005     
           1   4  1.980179911774827E-007
           2   4  1.277554643263609E-007
           3   4  1.166483510740183E-007
           4   4  1.798158860943855E-007
 time    10.500000000000005     
           1   4  1.932446185017374E-007
           2   4  1.239543036448070E-007
           3   4  1.126843751382477E-007
           4   4  1.767087249022102E-007
 time    11.000000000000005     
           1   4  1.886677026640133E-007
           2   4  1.203652480961820E-007
           3   4  1.089286630005188E-007
           4   4  1.736394080174491E-007
 time    11.500000000000005     
           1   4  1.842781975358068E-007
           2   4  1.169734136903326E-007
           3   4  1.053710808564601E-007
           4   4  1.706156995178062E-007
 time    12.000000000000005     
           1   4  1.800672147606407E-007
           2   4  1.137648317834019E-007
           3   4  1.020013087252432E-007
           4   4  1.676436823094333E-007
 time    12.500000000000005     
           1   4  1.760261194544973E-007
           2   4  1.107264815901762E-007
           3   4  9.880906171765105E-008
           4   4  1.647280334573561E-007
 time    13.000000000000005     
           1   4  1.721465894579872E-007
           2   4  1.078462853270275E-007
           3   4  9.578424907258454E-008
           4   4  1.618722552226330E-007
 time    13.500000000000005     
           1   4  1.684206493894670E-007
           2   4  1.051130792081236E-007
           3   4  9.291708576909385E-008
           4   4  1.590788701332584E-007
 time    14.000000000000005     
           1   4  1.648406874541187E-007
           2   4  1.025165696019043E-007
           3   4  9.019816798048814E-008
           4   4  1.563495860114511E-007
 time    14.500000000000005     
           1   4  1.613994605379570E-007
           2   4  1.000472808209395E-007
           3   4  8.761852107335202E-008
           4   4  1.536854356214872E-007
 time    15.000000000000005     
           1   4  1.580900914180459E-007
           2   4  9.769649898921368E-008
           3   4  8.516962690861475E-008
           4   4  1.510868947858844E-007
 time    15.500000000000005     
           1   4  1.549060607467694E-007
           2   4  9.545621498448538E-008
           3   4  8.284343569442363E-008
           4   4  1.485539822064081E-007
 time    16.000000000000007     
           1   4  1.518411956574224E-007
           2   4  9.331906842665750E-008
           3   4  8.063236646283322E-008
           4   4  1.460863437337295E-007
 time    16.500000000000007     
           1   4  1.488896562768001E-007
           2   4  9.127829395842054E-008
           3   4  7.852929931911568E-008
           4   4  1.436833234193695E-007
 time    17.000000000000007     
           1   4  1.460459210397971E-007
           2   4  8.932767055712489E-008
           3   4  7.652756188843347E-008
           4   4  1.413440233370964E-007
 time    17.500000000000007     
           1   4  1.433047714280724E-007
           2   4  8.746147426566790E-008
           3   4  7.462091181703947E-008
           4   4  1.390673538665338E-007
 time    18.000000000000007     
           1   4  1.406612765633024E-007
           2   4  8.567443449088780E-008
           3   4  7.280351674094963E-008
           4   4  1.368520758808771E-007
 time    19.000000000000007     
           1   4  1.356548693636169E-007
           2   4  8.232309435726087E-008
           3   4  6.942059020945852E-008
           4   4  1.326122247378840E-007
 time    20.000000000000007     
           1   4  1.309863592628556E-007
           2   4  7.923426135307668E-008
           3   4  6.633212640547034E-008
           4   4  1.285942043560807E-007
 time    21.000000000000007     
           1   4  1.266243257404064E-007
           2   4  7.637827741052055E-008
           3   4  6.350502279876088E-008
           4   4  1.247906749566682E-007
 time    22.000000000000007     
           1   4  1.225415161900627E-007
           2   4  7.372991651001961E-008
           3   4  6.090988107272744E-008
           4   4  1.211898648005303E-007
 time    23.000000000000007     
           1   4  1.187136146082238E-007
           2   4  7.126744009982055E-008
           3   4  5.852108527815042E-008
           4   4  1.177796346111001E-007
 time    24.000000000000007     
           1   4  1.151188420348596E-007
           2   4  6.897201375654506E-008
           3   4  5.631633727598379E-008
           4   4  1.145481244540801E-007
 time    25.000000000000007     
           1   4  1.117376601776184E-007
           2   4  6.682724524185665E-008
           3   4  5.427620095810284E-008
           4   4  1.114839606420834E-007
 time    26.000000000000007     
           1   4  1.085525145300059E-007
           2   4  6.481880636549864E-008
           3   4  5.238370215478806E-008
           4   4  1.085763523745210E-007
 time    27.000000000000007     
           1   4  1.055476083699462E-007
           2   4  6.293412137373202E-008
           3   4  5.062398375376928E-008
           4   4  1.058151360378122E-007
 time    28.000000000000007     
           1   4  1.027087038239329E-007
           2   4  6.116210906516443E-008
           3   4  4.898401028060948E-008
           4   4  1.031907880010583E-007
 time    29.000000000000007     
           1   4  1.000229468488703E-007
           2   4  5.949296847142528E-008
           3   4  4.745231562711143E-008
           4   4  1.006944173826155E-007
 time    30.000000000000007     
           1   4  9.747871330008531E-008
           2   4  5.791799997348107E-008
           3   4  4.601878793534288E-008
           4   4  9.831774611130779E-008
 time    31.000000000000007     
           1   4  9.506547353667650E-008
           2   4  5.642945534141042E-008
           3   4  4.467448623046749E-008
           4   4  9.605308120091239E-008
 time    32.000000000000007     
           1   4  9.277367328735983E-008
           2   4  5.502041147221148E-008
           3   4  4.341148405299100E-008
           4   4  9.389328260046331E-008
 time    33.000000000000007     
           1   4  9.059462875762837E-008
           2   4  5.368466362281286E-008
           3   4  4.222273598627993E-008
           4   4  9.183172892391023E-008
 time    34.000000000000007     
           1   4  8.852043419789149E-008
           2   4  5.241663474788028E-008
           3   4  4.110196357010748E-008
           4   4  8.986228262450137E-008
 time    35.000000000000007     
           1   4  8.654388036974449E-008
           2   4  5.121129819801004E-008
           3   4  4.004355762041646E-008
           4   4  8.797925565933877E-008
 time    36.000000000000007     
           1   4  8.465838254288403E-008
           2   4  5.006411154849056E-008
           3   4  3.904249443642682E-008
           4   4  8.617737632225472E-008
 time    37.000000000000007     
           1   4  8.285791682888683E-008
           2   4  4.897095973977189E-008
           3   4  3.809426377179516E-008
           4   4  8.445175766412838E-008
 time    38.000000000000007     
           1   4  8.113696381134831E-008
           2   4  4.792810603998049E-008
           3   4  3.719480678275512E-008
           4   4  8.279786773812335E-008
 time    40.000000000000007     
           1   4  7.791956000440083E-008
           2   4  4.598351379754325E-008
           3   4  3.553101052231647E-008
           4   4  7.969598404626145E-008
 time    42.000000000000007     
           1   4  7.496352784836221E-008
           2   4  4.420236574425512E-008
           3   4  3.402201090516462E-008
           4   4  7.683182564156326E-008
 time    44.000000000000007     
           1   4  7.223856079860415E-008
           2   4  4.256480409818256E-008
           3   4  3.264716809541027E-008
           4   4  7.418090120393670E-008
 time    46.000000000000007     
           1   4  6.971882757823210E-008
           2   4  4.105407532782630E-008
           3   4  3.138926720800706E-008
           4   4  7.172086071280561E-008
 time    48.000000000000007     
           1   4  6.738214407200304E-008
           2   4  3.965592916257440E-008
           3   4  3.023389359187199E-008
           4   4  6.943220002481678E-008
 time    50.000000000000007     
           1   4  6.520936236036024E-008
           2   4  3.835816812615515E-008
           3   4  2.916889413053521E-008
           4   4  6.729788394115542E-008
 time    52.000000000000007     
           1   4  6.318387752669055E-008
           2   4  3.715029150379811E-008
           3   4  2.818395524763824E-008
           4   4  6.530299119661974E-008
 time    54.000000000000007     
           1   4  6.129122588399183E-008
           2   4  3.602321090272591E-008
           3   4  2.727027068410841E-008
           4   4  6.343441119945320E-008
 time    56.000000000000007     
           1   4  5.951875573975007E-008
           2   4  3.496902110427038E-008
           3   4  2.642027791777716E-008
           4   4  6.168058766550854E-008
 time    58.000000000000007     
           1   4  5.785535613079545E-008
           2   4  3.398081405724990E-008
           3   4  2.562744746080692E-008
           4   4  6.003130227581083E-008
 time    60.000000000000007     
           1   4  5.629123215854045E-008
           2   4  3.305252683010546E-008
           3   4  2.488611320901755E-008
           4   4  5.847749194059659E-008
 time    62.000000000000007     
           1   4  5.481771799049060E-008
           2   4  3.217881650899015E-008
           3   4  2.419133490440655E-008
           4   4  5.701109413282755E-008
 time    64.000000000000000     
           1   4  5.342712046692296E-008
           2   4  3.135495663667338E-008
           3   4  2.353878590247824E-008
           4   4  5.562491564162721E-008
 time    66.000000000000000     
           1   4  5.211258770168057E-008
           2   4  3.057675099122169E-008
           3   4  2.292466101946276E-008
           4   4  5.431252088254853E-008
 time    68.000000000000000     
           1   4  5.086799819498651E-008
           2   4  2.984046141382116E-008
           3   4  2.234560042033405E-008
           4   4  5.306813656792332E-008
 time    70.000000000000000     
           1   4  4.968786685978604E-008
           2   4  2.914274708941342E-008
           3   4  2.179862640317811E-008
           4   4  5.188657009460895E-008
 time    72.000000000000000     
           1   4  4.856726505824360E-008
           2   4  2.848061321759087E-008
           3   4  2.128109061531535E-008
           4   4  5.076313946326158E-008
 time    74.000000000000000     
           1   4  4.750175229460587E-008
           2   4  2.785136742465562E-008
           3   4  2.079062975685067E-008
           4   4  4.969361291849550E-008
 time    76.000000000000000     
           1   4  4.648731764729658E-008
           2   4  2.725258259028779E-008
           3   4  2.032512822817801E-008
           4   4  4.867415680712435E-008
 time    78.000000000000000     
           1   4  4.552032937171144E-008
           2   4  2.668206501557412E-008
           3   4  1.988268648884037E-008
           4   4  4.770129040426955E-008
 time    80.000000000000000     
           1   4  4.459749138478337E-008
           2   4  2.613782705934441E-008
           3   4  1.946159413776124E-008
           4   4  4.677184666460712E-008
 time    85.000000000000000     
           1   4  4.247216890052347E-008
           2   4  2.488526348870216E-008
           3   4  1.849596208721449E-008
           4   4  4.462793483792082E-008
 time    90.000000000000000     
           1   4  4.056280423823918E-008
           2   4  2.376090647975590E-008
           3   4  1.763319443405359E-008
           4   4  4.269710953110175E-008
 time    95.000000000000000     
           1   4  3.883761600929636E-008
           2   4  2.274571869844377E-008
           3   4  1.685734702042328E-008
           4   4  4.094884797809727E-008
 time    100.00000000000000     
           1   4  3.727076655301733E-008
           2   4  2.182426106463411E-008
           3   4  1.615562312139437E-008
           4   4  3.935796377109258E-008
 time    105.00000000000000     
           1   4  3.584103875198046E-008
           2   4  2.098388214148863E-008
           3   4  1.551763637308625E-008
           4   4  3.790369432963128E-008
 time    110.00000000000000     
           1   4  3.453085122082323E-008
           2   4  2.021411724723422E-008
           3   4  1.493486810128605E-008
           4   4  3.656878087506632E-008
 time    115.00000000000000     
           1   4  3.332551355738018E-008
           2   4  1.950623597518956E-008
           3   4  1.440026471750812E-008
           4   4  3.533876289697296E-008
 time    120.00000000000000     
           1   4  3.221265660575589E-008
           2   4  1.885289729058581E-008
           3   4  1.390793491558369E-008
           4   4  3.420143480079275E-008
 time    125.00000000000000     
           1   4  3.118179186679665E-008
           2   4  1.824788363084498E-008
           3   4  1.345291901445108E-008
           4   4  3.314642367381604E-008
 time    130.00000000000000     
           1   4  3.022396731181704E-008
           2   4  1.768589373823929E-008
           3   4  1.303101118086872E-008
           4   4  3.216485809573570E-008
 time    135.00000000000000     
           1   4  2.933149595017844E-008
           2   4  1.716237966154510E-008
           3   4  1.263862091477347E-008
           4   4  3.124910602369856E-008
 time    140.00000000000000     
           1   4  2.849773987476088E-008
           2   4  1.667341733602724E-008
           3   4  1.227266403936687E-008
           4   4  3.039256558629481E-008
 time    145.00000000000000     
           1   4  2.771693702588299E-008
           2   4  1.621560295026436E-008
           3   4  1.193047611225814E-008
           4   4  2.958949677939249E-008
 time    150.00000000000000     
           1   4  2.698406115083882E-008
           2   4  1.578596930445686E-008
           3   4  1.160974305245007E-008
           4   4  2.883488505881984E-008
 time    155.00000000000000     
           1   4  2.629470778108801E-008
           2   4  1.538191780489236E-008
           3   4  1.130844511459647E-008
           4   4  2.812433001286728E-008
 time    160.00000000000000     
           1   4  2.564500076584411E-008
           2   4  1.500116278960264E-008
           3   4  1.102481130471989E-008
           4   4  2.745395390776176E-008
 time    165.00000000000000     
           1   4  2.503151517022637E-008
           2   4  1.464168565439597E-008
           3   4  1.075728203301173E-008
           4   4  2.682032609546245E-008
 time    170.00000000000000     
           1   4  2.445121329372684E-008
           2   4  1.430169682465311E-008
           3   4  1.050447831588673E-008
           4   4  2.622040016981355E-008
 time    175.00000000000000     
           1   4  2.390139127844031E-008
           2   4  1.397960405113363E-008
           3   4  1.026517622370787E-008
           4   4  2.565146143503635E-008
 time    180.00000000000000     
           1   4  2.337963431860455E-008
           2   4  1.367398583605996E-008
           3   4  1.003828555913644E-008
           4   4  2.511108276728010E-008
 time    185.00000000000000     
           1   4  2.288377889806031E-008
           2   4  1.338356904637324E-008
           3   4  9.822831969664912E-009
           4   4  2.459708734685725E-008
 time    190.00000000000000     
           1   4  2.241188080244920E-008
           2   4  1.310720996403992E-008
           3   4  9.617941864897477E-009
           4   4  2.410751704588130E-008
 time    195.00000000000000     
           1   4  2.196218790177356E-008
           2   4  1.284387817298285E-008
           3   4  9.422829637742253E-009
           4   4  2.364060549528133E-008
 time    200.00000000000000     
           1   4  2.153311689358566E-008
           2   4  1.259264279913342E-008
           3   4  9.236786788440449E-009
           4   4  2.319475504279964E-008
 time    205.00000000000000     
           1   4  2.112323335032719E-008
           2   4  1.235266071203177E-008
           3   4  9.059172628295383E-009
           4   4  2.276851696165065E-008
 time    210.00000000000000     
           1   4  2.073123453574850E-008
           2   4  1.212316636913189E-008
           3   4  8.889406301256471E-009
           4   4  2.236057438706854E-008
 time    215.00000000000000     
           1   4  2.035593455207649E-008
           2   4  1.190346304185277E-008
           3   4  8.726959910022512E-009
           4   4  2.196972755182139E-008
 time    220.00000000000000     
           1   4  1.999625145711443E-008
           2   4  1.169291520874397E-008
           3   4  8.571352571948027E-009
           4   4  2.159488096710316E-008
 time    225.00000000000000     
           1   4  1.965119605289261E-008
           2   4  1.149094193841283E-008
           3   4  8.422145260961022E-009
           4   4  2.123503225600049E-008
 time    230.00000000000000     
           1   4  1.931986209803655E-008
           2   4  1.129701111501107E-008
           3   4  8.278936316594597E-009
           4   4  2.088926239601913E-008
 time    235.00000000000000     
           1   4  1.900141773713741E-008
           2   4  1.111063438358393E-008
           3   4  8.141357521380585E-009
           4   4  2.055672716730923E-008
 time    240.00000000000000     
           1   4  1.869509797401274E-008
           2   4  1.093136271259481E-008
           3   4  8.009070664234757E-009
           4   4  2.023664963609042E-008
 time    250.00000000000000     
           1   4  1.811761747611343E-008
           2   4  1.059341979886871E-008
           3   4  7.759821746951740E-009
           4   4  1.963269298355640E-008
 time    260.00000000000000     
           1   4  1.758058863557600E-008
           2   4  1.027917540107524E-008
           3   4  7.528192539535729E-009
           4   4  1.907038000911014E-008
 time    270.00000000000000     
           1   4  1.707976378648205E-008
           2   4  9.986137816338161E-009
           3   4  7.312313757848133E-009
           4   4  1.854538670617847E-008
 time    280.00000000000000     
           1   4  1.661147609158153E-008
           2   4  9.712156551745497E-009
           3   4  7.110574599068696E-009
           4   4  1.805397028638657E-008
 time    290.00000000000000     
           1   4  1.617254381059221E-008
           2   4  9.455365997516165E-009
           3   4  6.921579630767941E-009
           4   4  1.759288032115792E-008
 time    300.00000000000000     
           1   4  1.576019245951301E-008
           2   4  9.214139644604289E-009
           3   4  6.744113830501016E-009
           4   4  1.715927969399298E-008
 time    310.00000000000000     
           1   4  1.537199137012888E-008
           2   4  8.987052786172359E-009
           3   4  6.577114177593217E-009
           4   4  1.675068037198179E-008
 time    320.00000000000000     
           1   4  1.500580172549863E-008
           2   4  8.772851976570707E-009
           3   4  6.419646444435776E-009
           4   4  1.636489085935343E-008
 time    330.00000000000000     
           1   4  1.465973374928917E-008
           2   4  8.570429878065438E-009
           3   4  6.270886120970733E-009
           4   4  1.599997291430392E-008
 time    340.00000000000000     
           1   4  1.433211123107777E-008
           2   4  8.378804423655776E-009
           3   4  6.130102641692512E-009
           4   4  1.565420567017447E-008
 time    350.00000000000000     
           1   4  1.402144196475054E-008
           2   4  8.197101457605334E-009
           3   4  5.996646267516222E-009
           4   4  1.532605571890402E-008
 time    360.00000000000000     
           1   4  1.372639298161300E-008
           2   4  8.024540195012135E-009
           3   4  5.869937115156344E-009
           4   4  1.501415202823453E-008
 time    370.00000000000000     
           1   4  1.344576969423208E-008
           2   4  7.860420980001912E-009
           3   4  5.749455934189949E-009
           4   4  1.471726480254138E-008
 time    380.00000000000000     
           1   4  1.317849824811755E-008
           2   4  7.704114928889951E-009
           3   4  5.634736314743686E-009
           4   4  1.443428758012418E-008
 time    390.00000000000000     
           1   4  1.292361051898817E-008
           2   4  7.555055127532098E-009
           3   4  5.525358072809613E-009
           4   4  1.416422200139206E-008
 time    400.00000000000000     
           1   4  1.268023130323115E-008
           2   4  7.412729116800875E-009
           3   4  5.420941610094371E-009
           4   4  1.390616479279855E-008
 time    410.00000000000000     
           1   4  1.244756733550258E-008
           2   4  7.276672450961807E-009
           3   4  5.321143084414262E-009
           4   4  1.365929659809116E-008
 time    420.00000000000000     
           1   4  1.222489783567161E-008
           2   4  7.146463153902628E-009
           3   4  5.225650257488699E-009
           4   4  1.342287235697530E-008
 time    430.00000000000000     
           1   4  1.201156634158160E-008
           2   4  7.021716930103619E-009
           3   4  5.134178911448972E-009
           4   4  1.319621298579363E-008
 time    440.00000000000000     
           1   4  1.180697362749574E-008
           2   4  6.902083012764705E-009
           3   4  5.046469744898327E-009
           4   4  1.297869815841342E-008
 time    450.00000000000000     
           1   4  1.161057154297526E-008
           2   4  6.787240552019796E-009
           3   4  4.962285675018128E-009
           4   4  1.276976002057266E-008
 time    460.00000000000000     
           1   4  1.142185763512350E-008
           2   4  6.676895462740391E-009
           3   4  4.881409484843421E-009
           4   4  1.256887769927870E-008
 time    470.00000000000000     
           1   4  1.124037044001482E-008
           2   4  6.570777664883563E-009
           3   4  4.803641765067571E-009
           4   4  1.237557249187978E-008
 time    480.00000000000000     
           1   4  1.106568534779741E-008
           2   4  6.468638660312109E-009
           3   4  4.728799108072615E-009
           4   4  1.218940363822888E-008
 time    490.00000000000000     
           1   4  1.089741096126110E-008
           2   4  6.370249399005612E-009
           3   4  4.656712518703996E-009
           4   4  1.200996459477455E-008
 time    500.00000000000000     
           1   4  1.073518588025482E-008
           2   4  6.275398394979850E-009
           3   4  4.587226011915096E-009
           4   4  1.183687974211017E-008
 time    510.00000000000000     
           1   4  1.057867585474879E-008
           2   4  6.183890058345990E-009
           3   4  4.520195372034734E-009
           4   4  1.166980146801442E-008
 time    520.00000000000000     
           1   4  1.042757125797359E-008
           2   4  6.095543215014147E-009
           3   4  4.455487052245848E-009
           4   4  1.150840757673484E-008
 time    530.00000000000000     
           1   4  1.028158483826506E-008
           2   4  6.010189789770592E-009
           3   4  4.392977196054515E-009
           4   4  1.135239898253562E-008
 time    540.00000000000000     
           1   4  1.014044971425908E-008
           2   4  5.927673631990057E-009
           3   4  4.332550765192821E-009
           4   4  1.120149765161077E-008
 time    550.00000000000000     
           1   4  1.000391758312926E-008
           2   4  5.847849466207574E-009
           3   4  4.274100760632557E-009
           4   4  1.105544476156989E-008
 time    560.00000000000000     
           1   4  9.871757115809603E-009
           2   4  5.770581952268631E-009
           3   4  4.217527525264823E-009
           4   4  1.091399905200491E-008
 time    570.00000000000000     
           1   4  9.743752516734613E-009
           2   4  5.695744841882891E-009
           3   4  4.162738118385389E-009
           4   4  1.077693534328075E-008
 time    580.00000000000000     
           1   4  9.619702228670865E-009
           2   4  5.623220220191779E-009
           3   4  4.109645753467450E-009
           4   4  1.064404320377607E-008
 time    600.00000000000000     
           1   4  9.383326129306946E-009
           2   4  5.485027301718535E-009
           3   4  4.008491108254238E-009
           4   4  1.039065381243868E-008
 time    620.00000000000000     
           1   4  9.160571773281005E-009
           2   4  5.354799986539789E-009
           3   4  3.913179843059690E-009
           4   4  1.015165634166274E-008
 time    640.00000000000000     
           1   4  8.950247073975745E-009
           2   4  5.231840969299091E-009
           3   4  3.823199178988433E-009
           4   4  9.925802644430017E-009
 time    660.00000000000000     
           1   4  8.751297118739701E-009
           2   4  5.115533210497145E-009
           3   4  3.738095520490574E-009
           4   4  9.711987298182475E-009
 time    680.00000000000000     
           1   4  8.562785006252977E-009
           2   4  5.005328719778207E-009
           3   4  3.657466160328485E-009
           4   4  9.509227941223210E-009
 time    700.00000000000000     
           1   4  8.383875721515568E-009
           2   4  4.900739117885099E-009
           3   4  3.580952304567411E-009
           4   4  9.316648427275700E-009
 time    720.00000000000000     
           1   4  8.213822562650932E-009
           2   4  4.801327692729415E-009
           3   4  3.508233205267396E-009
           4   4  9.133464694914299E-009
 time    740.00000000000000     
           1   4  8.051955676978325E-009
           2   4  4.706702690363494E-009
           3   4  3.439021207877573E-009
           4   4  8.958972848507137E-009
 time    760.00000000000000     
           1   4  7.897672339611758E-009
           2   4  4.616511626066100E-009
           3   4  3.373057553699209E-009
           4   4  8.792539056442457E-009
 time    780.00000000000000     
           1   4  7.750428675505616E-009
           2   4  4.530436440395407E-009
           3   4  3.310108807388463E-009
           4   4  8.633590949777092E-009
 time    800.00000000000000     
           1   4  7.609732581696606E-009
           2   4  4.448189357768309E-009
           3   4  3.249963803840855E-009
           4   4  8.481610266122152E-009
 time    820.00000000000000     
           1   4  7.475137651623239E-009
           2   4  4.369509331561645E-009
           3   4  3.192431028471930E-009
           4   4  8.336126532301992E-009
 time    840.00000000000000     
           1   4  7.346237939658008E-009
           2   4  4.294158980965404E-009
           3   4  3.137336360693616E-009
           4   4  8.196711617770165E-009
 time    860.00000000000000     
           1   4  7.222663433090761E-009
           2   4  4.221921941863167E-009
           3   4  3.084521123045600E-009
           4   4  8.062975021272026E-009
 time    880.00000000000000     
           1   4  7.104076122214496E-009
           2   4  4.152600567726097E-009
           3   4  3.033840388616897E-009
           4   4  7.934559777612519E-009
 time    900.00000000000000     
           1   4  6.990166578062118E-009
           2   4  4.086013927572870E-009
           3   4  2.985161507600494E-009
           4   4  7.811138890978377E-009
 time    920.00000000000000     
           1   4  6.880650962657628E-009
           2   4  4.021996057015319E-009
           3   4  2.938362820470785E-009
           4   4  7.692412217104779E-009
 time    940.00000000000000     
           1   4  6.775268409108145E-009
           2   4  3.960394425706772E-009
           3   4  2.893332530679433E-009
           4   4  7.578103729452884E-009
 time    960.00000000000000     
           1   4  6.673778719049530E-009
           2   4  3.901068590473786E-009
           3   4  2.849967714181163E-009
           4   4  7.467959115083764E-009
 time    980.00000000000000     
           1   4  6.575960333319424E-009
           2   4  3.843889008306741E-009
           3   4  2.808173446723386E-009
           4   4  7.361743654546441E-009
 time    1000.0000000000000     
           1   4  6.481608538621956E-009
           2   4  3.788735987418267E-009
           3   4  2.767862032817507E-009
           4   4  7.259240347213456E-009
 time    1020.0000000000000     
           1   4  6.390533878650817E-009
           2   4  3.735498757916779E-009
           3   4  2.728952322778000E-009
           4   4  7.160248249387067E-009
 time    1040.0000000000000     
           1   4  6.302560742874568E-009
           2   4  3.684074646414820E-009
           3   4  2.691369106264698E-009
           4   4  7.064580997393783E-009
 time    1060.0000000000000     
           1   4  6.217526110138038E-009
           2   4  3.634368341204072E-009
           3   4  2.655042572471944E-009
           4   4  6.972065491968132E-009
 time    1080.0000000000000     
           1   4  6.135278427539543E-009
           2   4  3.586291236563722E-009
           3   4  2.619907828537382E-009
           4   4  6.882540723644927E-009
 time    1100.0000000000000     
           1   4  6.055676607820028E-009
           2   4  3.539760846393654E-009
           3   4  2.585904468942695E-009
           4   4  6.795856721752083E-009
 time    1120.0000000000000     
           1   4  5.978589130839857E-009
           2   4  3.494700278733126E-009
           3   4  2.552976189689225E-009
           4   4  6.711873612017422E-009
 time    1140.0000000000000     
           1   4  5.903893236696470E-009
           2   4  3.451037763882956E-009
           3   4  2.521070441885384E-009
           4   4  6.630460769851258E-009
 time    1160.0000000000000     
           1   4  5.831474199713810E-009
           2   4  3.408706229830798E-009
           3   4  2.490138120106733E-009
           4   4  6.551496058104401E-009
 time    1180.0000000000000     
           1   4  5.761224673960765E-009
           2   4  3.367642919513840E-009
           3   4  2.460133281505261E-009
           4   4  6.474865139580132E-009
 time    1200.0000000000000     
           1   4  5.693044102173301E-009
           2   4  3.327789045165564E-009
           3   4  2.431012892169456E-009
           4   4  6.400460855840965E-009
 time    1220.0000000000000     
           1   4  5.626838180995776E-009
           2   4  3.289089475602235E-009
           3   4  2.402736597685667E-009
           4   4  6.328182664931568E-009
 time    1240.0000000000000     
           1   4  5.562518376350544E-009
           2   4  3.251492452827573E-009
           3   4  2.375266515236491E-009
           4   4  6.257936131566115E-009
 time    1260.0000000000000     
           1   4  5.500001483512768E-009
           2   4  3.214949334783366E-009
           3   4  2.348567044902856E-009
           4   4  6.189632464126480E-009
 time    1280.0000000000000     
           1   4  5.439209227129860E-009
           2   4  3.179414361461342E-009
           3   4  2.322604698121983E-009
           4   4  6.123188093505722E-009
 time    1300.0000000000000     
           1   4  5.380067896997483E-009
           2   4  3.144844441926569E-009
           3   4  2.297347941500005E-009
           4   4  6.058524289426535E-009
 time    1320.0000000000000     
           1   4  5.322508015900016E-009
           2   4  3.111198960092787E-009
           3   4  2.272767054391638E-009
           4   4  5.995566810380230E-009
 time    1340.0000000000000     
           1   4  5.266464036254208E-009
           2   4  3.078439597342182E-009
           3   4  2.248833998844857E-009
           4   4  5.934245583779917E-009
 time    1360.0000000000000     
           1   4  5.211874062669555E-009
           2   4  3.046530170301235E-009
           3   4  2.225522300669805E-009
           4   4  5.874494413311987E-009
 time    1380.0000000000000     
           1   4  5.158679597866005E-009
           2   4  3.015436482275848E-009
           3   4  2.202806940532029E-009
           4   4  5.816250710810303E-009
 time    1400.0000000000000     
           1   4  5.106825309675306E-009
           2   4  2.985126187015759E-009
           3   4  2.180664254093053E-009
           4   4  5.759455250275348E-009
 time    1450.0000000000000     
           1   4  4.983164884674306E-009
           2   4  2.912843161784500E-009
           3   4  2.127860491190222E-009
           4   4  5.623943776279655E-009
 time    1500.0000000000000     
           1   4  4.866753004190075E-009
           2   4  2.844797198241196E-009
           3   4  2.078153787763762E-009
           4   4  5.496275122057553E-009
 time    1550.0000000000000     
           1   4  4.756943624538943E-009
           2   4  2.780610640538057E-009
           3   4  2.031267914585030E-009
           4   4  5.375755652492614E-009
 time    1600.0000000000000     
           1   4  4.653166530614924E-009
           2   4  2.719950162275838E-009
           3   4  1.986959089959585E-009
           4   4  5.261773037814517E-009
 time    1650.0000000000000     
           1   4  4.554916530148658E-009
           2   4  2.662520449161085E-009
           3   4  1.945011351876973E-009
           4   4  5.153784474560376E-009
 time    1700.0000000000000     
           1   4  4.461744378547781E-009
           2   4  2.608058893391407E-009
           3   4  1.905232672132964E-009
           4   4  5.051306925714959E-009
 time    1750.0000000000000     
           1   4  4.373249168908011E-009
           2   4  2.556331144650183E-009
           3   4  1.867451698375983E-009
           4   4  4.953908996929220E-009
 time    1800.0000000000000     
           1   4  4.289071932003892E-009
           2   4  2.507127368526563E-009
           3   4  1.831515014586142E-009
           4   4  4.861204122609543E-009
 time    1850.0000000000000     
           1   4  4.208890231248434E-009
           2   4  2.460259086651550E-009
           3   4  1.797284827778382E-009
           4   4  4.772844814998919E-009
 time    1900.0000000000000     
           1   4  4.132413577472833E-009
           2   4  2.415556496143496E-009
           3   4  1.764637005837915E-009
           4   4  4.688517784627594E-009
 time    1950.0000000000000     
           1   4  4.059379521943972E-009
           2   4  2.372866185581485E-009
           3   4  1.733459405800543E-009
           4   4  4.607939780404749E-009
 time    2000.0000000000000     
           1   4  3.989550313079168E-009
           2   4  2.332049180536973E-009
           3   4  1.703650443491498E-009
           4   4  4.530854027625340E-009
 time    2050.0000000000000     
           1   4  3.922710023854087E-009
           2   4  2.292979264286481E-009
           3   4  1.675117864672911E-009
           4   4  4.457027165366742E-009
 time    2100.0000000000000     
           1   4  3.858662074038897E-009
           2   4  2.255541529349724E-009
           3   4  1.647777685199242E-009
           4   4  4.386246602988500E-009
 time    2150.0000000000000     
           1   4  3.797227085080547E-009
           2   4  2.219631123497892E-009
           3   4  1.621553273545860E-009
           4   4  4.318318229936517E-009
 time    2200.0000000000000     
           1   4  3.738241016420621E-009
           2   4  2.185152160291839E-009
           3   4  1.596374553778695E-009
           4   4  4.253064424647772E-009
 time    2250.0000000000000     
           1   4  3.681553540879026E-009
           2   4  2.152016769379000E-009
           3   4  1.572177310821596E-009
           4   4  4.190322317689100E-009
 time    2300.0000000000000     
           1   4  3.627026623891812E-009
           2   4  2.120144265963069E-009
           3   4  1.548902582945234E-009
           4   4  4.129942271823937E-009
 time    2350.0000000000000     
           1   4  3.574533277215649E-009
           2   4  2.089460422265647E-009
           3   4  1.526496128896549E-009
           4   4  4.071786547853608E-009
 time    2400.0000000000000     
           1   4  3.523956462471505E-009
           2   4  2.059896826582081E-009
           3   4  1.504907959126744E-009
           4   4  4.015728130110858E-009
 time    2450.0000000000000     
           1   4  3.475188123808540E-009
           2   4  2.031390317818883E-009
           3   4  1.484091922249877E-009
           4   4  3.961649689615944E-009
 time    2500.0000000000000     
           1   4  3.428128332191677E-009
           2   4  2.003882485284040E-009
           3   4  1.464005339244112E-009
           4   4  3.909442666314807E-009
 time    2550.0000000000000     
           1   4  3.382684526484684E-009
           2   4  1.977319225061574E-009
           3   4  1.444608679050222E-009
           4   4  3.859006454643119E-009
 time    2600.0000000000000     
           1   4  3.338770838718181E-009
           2   4  1.951650345598197E-009
           3   4  1.425865270171476E-009
           4   4  3.810247679008805E-009
 time    2650.0000000000000     
           1   4  3.296307492782798E-009
           2   4  1.926829216212011E-009
           3   4  1.407741043671345E-009
           4   4  3.763079547746547E-009
 time    2700.0000000000000     
           1   4  3.255220267337344E-009
           2   4  1.902812453138977E-009
           3   4  1.390204303628793E-009
           4   4  3.717421275740936E-009
 time    2750.0000000000000     
           1   4  3.215440015024320E-009
           2   4  1.879559638494521E-009
           3   4  1.373225521668402E-009
           4   4  3.673197567296307E-009
 time    2800.0000000000000     
           1   4  3.176902231183305E-009
           2   4  1.857033068169533E-009
           3   4  1.356777152652612E-009
           4   4  3.630338151997139E-009
 time    2850.0000000000000     
           1   4  3.139546666181854E-009
           2   4  1.835197525223253E-009
           3   4  1.340833469020941E-009
           4   4  3.588777367289297E-009
 time    2900.0000000000000     
           1   4  3.103316976271972E-009
           2   4  1.814020075796379E-009
           3   4  1.325370411598412E-009
           4   4  3.548453782350213E-009
 time    2950.0000000000000     
           1   4  3.068160408551375E-009
           2   4  1.793469884960181E-009
           3   4  1.310365454982628E-009
           4   4  3.509309858529488E-009
 time    3000.0000000000000     
           1   4  3.034027516181723E-009
           2   4  1.773518050252253E-009
           3   4  1.295797485863974E-009
           4   4  3.471291642250708E-009
 time    3050.0000000000000     
           1   4  3.000871900506299E-009
           2   4  1.754137450936266E-009
           3   4  1.281646692843344E-009
           4   4  3.434348486787299E-009
 time    3100.0000000000000     
           1   4  2.968649977130902E-009
           2   4  1.735302611269238E-009
           3   4  1.267894466491804E-009
           4   4  3.398432799773252E-009
 time    3150.0000000000000     
           1   4  2.937320763393777E-009
           2   4  1.716989576271629E-009
           3   4  1.254523308551643E-009
           4   4  3.363499813695836E-009
 time    3200.0000000000000     
           1   4  2.906845684963271E-009
           2   4  1.699175798678381E-009
           3   4  1.241516749312021E-009
           4   4  3.329507376950289E-009
 time    3250.0000000000000     
           1   4  2.877188399572250E-009
           2   4  1.681840035906985E-009
           3   4  1.228859272307984E-009
           4   4  3.296415763325003E-009
 time    3300.0000000000000     
           1   4  2.848314636132705E-009
           2   4  1.664962256015943E-009
           3   4  1.216536245591996E-009
           4   4  3.264187498035811E-009
 time    3350.0000000000000     
           1   4  2.820192047677864E-009
           2   4  1.648523551745790E-009
           3   4  1.204533858914197E-009
           4   4  3.232787198645316E-009
 time    3400.0000000000000     
           1   4  2.792790076756394E-009
           2   4  1.632506061838872E-009
           3   4  1.192839066223496E-009
           4   4  3.202181429392795E-009
 time    3450.0000000000000     
           1   4  2.766079832058334E-009
           2   4  1.616892898924404E-009
           3   4  1.181439532967846E-009
           4   4  3.172338567625586E-009
 time    3500.0000000000000     
           1   4  2.740033975187711E-009
           2   4  1.601668083334563E-009
           3   4  1.170323587729934E-009
           4   4  3.143228681167639E-009
 time    3550.0000000000000     
           1   4  2.714626616615559E-009
           2   4  1.586816482286850E-009
           3   4  1.159480177785315E-009
           4   4  3.114823415587858E-009
 time    3600.0000000000000     
           1   4  2.689833219951364E-009
           2   4  1.572323753928771E-009
           3   4  1.148898828214570E-009
           4   4  3.087095890442365E-009
 time    3650.0000000000000     
           1   4  2.665630513762563E-009
           2   4  1.558176295794598E-009
           3   4  1.138569604240251E-009
           4   4  3.060020603663020E-009
 time    3700.0000000000000     
           1   4  2.641996410252686E-009
           2   4  1.544361197271168E-009
           3   4  1.128483076494019E-009
           4   4  3.033573343350940E-009
 time    3750.0000000000000     
           1   4  2.618909930180004E-009
           2   4  1.530866195711442E-009
           3   4  1.118630288949785E-009
           4   4  3.007731106310429E-009
 time    3800.0000000000000     
           1   4  2.596351133461821E-009
           2   4  1.517679635871446E-009
           3   4  1.109002729285761E-009
           4   4  2.982472022726214E-009
 time    3850.0000000000000     
           1   4  2.574301054965353E-009
           2   4  1.504790432378915E-009
           3   4  1.099592301462181E-009
           4   4  2.957775286446984E-009
 time    3900.0000000000000     
           1   4  2.552741645035965E-009
           2   4  1.492188034971013E-009
           3   4  1.090391300322704E-009
           4   4  2.933621090391401E-009
 time    3950.0000000000000     
           1   4  2.531655714357516E-009
           2   4  1.479862396264292E-009
           3   4  1.081392388046369E-009
           4   4  2.909990566640212E-009
 time    4000.0000000000000     
           1   4  2.511026882779031E-009
           2   4  1.467803941843043E-009
           3   4  1.072588572293820E-009
           4   4  2.886865730820184E-009
 time    4050.0000000000000     
           1   4  2.490839531776846E-009
           2   4  1.456003542472667E-009
           3   4  1.063973185906377E-009
           4   4  2.864229430423314E-009
 time    4100.0000000000000     
           1   4  2.471078760252776E-009
           2   4  1.444452488262994E-009
           3   4  1.055539868030116E-009
           4   4  2.842065296738300E-009
 time    4150.0000000000000     
           1   4  2.451730343396765E-009
           2   4  1.433142464622900E-009
           3   4  1.047282546548839E-009
           4   4  2.820357700101441E-009
 time    4200.0000000000000     
           1   4  2.432780694367662E-009
           2   4  1.422065529862122E-009
           3   4  1.039195421720752E-009
           4   4  2.799091708201043E-009
 time    4250.0000000000000     
           1   4  2.414216828568117E-009
           2   4  1.411214094309437E-009
           3   4  1.031272950923135E-009
           4   4  2.778253047193546E-009
 time    4300.0000000000000     
           1   4  2.396026330309979E-009
           2   4  1.400580900828087E-009
           3   4  1.023509834418001E-009
           4   4  2.757828065411459E-009
 time    4350.0000000000000     
           1   4  2.378197321684528E-009
           2   4  1.390159006619988E-009
           3   4  1.015901002059434E-009
           4   4  2.737803699462571E-009
 time    4400.0000000000000     
           1   4  2.360718433468412E-009
           2   4  1.379941766219868E-009
           3   4  1.008441600870378E-009
           4   4  2.718167442537615E-009
 time    4450.0000000000000     
           1   4  2.343578777910803E-009
           2   4  1.369922815588961E-009
           3   4  1.001126983422843E-009
           4   4  2.698907314759457E-009
 time    4500.0000000000000     
           1   4  2.326767923260606E-009
           2   4  1.360096057225838E-009
           3   4  9.939526969612649E-010
           4   4  2.680011835421110E-009
 time    4550.0000000000000     
           1   4  2.310275869904654E-009
           2   4  1.350455646218851E-009
           3   4  9.869144732138578E-010
           4   4  2.661469996972956E-009
 time    4600.0000000000000     
           1   4  2.294093027998595E-009
           2   4  1.340995977171100E-009
           3   4  9.800082188414419E-010
           4   4  2.643271240631271E-009
 time    4650.0000000000000     
           1   4  2.278210196482105E-009
           2   4  1.331711671934560E-009
           3   4  9.732300064774694E-010
           4   4  2.625405433490629E-009
 time    4700.0000000000000     
           1   4  2.262618543379042E-009
           2   4  1.322597568095252E-009
           3   4  9.665760663167619E-010
           4   4  2.607862847032705E-009
 time    4750.0000000000000     
           1   4  2.247309587291136E-009
           2   4  1.313648708156089E-009
           3   4  9.600427782139656E-010
           4   4  2.590634136932414E-009
 time    4800.0000000000000     
           1   4  2.232275180001302E-009
           2   4  1.304860329368290E-009
           3   4  9.536266642558448E-010
           4   4  2.573710324070522E-009
 time    4900.0000000000000     
           1   4  2.203063603565147E-009
           2   4  1.287784611902137E-009
           3   4  9.411602446102846E-010
           4   4  2.540817117341745E-009
 time    5000.0000000000000     
           1   4  2.174854748495007E-009
           2   4  1.271295015042669E-009
           3   4  9.291217733102392E-010
           4   4  2.509038230306449E-009
 time    5100.0000000000000     
           1   4  2.147594390788466E-009
           2   4  1.255359843974742E-009
           3   4  9.174881062560087E-010
           4   4  2.478313813721192E-009
 time    5200.0000000000000     
           1   4  2.121232218353903E-009
           2   4  1.239949690452177E-009
           3   4  9.062377692667841E-010
           4   4  2.448588337226210E-009
 time    5300.0000000000000     
           1   4  2.095721483456153E-009
           2   4  1.225037229638006E-009
           3   4  8.953508096720780E-010
           4   4  2.419810188050026E-009
 time    5400.0000000000000     
           1   4  2.071018690871936E-009
           2   4  1.210597037826909E-009
           3   4  8.848086631760133E-010
           4   4  2.391931328925257E-009
 time    5500.0000000000000     
           1   4  2.047083318352821E-009
           2   4  1.196605429053182E-009
           3   4  8.745940345189545E-010
           4   4  2.364906991971884E-009
 time    5600.0000000000000     
           1   4  2.023877565388485E-009
           2   4  1.183040308240623E-009
           3   4  8.646907902225554E-010
           4   4  2.338695403030972E-009
 time    5700.0000000000000     
           1   4  2.001366126947230E-009
           2   4  1.169881038951745E-009
           3   4  8.550838619990889E-010
           4   4  2.313257533254801E-009
 time    5800.0000000000000     
           1   4  1.979515989374596E-009
           2   4  1.157108324088506E-009
           3   4  8.457591596212446E-010
           4   4  2.288556875038136E-009
 time    5900.0000000000000     
           1   4  1.958296245994174E-009
           2   4  1.144704098109073E-009
           3   4  8.367034922037376E-010
           4   4  2.264559239613176E-009
 time    6000.0000000000000     
           1   4  1.937677930251735E-009
           2   4  1.132651429498814E-009
           3   4  8.279044969749036E-010
           4   4  2.241232573919341E-009
 time    6100.0000000000000     
           1   4  1.917633864501148E-009
           2   4  1.120934432383998E-009
           3   4  8.193505747262979E-010
           4   4  2.218546794642138E-009
 time    6200.0000000000000     
           1   4  1.898138522756306E-009
           2   4  1.109538186308760E-009
           3   4  8.110308312247968E-010
           4   4  2.196473637570586E-009
 time    6300.0000000000000     
           1   4  1.879167905931493E-009
           2   4  1.098448663311668E-009
           3   4  8.029350239563000E-010
           4   4  2.174986520645715E-009
 time    6400.0000000000000     
           1   4  1.860699428266296E-009
           2   4  1.087652661539757E-009
           3   4  7.950535136442986E-010
           4   4  2.154060419267062E-009
 time    6500.0000000000000     
           1   4  1.842711813782824E-009
           2   4  1.077137744726566E-009
           3   4  7.873772200513666E-010
           4   4  2.133671752592654E-009
 time    6600.0000000000000     
           1   4  1.825185001755981E-009
           2   4  1.066892186938356E-009
           3   4  7.798975816283604E-010
           4   4  2.113798279714946E-009
 time    6700.0000000000000     
           1   4  1.808100060293453E-009
           2   4  1.056904922060591E-009
           3   4  7.726065186256868E-010
           4   4  2.094419004723152E-009
 time    6800.0000000000000     
           1   4  1.791439107223925E-009
           2   4  1.047165497556117E-009
           3   4  7.654963993244162E-010
           4   4  2.075514089774193E-009
 time    6900.0000000000000     
           1   4  1.775185237581008E-009
           2   4  1.037664032078628E-009
           3   4  7.585600090830481E-010
           4   4  2.057064775392335E-009
 time    7000.0000000000000     
           1   4  1.759322457048655E-009
           2   4  1.028391176570680E-009
           3   4  7.517905219291705E-010
           4   4  2.039053307303343E-009
 time    7100.0000000000000     
           1   4  1.743835620802543E-009
           2   4  1.019338078515713E-009
           3   4  7.451814744545456E-010
           4   4  2.021462869184194E-009
 time    7200.0000000000000     
           1   4  1.728710377242394E-009
           2   4  1.010496349048874E-009
           3   4  7.387267417980414E-010
           4   4  2.004277520775684E-009
 time    7300.0000000000000     
           1   4  1.713933116163541E-009
           2   4  1.001858032662651E-009
           3   4  7.324205155235686E-010
           4   4  1.987482140863611E-009
 time    7400.0000000000000     
           1   4  1.699490920963203E-009
           2   4  9.934155792708085E-010
           3   4  7.262572832202999E-010
           4   4  1.971062374685699E-009
 time    7500.0000000000000     
           1   4  1.685371524518487E-009
           2   4  9.851618184185181E-010
           3   4  7.202318096702277E-010
           4   4  1.955004585366991E-009
 time    7600.0000000000000     
           1   4  1.671563268410094E-009
           2   4  9.770899354480868E-010
           3   4  7.143391194438920E-010
           4   4  1.939295809026788E-009
 time    7700.0000000000000     
           1   4  1.658055065198428E-009
           2   4  9.691934494488418E-010
           3   4  7.085744807990368E-010
           4   4  1.923923713235968E-009
 time    7800.0000000000000     
           1   4  1.644836363487856E-009
           2   4  9.614661928367363E-010
           3   4  7.029333907694123E-010
           4   4  1.908876558535356E-009
 time    7900.0000000000000     
           1   4  1.631897115540796E-009
           2   4  9.539022924243388E-010
           3   4  6.974115613419634E-010
           4   4  1.894143162754022E-009
 time    8000.0000000000000     
           1   4  1.619227747226245E-009
           2   4  9.464961518553682E-010
           3   4  6.920049066304985E-010
           4   4  1.879712867891692E-009
 time    8100.0000000000000     
           1   4  1.606819130108122E-009
           2   4  9.392424352899371E-010
           3   4  6.867095309626948E-010
           4   4  1.865575509351898E-009
 time    8200.0000000000000     
           1   4  1.594662555497025E-009
           2   4  9.321360522374516E-010
           3   4  6.815217178051903E-010
           4   4  1.851721387332587E-009
 time    8300.0000000000000     
           1   4  1.582749710305483E-009
           2   4  9.251721434436933E-010
           3   4  6.764379194584851E-010
           4   4  1.838141240198992E-009
 time    8400.0000000000000     
           1   4  1.571072654561653E-009
           2   4  9.183460677472478E-010
           3   4  6.714547474597011E-010
           4   4  1.824826219679583E-009
 time    8500.0000000000000     
           1   4  1.559623800449468E-009
           2   4  9.116533898281898E-010
           3   4  6.665689636369083E-010
           4   4  1.811767867740482E-009
 time    8600.0000000000000     
           1   4  1.548395892755222E-009
           2   4  9.050898687788399E-010
           3   4  6.617774717637525E-010
           4   4  1.798958095006713E-009
 time    8700.0000000000000     
           1   4  1.537381990611321E-009
           2   4  8.986514474327264E-010
           3   4  6.570773097677397E-010
           4   4  1.786389160610312E-009
 time    8800.0000000000000     
           1   4  1.526575450437409E-009
           2   4  8.923342423934362E-010
           3   4  6.524656424496064E-010
           4   4  1.774053653355963E-009
 time    8900.0000000000000     
           1   4  1.515969909987930E-009
           2   4  8.861345347101856E-010
           3   4  6.479397546749341E-010
           4   4  1.761944474104224E-009
 time    9000.0000000000000     
           1   4  1.505559273422905E-009
           2   4  8.800487611514800E-010
           3   4  6.434970450024959E-010
           4   4  1.750054819281100E-009
 time    9100.0000000000000     
           1   4  1.495337697325896E-009
           2   4  8.740735060324044E-010
           3   4  6.391350197168673E-010
           4   4  1.738378165430392E-009
 time    9200.0000000000000     
           1   4  1.485299577599419E-009
           2   4  8.682054935548039E-010
           3   4  6.348512872355685E-010
           4   4  1.726908254732358E-009
 time    9300.0000000000000     
           1   4  1.475439537174006E-009
           2   4  8.624415806230540E-010
           3   4  6.306435528634651E-010
           4   4  1.715639081418538E-009
 time    9400.0000000000000     
           1   4  1.465752414472325E-009
           2   4  8.567787501011632E-010
           3   4  6.265096138694389E-010
           4   4  1.704564879018388E-009
 time    9500.0000000000000     
           1   4  1.456233252574519E-009
           2   4  8.512141044797536E-010
           3   4  6.224473548623542E-010
           4   4  1.693680108378619E-009
 time    9600.0000000000000     
           1   4  1.446877289035379E-009
           2   4  8.457448599240479E-010
           3   4  6.184547434452199E-010
           4   4  1.682979446400892E-009
 time    9700.0000000000000     
           1   4  1.437679946307803E-009
           2   4  8.403683406762294E-010
           3   4  6.145298261281239E-010
           4   4  1.672457775447875E-009
 time    9800.0000000000000     
           1   4  1.428636822730672E-009
           2   4  8.350819737877285E-010
           3   4  6.106707244820647E-010
           4   4  1.662110173371611E-009
 time    9900.0000000000000     
           1   4  1.419743684042563E-009
           2   4  8.298832841588450E-010
           3   4  6.068756315172005E-010
           4   4  1.651931904121734E-009
 time    10000.000000000000     
           1   4  1.410996455385644E-009
           2   4  8.247698898649073E-010
           3   4  6.031428082703219E-010
           4   4  1.641918408894400E-009
 time    10100.000000000000     
           1   4  1.402391213766932E-009
           2   4  8.197394977497611E-010
           3   4  5.994705805875106E-010
           4   4  1.632065297785755E-009
 time    10200.000000000000     
           1   4  1.393924180946513E-009
           2   4  8.147898992688125E-010
           3   4  5.958573360890381E-010
           4   4  1.622368341916545E-009
 time    10300.000000000000     
           1   4  1.385591716724657E-009
           2   4  8.099189665652522E-010
           3   4  5.923015213044994E-010
           4   4  1.612823465996969E-009
 time    10400.000000000000     
           1   4  1.377390312601872E-009
           2   4  8.051246487642390E-010
           3   4  5.888016389671160E-010
           4   4  1.603426741303163E-009
 time    10500.000000000000     
           1   4  1.369316585787782E-009
           2   4  8.004049684710110E-010
           3   4  5.853562454569230E-010
           4   4  1.594174379038889E-009
 time    10600.000000000000     
           1   4  1.361367273536616E-009
           2   4  7.957580184598645E-010
           3   4  5.819639483833357E-010
           4   4  1.585062724057790E-009
 time    10700.000000000000     
           1   4  1.353539227788539E-009
           2   4  7.911819585419410E-010
           3   4  5.786234042982565E-010
           4   4  1.576088248923540E-009
 time    10800.000000000000     
           1   4  1.345829410097731E-009
           2   4  7.866750126005920E-010
           3   4  5.753333165315556E-010
           4   4  1.567247548286686E-009
 time    10900.000000000000     
           1   4  1.338234886829301E-009
           2   4  7.822354657839020E-010
           3   4  5.720924331412930E-010
           4   4  1.558537333558578E-009
 time    11000.000000000000     
           1   4  1.330752824608560E-009
           2   4  7.778616618447060E-010
           3   4  5.688995449716321E-010
           4   4  1.549954427864145E-009
 time    11100.000000000000     
           1   4  1.323380486007184E-009
           2   4  7.735520006190794E-010
           3   4  5.657534838118657E-010
           4   4  1.541495761256517E-009
 time    11200.000000000000     
           1   4  1.316115225451967E-009
           2   4  7.693049356349302E-010
           3   4  5.626531206504313E-010
           4   4  1.533158366177722E-009
 time    11300.000000000000     
           1   4  1.308954485342814E-009
           2   4  7.651189718429007E-010
           3   4  5.595973640182251E-010
           4   4  1.524939373150736E-009
 time    11400.000000000000     
           1   4  1.301895792367517E-009
           2   4  7.609926634622906E-010
           3   4  5.565851584159061E-010
           4   4  1.516836006689153E-009
 time    11500.000000000000     
           1   4  1.294936754001754E-009
           2   4  7.569246119352327E-010
           3   4  5.536154828202362E-010
           4   4  1.508845581411719E-009
 time    11600.000000000000     
           1   4  1.288075055183437E-009
           2   4  7.529134639828013E-010
           3   4  5.506873492648434E-010
           4   4  1.500965498349766E-009
 time    11700.000000000000     
           1   4  1.281308455151363E-009
           2   4  7.489579097571360E-010
           3   4  5.477998014910924E-010
           4   4  1.493193241436418E-009
 time    11800.000000000000     
           1   4  1.274634784438693E-009
           2   4  7.450566810840809E-010
           3   4  5.449519136650360E-010
           4   4  1.485526374167165E-009
 time    11900.000000000000     
           1   4  1.268051942012459E-009
           2   4  7.412085497911696E-010
           3   4  5.421427891566904E-010
           4   4  1.477962536422039E-009
 time    12000.000000000000     
           1   4  1.261557892550846E-009
           2   4  7.374123261161435E-010
           3   4  5.393715593781018E-010
           4   4  1.470499441440337E-009
 time    12100.000000000000     
           1   4  1.255150663850525E-009
           2   4  7.336668571914922E-010
           3   4  5.366373826769229E-010
           4   4  1.463134872939334E-009
 time    12200.000000000000     
           1   4  1.248828344356826E-009
           2   4  7.299710256007832E-010
           3   4  5.339394432824031E-010
           4   4  1.455866682369017E-009
 time    12300.000000000000     
           1   4  1.242589080809956E-009
           2   4  7.263237480028420E-010
           3   4  5.312769503009160E-010
           4   4  1.448692786295373E-009
 time    12400.000000000000     
           1   4  1.236431076000950E-009
           2   4  7.227239738200496E-010
           3   4  5.286491367583043E-010
           4   4  1.441611163905223E-009
 time    12500.000000000000     
           1   4  1.230352586631380E-009
           2   4  7.191706839873063E-010
           3   4  5.260552586865101E-010
           4   4  1.434619854626005E-009
 time    12600.000000000000     
           1   4  1.224351921271235E-009
           2   4  7.156628897583669E-010
           3   4  5.234945942521084E-010
           4   4  1.427716955854373E-009
 time    12700.000000000000     
           1   4  1.218427438409763E-009
           2   4  7.121996315665211E-010
           3   4  5.209664429244982E-010
           4   4  1.420900620787811E-009
 time    12800.000000000000     
           1   4  1.212577544594315E-009
           2   4  7.087799779367040E-010
           3   4  5.184701246816629E-010
           4   4  1.414169056353789E-009
 time    12900.000000000000     
           1   4  1.206800692652589E-009
           2   4  7.054030244463637E-010
           3   4  5.160049792515122E-010
           4   4  1.407520521231394E-009
 time    13000.000000000000     
           1   4  1.201095379993909E-009
           2   4  7.020678927325233E-010
           3   4  5.135703653869644E-010
           4   4  1.400953323960610E-009
 time    13200.000000000000     
           1   4  1.189909611966206E-009
           2   4  6.955290639186079E-010
           3   4  5.087970822320441E-010
           4   4  1.388075237611000E-009
 time    13400.000000000000     
           1   4  1.178992084999980E-009
           2   4  6.891470498191145E-010
           3   4  5.041382804070556E-010
           4   4  1.375502362389087E-009
 time    13600.000000000000     
           1   4  1.168332304567401E-009
           2   4  6.829157156212571E-010
           3   4  4.995894811787334E-010
           4   4  1.363222843581904E-009
 time    13800.000000000000     
           1   4  1.157920337131316E-009
           2   4  6.768292544343286E-010
           3   4  4.951464452242816E-010
           4   4  1.351225470596357E-009
 time    14000.000000000000     
           1   4  1.147746774991510E-009
           2   4  6.708821667409664E-010
           3   4  4.908051576233832E-010
           4   4  1.339499628863730E-009
 time    14200.000000000000     
           1   4  1.137802702683220E-009
           2   4  6.650692407564640E-010
           3   4  4.865618135175952E-010
           4   4  1.328035259082202E-009
 time    14400.000000000000     
           1   4  1.128079665386866E-009
           2   4  6.593855339636314E-010
           3   4  4.824128046288442E-010
           4   4  1.316822820377517E-009
 time    14600.000000000000     
           1   4  1.118569639462701E-009
           2   4  6.538263558896926E-010
           3   4  4.783547066850842E-010
           4   4  1.305853256560097E-009
 time    14800.000000000000     
           1   4  1.109265005067068E-009
           2   4  6.483872520998949E-010
           3   4  4.743842677344173E-010
           4   4  1.295117965054645E-009
 time    15000.000000000000     
           1   4  1.100158520745431E-009
           2   4  6.430639893465496E-010
           3   4  4.704983973028534E-010
           4   4  1.284608768226362E-009
 time    15200.000000000000     
           1   4  1.091243299875046E-009
           2   4  6.378525417991849E-010
           3   4  4.666941563414204E-010
           4   4  1.274317886883490E-009
 time    15400.000000000000     
           1   4  1.082512788824283E-009
           2   4  6.327490782780883E-010
           3   4  4.629687479058384E-010
           4   4  1.264237915763133E-009
 time    15600.000000000000     
           1   4  1.073960746697553E-009
           2   4  6.277499504146423E-010
           3   4  4.593195085128638E-010
           4   4  1.254361800827249E-009
 time    15800.000000000000     
           1   4  1.065581226540920E-009
           2   4  6.228516816654509E-010
           3   4  4.557439001199471E-010
           4   4  1.244682818212913E-009
 time    16000.000000000000     
           1   4  1.057368557891435E-009
           2   4  6.180509571118732E-010
           3   4  4.522395026783216E-010
           4   4  1.235194554696387E-009
 time    16200.000000000000     
           1   4  1.049317330561945E-009
           2   4  6.133446139817231E-010
           3   4  4.488040072133125E-010
           4   4  1.225890889544220E-009
 time    16400.000000000000     
           1   4  1.041422379561895E-009
           2   4  6.087296328349609E-010
           3   4  4.454352093894180E-010
           4   4  1.216765977636755E-009
 time    16600.000000000000     
           1   4  1.033678771062985E-009
           2   4  6.042031293601280E-010
           3   4  4.421310035212682E-010
           4   4  1.207814233760274E-009
 time    16800.000000000000     
           1   4  1.026081789326434E-009
           2   4  5.997623467328563E-010
           3   4  4.388893769949421E-010
           4   4  1.199030317973695E-009
 time    17000.000000000000     
           1   4  1.018626924515875E-009
           2   4  5.954046484920420E-010
           3   4  4.357084050672080E-010
           4   4  1.190409121964313E-009
 time    17200.000000000000     
           1   4  1.011309861326491E-009
           2   4  5.911275118931424E-010
           3   4  4.325862460130952E-010
           4   4  1.181945756314887E-009
 time    17400.000000000000     
           1   4  1.004126468367148E-009
           2   4  5.869285217015947E-010
           3   4  4.295211365947856E-010
           4   4  1.173635538611277E-009
 time    17600.000000000000     
           1   4  9.970727882376915E-010
           2   4  5.828053643925983E-010
           3   4  4.265113878271705E-010
           4   4  1.165473982326104E-009
 time    17800.000000000000     
           1   4  9.901450282486491E-010
           2   4  5.787558227263832E-010
           3   4  4.235553810175345E-010
           4   4  1.157456786419544E-009
 time    18000.000000000000     
           1   4  9.833395517350346E-010
           2   4  5.747777706707475E-010
           3   4  4.206515640587757E-010
           4   4  1.149579825603427E-009
 time    18200.000000000000     
           1   4  9.766528699200992E-010
           2   4  5.708691686450611E-010
           3   4  4.177984479572970E-010
           4   4  1.141839141219436E-009
 time    18400.000000000000     
           1   4  9.700816342885725E-010
           2   4  5.670280590620713E-010
           3   4  4.149946035783247E-010
           4   4  1.134230932686305E-009
 time    18600.000000000000     
           1   4  9.636226294322972E-010
           2   4  5.632525621458438E-010
           3   4  4.122386585928149E-010
           4   4  1.126751549474746E-009
 time    18800.000000000000     
           1   4  9.572727663342642E-010
           2   4  5.595408720059521E-010
           3   4  4.095292946114359E-010
           4   4  1.119397483572166E-009
 time    19000.000000000000     
           1   4  9.510290760597684E-010
           2   4  5.558912529496565E-010
           3   4  4.068652444922903E-010
           4   4  1.112165362402388E-009
 time    19200.000000000000     
           1   4  9.448887038260150E-010
           2   4  5.523020360152783E-010
           3   4  4.042452898101347E-010
           4   4  1.105051942168399E-009
 time    19400.000000000000     
           1   4  9.388489034237309E-010
           2   4  5.487716157113528E-010
           3   4  4.016682584758099E-010
           4   4  1.098054101588649E-009
 time    19600.000000000000     
           1   4  9.329070319664772E-010
           2   4  5.452984469473165E-010
           3   4  3.991330224955201E-010
           4   4  1.091168835999864E-009
 time    19800.000000000000     
           1   4  9.270605449452520E-010
           2   4  5.418810421426656E-010
           3   4  3.966384958603839E-010
           4   4  1.084393251801323E-009
 time    20000.000000000000     
           1   4  9.213069915677169E-010
           2   4  5.385179685024685E-010
           3   4  3.941836325574542E-010
           4   4  1.077724561217625E-009
