! time                    int_density             frank_density           perfect_density         vac_density             faulted_density         void_density            
  0.000000000000000E+000  0.000000000000000E+000  0.000000000000000E+000  0.000000000000000E+000  2.140585232712487E-007  0.000000000000000E+000  0.000000000000000E+000
  1.000000000000000E-001  4.143447580726616E-006  6.795486389661435E-004  5.778085642860629E-006  3.354100161527891E-002  3.765967194387912E-004  1.887024660047830E-011
  2.000000000000000E-001  2.965198657070056E-006  1.337556447883159E-003  3.809875439186947E-006  5.365471145406460E-002  6.993292565440104E-004  3.073858896009615E-011
  3.000000000000000E-001  2.400147681316533E-006  1.970660512240653E-003  2.971017786753341E-006  6.936622819309976E-002  9.976019478001605E-004  4.018206772410383E-011
  4.000000000000001E-001  2.060318152187061E-006  2.577727755888682E-003  2.493049332140684E-006  8.255197507126277E-002  1.281524359381095E-003  4.816864420215621E-011
  5.000000000000001E-001  1.835681063596069E-006  3.153717703069284E-003  2.185640789712416E-006  9.368956254419579E-002  1.554517638712888E-003  5.492744068553561E-011
  6.000000000000002E-001  1.674435252519318E-006  3.702233889972837E-003  1.968418936407998E-006  1.034224920473793E-001  1.820769480297021E-003  6.083124467223488E-011
  7.000000000000003E-001  1.553757480735130E-006  4.223275933237606E-003  1.807054353036403E-006  1.119527574769603E-001  2.081855769697245E-003  6.599467021927044E-011
  8.000000000000004E-001  1.460670779959828E-006  4.717312623429426E-003  1.682775547924495E-006  1.194266773935461E-001  2.338844339096183E-003  7.050573128230270E-011
  9.000000000000005E-001  1.387200937757073E-006  5.185217844017216E-003  1.584405210482794E-006  1.259596941595978E-001  2.592464672398896E-003  7.443698914515588E-011
  1.000000000000000E+000  1.328154399912113E-006  5.628198643852096E-003  1.504843379183700E-006  1.316489478685029E-001  2.843213863343743E-003  7.785111451046508E-011
  1.100000000000001E+000  1.279993249523457E-006  6.047715876078690E-003  1.439348764299855E-006  1.365798469928833E-001  3.091426456044000E-003  8.080378720351420E-011
  1.200000000000001E+000  1.240220231101271E-006  6.445402503168542E-003  1.384626802450113E-006  1.408295218910938E-001  3.337322283455961E-003  8.334525144018721E-011
  1.300000000000001E+000  1.207021307354582E-006  6.822985960255397E-003  1.338313336162440E-006  1.444686191036173E-001  3.581040142373336E-003  8.552117440439857E-011
  1.400000000000001E+000  1.179047181236687E-006  7.182219963838504E-003  1.298666437687656E-006  1.475622166954953E-001  3.822661958933426E-003  8.737314472357655E-011
  1.500000000000001E+000  1.155274073526635E-006  7.524829034727075E-003  1.264374191971232E-006  1.501702912777502E-001  4.062230358448992E-003  8.893899130852209E-011
  1.600000000000001E+000  1.134911881950591E-006  7.852466770543754E-003  1.234430246139827E-006  1.523479753465530E-001  4.299761542075500E-003  9.025301965593484E-011
  1.700000000000001E+000  1.117341827599304E-006  8.166687153149310E-003  1.208050609606494E-006  1.541457341359956E-001  4.535254755336188E-003  9.134621631218187E-011
  1.800000000000001E+000  1.102073086049648E-006  8.468927110609677E-003  1.184616465107702E-006  1.556095280390874E-001  4.768699241426149E-003  9.224644598898793E-011
  1.900000000000001E+000  1.088711993069434E-006  8.760498107078617E-003  1.163633893531885E-006  1.567809906119170E-001  5.000079315089665E-003  9.297865123473424E-011
  2.000000000000001E+000  1.077175443534524E-006  9.040602793017126E-003  1.144951968347001E-006  1.576479988709742E-001  5.228835992857086E-003  9.353712435349247E-011
  2.100000000000001E+000  1.066890964235062E-006  9.312718224276668E-003  1.127920065578409E-006  1.583088215996773E-001  5.455475479892466E-003  9.397829710740789E-011
  2.200000000000002E+000  1.057663695160182E-006  9.577703783149902E-003  1.112294481455943E-006  1.587904026004401E-001  5.679990531793308E-003  9.431767005240687E-011
  2.300000000000002E+000  1.049331422530131E-006  9.836322270185225E-003  1.097873219550996E-006  1.591167741771056E-001  5.902378854059720E-003  9.456898592031570E-011
  2.400000000000002E+000  1.041758547445196E-006  1.008924814499204E-002  1.084488196473715E-006  1.593092723836911E-001  6.122643119191690E-003  9.474437575269234E-011
  2.500000000000002E+000  1.034831327669396E-006  1.033707583515093E-002  1.071998950599471E-006  1.593867555824126E-001  6.340790873932738E-003  9.485450358558603E-011
  2.600000000000002E+000  1.028454093759354E-006  1.058032784813869E-002  1.060287663634594E-006  1.593658214453530E-001  6.556834352024431E-003  9.490870708631090E-011
  2.700000000000002E+000  1.022546208186407E-006  1.081946250181436E-002  1.049255182596838E-006  1.592610184563581E-001  6.770790210388925E-003  9.491513203971765E-011
  2.800000000000002E+000  1.017039597410327E-006  1.105488115586860E-002  1.038817813319753E-006  1.590850489023529E-001  6.982679206962291E-003  9.488085922416694E-011
  2.900000000000002E+000  1.011876730835602E-006  1.128693487863747E-002  1.028904715800616E-006  1.588489611755900E-001  7.192525837366444E-003  9.481202275166754E-011
  3.000000000000002E+000  1.007008952344071E-006  1.151593052221934E-002  1.019455774060499E-006  1.585623299173458E-001  7.400357945851891E-003  9.471391937166508E-011
  3.100000000000002E+000  1.002395093189841E-006  1.174213620619710E-002  1.010419843842839E-006  1.582334231210652E-001  7.606206323862418E-003  9.459110856725039E-011
  3.200000000000002E+000  9.980003119324414E-007  1.196578622884569E-002  1.001753303921731E-006  1.578693557891918E-001  7.810104307408960E-003  9.444750352206247E-011
  3.300000000000002E+000  9.937951195123051E-007  1.218708543663133E-002  9.934188533986575E-007  1.574762301158660E-001  8.012087382341349E-003  9.428645322076010E-011
  3.400000000000003E+000  9.897545567766432E-007  1.240621308984556E-002  9.853845097819443E-007  1.570592624605749E-001  8.212192804656473E-003  9.411081607836150E-011
  3.500000000000003E+000  9.858574986297634E-007  1.262332626574774E-002  9.776227720200713E-007  1.566228975982713E-001  8.410459241224858E-003  9.392302558456960E-011
  3.600000000000003E+000  9.820860641470235E-007  1.283856284166653E-002  9.701099198148757E-007  1.561709108908845E-001  8.606926434773909E-003  9.372514850697310E-011
  3.700000000000003E+000  9.784251159159295E-007  1.305204409991742E-002  9.628254260573355E-007  1.557064991337772E-001  8.801634895638663E-003  9.351893622872991E-011
  3.800000000000003E+000  9.748618348838202E-007  1.326387699470161E-002  9.557514635273329E-007  1.552323608976076E-001  8.994625621673377E-003  9.330586980765871E-011
  3.900000000000003E+000  9.713853593396351E-007  1.347415611877562E-002  9.488724903841604E-007  1.547507672192147E-001  9.185939846796996E-003  9.308719933924991E-011
  4.000000000000003E+000  9.679864785115560E-007  1.368296540491541E-002  9.421749016688961E-007  1.542636235014594E-001  9.375618817905846E-003  9.286397818977479E-011
  4.100000000000002E+000  9.646573727486380E-007  1.389037959425269E-002  9.356467362060418E-007  1.537725234674473E-001  9.563703599309834E-003  9.263709264059460E-011
  4.200000000000002E+000  9.613913934639405E-007  1.409646550057823E-002  9.292774300504252E-007  1.532787959843449E-001  9.750234903413828E-003  9.240728745355165E-011
  4.300000000000002E+000  9.581828770148871E-007  1.430128309678735E-002  9.230576090656501E-007  1.527835455304377E-001  9.935252946055271E-003  9.217518783210758E-011
  4.400000000000001E+000  9.550269875312992E-007  1.450488644685024E-002  9.169789144093369E-007  1.522876870297934E-001  1.011879732470327E-002  9.194131821541728E-011
  4.500000000000001E+000  9.519195844073287E-007  1.470732450406701E-002  9.110338556884844E-007  1.517919757248929E-001  1.030090691760582E-002  9.170611830420078E-011
  4.600000000000001E+000  9.488571107757714E-007  1.490864179393653E-002  9.052156873741308E-007  1.512970327012706E-001  1.048161980192448E-002  9.146995667917136E-011
  4.700000000000000E+000  9.458364998007146E-007  1.510887899774130E-002  8.995183047577881E-007  1.508033666214947E-001  1.066097318890498E-002  9.123314233576504E-011
  4.800000000000000E+000  9.428550960712229E-007  1.530807345092968E-002  8.939361563161436E-007  1.503113921701732E-001  1.083900337418475E-002  9.099593442358266E-011
  5.000000000000000E+000  9.370136944378058E-007  1.570251921292098E-002  8.831213144937292E-007  1.493360002104736E-001  1.119002890363794E-002  9.052171274216801E-011
  5.200000000000000E+000  9.313027435303866E-007  1.609325056606914E-002  8.727078798091380E-007  1.483707602782085E-001  1.153628227562322E-002  9.004822260733814E-011
  5.400000000000000E+000  9.257111550490486E-007  1.648046976218928E-002  8.626661527283512E-007  1.474167102418652E-001  1.187800968233211E-002  8.957633534160870E-011
  5.600000000000001E+000  9.202298650158039E-007  1.686435733236676E-002  8.529700693159871E-007  1.464744964662226E-001  1.221544152897620E-002  8.910669530142307E-011
  5.699999999999998E+000  9.175214323106903E-007  1.705582341146588E-002  8.482295799442057E-007  1.460053673951002E-001  1.238353515141721E-002  8.887192079812635E-011
  5.799999999999998E+000  9.148387614673395E-007  1.724636926521994E-002  8.435701421847162E-007  1.455400465766749E-001  1.255043246567771E-002  8.863820104763064E-011
  5.899999999999998E+000  9.121818323541056E-007  1.743595309716451E-002  8.389903972468418E-007  1.450786949120874E-001  1.271608573135198E-002  8.840559605372258E-011
  5.999999999999997E+000  9.095484045638412E-007  1.762478802090733E-002  8.344841300773878E-007  1.446205064536793E-001  1.288077349325469E-002  8.817381242168214E-011
  6.199999999999998E+000  9.043558893633420E-007  1.799956919338793E-002  8.256966825918910E-007  1.437161360523270E-001  1.320646375375194E-002  8.771376399067920E-011
  6.399999999999998E+000  8.992502435624859E-007  1.837158640718687E-002  8.171764118907129E-007  1.428238730621496E-001  1.352864447973910E-002  8.725710003630199E-011
  6.599999999999998E+000  8.942269457594664E-007  1.874095478700359E-002  8.089079391217312E-007  1.419436931573697E-001  1.384747950480815E-002  8.680404479203578E-011
  6.799999999999998E+000  8.892820476461188E-007  1.910778094772226E-002  8.008772641153460E-007  1.410754935807999E-001  1.416312182834054E-002  8.635475430448016E-011
  6.999999999999998E+000  8.844120496913281E-007  1.947216397108430E-002  7.930715951326883E-007  1.402191210726554E-001  1.447571450339149E-002  8.590933770455248E-011
  7.199999999999998E+000  8.796138125011154E-007  1.983419624753685E-002  7.854791948714920E-007  1.393743900334115E-001  1.478539142290772E-002  8.546787039519646E-011
  7.399999999999999E+000  8.748844924661768E-007  2.019396418968349E-002  7.780892549611336E-007  1.385410946986245E-001  1.509227803043260E-002  8.503040273975546E-011
  7.599999999999999E+000  8.702214937817171E-007  2.055154883582064E-002  7.708917918830073E-007  1.377190174014877E-001  1.539649196840270E-002  8.459696603786797E-011
  7.799999999999999E+000  8.656224317704646E-007  2.090702636332993E-002  7.638775593607323E-007  1.369079342115759E-001  1.569814367170046E-002  8.416757676852648E-011
  7.999999999999999E+000  8.610851041848174E-007  2.126046852920160E-002  7.570379736613069E-007  1.361076187921487E-001  1.599733691175899E-002  8.374223968526459E-011
  8.199999999999999E+000  8.566074682633723E-007  2.161194305165630E-002  7.503650492031928E-007  1.353178450395159E-001  1.629416929543568E-002  8.332095013077897E-011
  8.399999999999999E+000  8.521876220261129E-007  2.196151394380152E-002  7.438513425329486E-007  1.345383888854109E-001  1.658873272233857E-002  8.290369580876306E-011
  8.599999999999998E+000  8.478237887586408E-007  2.230924180779755E-002  7.374899032024024E-007  1.337690295212392E-001  1.688111380398073E-002  8.249045817003112E-011
  8.799999999999997E+000  8.435143039467137E-007  2.265518409611043E-002  7.312742304147641E-007  1.330095502207605E-001  1.717139424791345E-002  8.208121351841200E-011
  8.999999999999996E+000  8.392576041323909E-007  2.299939534499987E-002  7.251982345519518E-007  1.322597388820271E-001  1.745965120979046E-002  8.167593390832527E-011
  9.199999999999996E+000  8.350522173064733E-007  2.334192738431931E-002  7.192562028747413E-007  1.315193883716448E-001  1.774595761612107E-002  8.127458788389196E-011
  9.399999999999995E+000  8.308967545510305E-007  2.368282952690224E-002  7.134427688214453E-007  1.307882967287874E-001  1.803038246027536E-002  8.087714109477702E-011
  9.599999999999994E+000  8.267899027151338E-007  2.402214874020056E-002  7.077528844327482E-007  1.300662672689836E-001  1.831299107410930E-002  8.048355681413680E-011
  9.799999999999994E+000  8.227304179561698E-007  2.435992980237583E-002  7.021817955092188E-007  1.293531086158021E-001  1.859384537738678E-002  8.009379637737070E-011
  9.999999999999993E+000  8.187171200146238E-007  2.469621544468213E-002  6.967250191700874E-007  1.286486346804370E-001  1.887300410699049E-002  7.970781955579422E-011
  1.049999999999999E+001  8.088985294368972E-007  2.552799345371327E-002  6.835893337585017E-007  1.269325964588881E-001  1.956108575819969E-002  7.876295415026922E-011
  1.099999999999999E+001  7.993479213374837E-007  2.635145375508933E-002  6.710797838853143E-007  1.252638464093865E-001  2.024007545646130E-002  7.783917779805190E-011
  1.149999999999999E+001  7.900474308847158E-007  2.716712347943102E-002  6.591422940555548E-007  1.236416520078485E-001  2.091061802816932E-002  7.693683046582555E-011
  1.199999999999999E+001  7.809832237327596E-007  2.797546710402138E-002  6.477307023236459E-007  1.220643596745917E-001  2.157329206605364E-002  7.605555983387733E-011
  1.249999999999999E+001  7.721435295787251E-007  2.877690156509383E-002  6.368046653740640E-007  1.205300804956209E-001  2.222861826106744E-002  7.519479129068680E-011
  1.299999999999999E+001  7.635178713711838E-007  2.957180497969105E-002  6.263284814348522E-007  1.190369289260390E-001  2.287706633837076E-002  7.435388865911536E-011
  1.349999999999999E+001  7.550967258567091E-007  3.036052236288104E-002  6.162703178209436E-007  1.175831009564227E-001  2.351906110191926E-002  7.353220969884170E-011
  1.399999999999999E+001  7.468713452733131E-007  3.114336983767451E-002  6.066016398009341E-007  1.161668951365562E-001  2.415498771858177E-002  7.272912530082317E-011
  1.449999999999999E+001  7.388336441714860E-007  3.192063798990814E-002  5.972967580695320E-007  1.147867138201648E-001  2.478519631916510E-002  7.194402606486078E-011
  1.499999999999999E+001  7.309761164948499E-007  3.269259466454959E-002  5.883324570679973E-007  1.134410579938828E-001  2.541000599359296E-002  7.117632442437127E-011
  1.549999999999999E+001  7.232917695561441E-007  3.345948735260990E-002  5.796876839537473E-007  1.121285203851033E-001  2.602970825795538E-002  7.042545513163600E-011
  1.599999999999999E+001  7.157740691979168E-007  3.422154525525060E-002  5.713432855300630E-007  1.108477784491276E-001  2.664457006634319E-002  6.969087508375853E-011
  1.649999999999999E+001  7.084168932563598E-007  3.497898108288421E-002  5.632817841499398E-007  1.095975877474033E-001  2.725483643252734E-002  6.897206284593201E-011
  1.699999999999999E+001  7.012144915858436E-007  3.573199263199927E-002  5.554871857615311E-007  1.083767758523122E-001  2.786073271787241E-002  6.826851801582246E-011
  1.749999999999999E+001  6.941614514330939E-007  3.648076417328773E-002  5.479448147012240E-007  1.071842367871861E-001  2.846246663360998E-002  6.757976049779766E-011
  1.799999999999999E+001  6.872526672471340E-007  3.722546767834441E-002  5.406411708911666E-007  1.060189259698458E-001  2.906022999824470E-002  6.690532972659030E-011
  1.849999999999999E+001  6.804833142057390E-007  3.796626390748682E-002  5.335638059041066E-007  1.048798556171186E-001  2.965420028454355E-002  6.624478386645272E-011
  1.899999999999999E+001  6.738488248799573E-007  3.870330337753708E-002  5.267012149926408E-007  1.037660905669461E-001  3.024454198521245E-002  6.559769900409853E-011
  1.949999999999999E+001  6.673448685657620E-007  3.943672722542590E-002  5.200427426861522E-007  1.026767444771172E-001  3.083140782188389E-002  6.496366834849591E-011
  1.999999999999999E+001  6.609673328960923E-007  4.016666798104139E-002  5.135784999662879E-007  1.016109763630727E-001  3.141493981829156E-002  6.434230144677808E-011
  2.099999999999999E+001  6.485966692092581E-007  4.161320366560780E-002  5.012209853775255E-007  9.955366840613396E-002  3.256967225512478E-002  6.313949698418079E-011
  2.199999999999999E+001  6.366869473781886E-007  4.304743946821490E-002  4.895354051871092E-007  9.757841391951959E-002  3.371291983734941E-002  6.198132451663602E-011
  2.299999999999999E+001  6.252092265442930E-007  4.447019044737299E-002  4.784627689485696E-007  9.568212437324303E-002  3.484544373270031E-002  6.086651079287261E-011
  2.399999999999999E+001  6.141393195742541E-007  4.588216364336829E-002  4.679525308517138E-007  9.386031827155313E-002  3.596792561363298E-002  5.979283949666293E-011
  2.499999999999999E+001  6.034553122880876E-007  4.728399037373953E-002  4.579601625490176E-007  9.210863050405350E-002  3.708097463599740E-002  5.875810961956438E-011
  2.599999999999999E+001  5.931370244936882E-007  4.867623967561338E-002  4.484460811759373E-007  9.042301493019880E-002  3.818513562935529E-002  5.776026103224830E-011
  2.699999999999999E+001  5.831657864470282E-007  5.005942691006979E-002  4.393749154590712E-007  8.879974358001945E-002  3.928089699215107E-002  5.679737821614618E-011
  2.799999999999999E+001  5.735242788503434E-007  5.143402048007591E-002  4.307149215727278E-007  8.723537805978493E-002  4.036869775162379E-002  5.586767858203801E-011
  2.899999999999999E+001  5.641963981090799E-007  5.280044742005943E-002  4.224375005848987E-007  8.572674049872053E-002  4.144893370760751E-002  5.496950048699959E-011
  2.999999999999999E+001  5.551671392885792E-007  5.415909814684809E-002  4.145167949138224E-007  8.427088764228696E-002  4.252196273036404E-002  5.410129258601377E-011
  3.099999999999999E+001  5.464224936926926E-007  5.551033053766082E-002  4.069293483856731E-007  8.286508812345209E-002  4.358810931948839E-002  5.326160442957376E-011
  3.199999999999999E+001  5.379493588575459E-007  5.685447345286294E-002  3.996538181014672E-007  8.150680250107752E-002  4.464766853041745E-002  5.244907809969750E-011
  3.299999999999999E+001  5.297354591429235E-007  5.819182979450009E-002  3.926707288246494E-007  8.019366566581232E-002  4.570090936360668E-002  5.166244072294569E-011
  3.399999999999999E+001  5.217692754011103E-007  5.952267917341927E-002  3.859622624936759E-007  7.892347127497043E-002  4.674807769790927E-002  5.090049773870641E-011
  3.599999999999999E+001  5.065664652875996E-007  6.215949341053245E-002  3.733342324260092E-007  7.651058171436259E-002  4.881996463513938E-002  4.944985283627273E-011
  3.799999999999999E+001  4.922283934566946E-007  6.477361613909141E-002  3.616199064628665E-007  7.424324192673688E-002  5.087071331098972E-002  4.808369240645341E-011
  3.999999999999999E+001  4.786842501320758E-007  6.736662967591615E-002  3.507210156068674E-007  7.211062076262581E-002  5.290151770393547E-002  4.679604362317974E-011
  4.199999999999999E+001  4.658718486618824E-007  6.993988227990509E-002  3.405538889740050E-007  7.010133845495636E-002  5.491343557514270E-002  4.558050470455056E-011
  4.399999999999999E+001  4.537353301875899E-007  7.249455326445203E-002  3.310461757771830E-007  6.820516289223233E-002  5.690739821451162E-002  4.443130043189596E-011
  4.599999999999999E+001  4.422243176895881E-007  7.503168358559004E-002  3.221349115162084E-007  6.641295614438356E-002  5.888422693185558E-002  4.334325102334761E-011
  4.799999999999999E+001  4.312932487957653E-007  7.755219790363972E-002  3.137650093920264E-007  6.471653487521950E-002  6.084464909264845E-002  4.231169634433687E-011
  4.999999999999999E+001  4.209008072278707E-007  8.005692206082674E-002  3.058880423169354E-007  6.310854747554036E-002  6.278931212107575E-002  4.133243113872223E-011
  5.199999999999999E+001  4.110094353556328E-007  8.254659730516496E-002  2.984612491914568E-007  6.158237000573826E-002  6.471879534547575E-002  4.040165051678301E-011
  5.399999999999999E+001  4.015849145232759E-007  8.502189202065899E-002  2.914467175784308E-007  6.013201775889796E-002  6.663361991803929E-002  3.951590347598498E-011
  5.599999999999999E+001  3.925960020259856E-007  8.748341148883515E-002  2.848107065175326E-007  5.875206968130462E-002  6.853425710339356E-002  3.867205291734930E-011
  5.799999999999999E+001  3.840141156279818E-007  8.993170607054360E-002  2.785230816602057E-007  5.743760345077992E-002  7.042113521162893E-002  3.786724103948212E-011
  5.999999999999999E+001  3.758130581951624E-007  9.236727810598473E-002  2.725568411635040E-007  5.618413945075913E-002  7.229464541225118E-002  3.709885924528656E-011
  6.500000000000000E+001  3.568863085359764E-007  9.838050582403442E-002  2.589517133556045E-007  5.330222666647953E-002  7.690175848422780E-002  3.532778371861422E-011
  7.000000000000000E+001  3.398511695148871E-007  1.043252371106681E-001  2.468754063259723E-007  5.071775251821903E-002  8.143535959187335E-002  3.373574977632072E-011
  7.500000000000000E+001  3.244448077446572E-007  1.102063970532470E-001  2.360817863942919E-007  4.838893068128751E-002  8.589869259155899E-002  3.229786242730707E-011
  8.000000000000000E+001  3.104496557122626E-007  1.160280753573122E-001  2.263750230297381E-007  4.628007500772943E-002  9.029475705868809E-002  3.099287226203825E-011
  8.500000000000000E+001  2.976842216764773E-007  1.217937614811459E-001  2.175971701008184E-007  4.436172828787414E-002  9.462627522768399E-002  2.980322234187646E-011
  9.000000000000000E+001  2.859961101896460E-007  1.275064790812581E-001  2.096194415996916E-007  4.260939566955807E-002  9.889571944132283E-002  2.871428292354988E-011
  9.009999999999999E+001  2.857713147858373E-007  1.276207206204483E-001  2.094664067991187E-007  4.257518048369380E-002  9.898108164554900E-002  2.869300972503591E-011
  9.019999999999999E+001  2.855469178871098E-007  1.277349451350446E-001  2.093136159181549E-007  4.254135106030402E-002  9.906641713199309E-002  2.867199355840960E-011
  9.039999999999999E+001  2.850993372707106E-007  1.279633163555675E-001  2.090088708872978E-007  4.247424172385999E-002  9.923698192000931E-002  2.863031213519318E-011
  9.059999999999999E+001  2.846532873234175E-007  1.281916073908495E-001  2.087052294380971E-007  4.240745065748910E-002  9.940744116851556E-002  2.858882357884888E-011
  9.080000000000000E+001  2.842087567287985E-007  1.284198175201624E-001  2.084026925963814E-007  4.234091401550724E-002  9.957779547851286E-002  2.854748600889528E-011
  9.100000000000000E+001  2.837657360681571E-007  1.286479465172526E-001  2.081012561318678E-007  4.227461354683015E-002  9.974804539512852E-002  2.850628809958951E-011
  9.150000000000000E+001  2.826650663526706E-007  1.292177575695149E-001  2.073527246649506E-007  4.210995843488108E-002  1.001730273951206E-001  2.840393354151128E-011
  9.200000000000000E+001  2.815736381377825E-007  1.297870613845407E-001  2.066109387864740E-007  4.194667140055517E-002  1.005973724362682E-001  2.830239413966764E-011
  9.300000000000000E+001  2.794190853646025E-007  1.309236390720384E-001  2.051481306429799E-007  4.162447354062659E-002  1.014435681656488E-001  2.810191423544499E-011
  9.400000000000000E+001  2.773000597680656E-007  1.320582162950071E-001  2.037111554813140E-007  4.130762219538618E-002  1.022872993549091E-001  2.790466023746023E-011
  9.600000000000000E+001  2.731689862296844E-007  1.343194293607705E-001  2.009152999132163E-007  4.069034551474054E-002  1.039652054790746E-001  2.752001112539608E-011
  9.800000000000000E+001  2.691696249297574E-007  1.365728991773516E-001  1.982144612298528E-007  4.009300387072253E-002  1.056337025112846E-001  2.714748508654003E-011
  1.000000000000000E+002  2.652958558781135E-007  1.388187701205028E-001  1.956037681587905E-007  3.951479005891450E-002  1.072929338581056E-001  2.678660586131417E-011
  1.050000000000000E+002  2.561468558226805E-007  1.443871144579058E-001  1.894628070167681E-007  3.815080382597979E-002  1.113863662859966E-001  2.593370381489576E-011
  1.100000000000000E+002  2.476619210539518E-007  1.499114433988800E-001  1.837910575628198E-007  3.688719870384759E-002  1.154264081040812E-001  2.514228086949514E-011
  1.150000000000000E+002  2.397719834057988E-007  1.553935133039636E-001  1.785357385552357E-007  3.571362113576650E-002  1.194144918115159E-001  2.440600653912090E-011
  1.200000000000000E+002  2.324169800806223E-007  1.608349083202185E-001  1.736517126636230E-007  3.462077125128837E-002  1.233520635925742E-001  2.371922035064283E-011
  1.250000000000000E+002  2.255445304017014E-007  1.662370784498963E-001  1.691001370249545E-007  3.360057314675675E-002  1.272405327097584E-001  2.307701739292776E-011
  1.300000000000000E+002  2.191087774677182E-007  1.716013599949827E-001  1.648474088218179E-007  3.264598511248392E-002  1.310812559164308E-001  2.247512172147210E-011
  1.350000000000000E+002  2.130694221591748E-007  1.769289907697740E-001  1.608643135890106E-007  3.175084065221036E-002  1.348755337939318E-001  2.190978689963773E-011
  1.400000000000000E+002  2.073909190734759E-007  1.822211222685370E-001  1.571253331941991E-007  3.090971774829934E-002  1.386246114732707E-001  2.137771616794064E-011
  1.450000000000000E+002  2.020418053604076E-007  1.874788296800091E-001  1.536080801493349E-007  3.011783070352117E-002  1.423296809828936E-001  2.087599703671725E-011
  1.500000000000000E+002  1.969941383169105E-007  1.927031202648639E-001  1.502928323759004E-007  2.937094015834808E-002  1.459918841293086E-001  2.040204708228987E-011
  1.600000000000000E+002  1.877358393706920E-007  2.030236194184185E-001  1.442266104854807E-007  2.800184451949476E-002  1.531567301875187E-001  1.953072575091689E-011
  1.700000000000000E+002  1.794093364785134E-007  2.132232427035396E-001  1.387769474141920E-007  2.677127914411769E-002  1.601676092075299E-001  1.874547802089832E-011
  1.800000000000000E+002  1.718800370833532E-007  2.233080088176146E-001  1.338516073375381E-007  2.565913569133194E-002  1.670308264566617E-001  1.803382982490689E-011
  1.900000000000000E+002  1.650378000323480E-007  2.332833418130232E-001  1.293759168980178E-007  2.464888140009987E-002  1.737526597439127E-001  1.738558448258576E-011
  2.000000000000000E+002  1.587917576161902E-007  2.431541748592587E-001  1.252887962635852E-007  2.372691915431550E-002  1.803391440418566E-001  1.679236871711698E-011
  2.100000000000000E+002  1.530663238291717E-007  2.529250222056882E-001  1.215398092482111E-007  2.288196698233576E-002  1.867960088034666E-001  1.624723375972642E-011
  2.200000000000000E+002  1.477981375013331E-007  2.626000354185583E-001  1.180869439811275E-007  2.210458739448594E-002  1.931286664148645E-001  1.574436226917722E-011
  2.300000000000000E+002  1.429337026350692E-007  2.721830488120952E-001  1.148949243723484E-007  2.138682649831905E-002  1.993422197297652E-001  1.527884623707029E-011
  2.400000000000000E+002  1.384275503570910E-007  2.816776168533959E-001  1.119339110599933E-007  2.072193427473402E-002  2.054414769706299E-001  1.484651563441801E-011
  2.500000000000000E+002  1.342407942568424E-007  2.910870453967547E-001  1.091784913846616E-007  2.010414559333590E-002  2.114309692093606E-001  1.444380450529334E-011
  2.600000000000000E+002  1.303399850987119E-007  3.004144180675064E-001  1.066068862746001E-007  1.952850718623559E-002  2.173149683257649E-001  1.406764521930142E-011
  2.700000000000000E+002  1.266961954398871E-007  3.096626187680404E-001  1.042003216855180E-007  1.899073975248628E-002  2.230975044918494E-001  1.371538418753466E-011
  2.800000000000000E+002  1.232842823631715E-007  3.188343510402631E-001  1.019425261535638E-007  1.848712717324406E-002  2.287823827592688E-001  1.338471412173088E-011
  3.000000000000000E+002  1.170975021516786E-007  3.368882539374657E-001  9.784253901527572E-008  1.757360538197386E-002  2.397957783078049E-001  1.278237588629524E-011
  3.200000000000000E+002  1.115998728794073E-007  3.546706734932835E-001  9.418298681384493E-008  1.676156872109465E-002  2.504719452764400E-001  1.224480523058747E-011
  3.400000000000000E+002  1.066799623772901E-007  3.721975069252435E-001  9.089258729788192E-008  1.603458635980581E-002  2.608311836408597E-001  1.176156197016831E-011
  3.600000000000000E+002  1.022491240599057E-007  3.894830683751116E-001  8.791480408205675E-008  1.537958692633491E-002  2.708928477224747E-001  1.132440585597476E-011
  3.800000000000000E+002  9.823602413689493E-008  4.065403102502660E-001  8.520423460274732E-008  1.478606500709089E-002  2.806748962066507E-001  1.092672173265201E-011
  4.000000000000000E+002  9.458262865210064E-008  4.233810045242518E-001  8.272399509245088E-008  1.424548043181049E-002  2.901938529103214E-001  1.056312685296054E-011
  4.200000000000000E+002  9.124124630462658E-008  4.400158932065686E-001  8.044380559496299E-008  1.375081866679147E-002  2.994648832591951E-001  1.022919266055650E-011
  4.400000000000000E+002  8.817232264750770E-008  4.564548141096743E-001  7.833856845267224E-008  1.329626403399240E-002  3.085019032168805E-001  9.921240224558130E-012
  4.600000000000000E+002  8.534277403656973E-008  4.727068068214073E-001  7.638729885815864E-008  1.287695341804900E-002  3.173176929849572E-001  9.636186667874707E-012
  4.800000000000000E+002  8.272471411733552E-008  4.887802027011559E-001  7.457231005146834E-008  1.248878828715624E-002  3.259240054907855E-001  9.371428106089231E-012
  5.000000000000000E+002  8.029446940738379E-008  5.046827018595593E-001  7.287858520856380E-008  1.212828955432380E-002  3.343316661890517E-001  9.124749272380520E-012
  5.200000000000000E+002  7.803181038620141E-008  5.204214394332743E-001  7.129328796577602E-008  1.179248431638280E-002  3.425506633189463E-001  8.894252955810146E-012
  5.400000000000000E+002  7.591934508155118E-008  5.360030429789481E-001  6.980537713538911E-008  1.147881659552256E-002  3.505902288476038E-001  8.678304346075239E-012
  5.600000000000000E+002  7.394203649810361E-008  5.514336824412271E-001  6.840530060353138E-008  1.118507635284277E-002  3.584589107688623E-001  8.475486725091624E-012
  5.800000000000000E+002  7.208681537614547E-008  5.667191138667385E-001  6.708475003171716E-008  1.090934255387324E-002  3.661646375737384E-001  8.284565887917034E-012
  6.000000000000000E+002  7.034226701989954E-008  5.818647178167629E-001  6.583646270206784E-008  1.064993714352924E-002  3.737147757236370E-001  8.104461345026585E-012
  6.200000000000000E+002  6.869837618015026E-008  5.968755332596015E-001  6.465406024542929E-008  1.040538756590805E-002  3.811161809128090E-001  7.934222840293879E-012
  6.400000000000000E+002  6.714631781125650E-008  6.117562875877214E-001  6.353191646830840E-008  1.017439603232104E-002  3.883752438382285E-001  7.773011070810007E-012
  6.600000000000000E+002  6.567828435613770E-008  6.265114232962107E-001  6.246504831851656E-008  9.955814160040946E-003  3.954979311200296E-001  7.620081754103946E-012
  6.800000000000000E+002  6.428734232651988E-008  6.411451217716032E-001  6.144902538621318E-008  9.748621916526756E-003  4.024898219421422E-001  7.474772381625614E-012
  7.000000000000000E+002  6.296731253692539E-008  6.556613245691160E-001  6.047989435589836E-008  9.551910038753863E-003  4.093561409145101E-001  7.336491142755489E-012
  7.500000000000000E+002  5.996167996065183E-008  6.912627324255870E-001  5.826095894493633E-008  9.103614962447361E-003  4.258181417874768E-001  7.019909260460081E-012
  8.000000000000000E+002  5.728861911790317E-008  7.262244206755093E-001  5.626284898413404E-008  8.704571847184848E-003  4.416262946883098E-001  6.736762590622054E-012
  8.500000000000000E+002  5.489383828100895E-008  7.605899355517567E-001  5.445078968677352E-008  8.346757663138049E-003  4.568312453007542E-001  6.481669020481007E-012
  9.000000000000000E+002  5.273435741401141E-008  7.943978883751717E-001  5.279714914977921E-008  8.023826968465519E-003  4.714791868113357E-001  6.250408309254510E-012
  9.500000000000000E+002  5.077572326883381E-008  8.276826836280408E-001  5.127968768739807E-008  7.730693124415362E-003  4.856114682481344E-001  6.039593725800202E-012
  1.000000000000000E+003  4.898999065770768E-008  8.604751356057081E-001  4.988029054144808E-008  7.463228753680136E-003  4.992649881334052E-001  5.846468726445731E-012
  1.050000000000000E+003  4.735424800343560E-008  8.928029780163194E-001  4.858404148606459E-008  7.218048194030924E-003  5.124727151933310E-001  5.668763950287085E-012
  1.100000000000000E+003  4.584952597970507E-008  9.246912852341387E-001  4.737853619498821E-008  6.992346757618410E-003  5.252641890081498E-001  5.504592401799625E-012
  1.150000000000000E+003  4.445997864695955E-008  9.561628224395984E-001  4.625336620316398E-008  6.783780195467947E-003  5.376659651576242E-001  5.352370964257043E-012
  1.200000000000000E+003  4.317226106337774E-008  9.872383385506287E-001  4.519972596331183E-008  6.590373093537607E-003  5.497020003223513E-001  5.210760697049140E-012
  1.250000000000000E+003  4.197505051197633E-008  1.017936812886109E+000  4.421010997376243E-008  6.410448398613897E-003  5.613939820394122E-001  5.078620815602129E-012
  1.300000000000000E+003  4.085867408718936E-008  1.048275664156913E+000  4.327807669390537E-008  6.242572587182934E-003  5.727616101912928E-001  4.954972799895294E-012
  1.350000000000000E+003  3.981481602050344E-008  1.078270928571096E+000  4.239806260071620E-008  6.085512561133535E-003  5.838228373588837E-001  4.838972104347598E-012
  1.400000000000000E+003  3.883628547386549E-008  1.107937412448193E+000  4.156523432577418E-008  5.938201436854537E-003  5.945940744581043E-001  4.729885642456737E-012
  1.450000000000000E+003  3.791683067653586E-008  1.137288823662315E+000  4.077537002483045E-008  5.799711151564062E-003  6.050903671822456E-001  4.627073707318253E-012
  1.500000000000000E+003  3.705098893292730E-008  1.166337885397067E+000  4.002476341251294E-008  5.669230347610550E-003  6.153255479019492E-001  4.529975334301831E-012
  1.550000000000000E+003  3.623396465219589E-008  1.195096435039519E+000  3.931014553395253E-008  5.546046380995426E-003  6.253123669038108E-001  4.438096359891647E-012
  1.600000000000000E+003  3.546152945669631E-008  1.223575510522782E+000  3.862862053726351E-008  5.429530580466520E-003  6.350626061923818E-001  4.350999610777358E-012
  1.650000000000000E+003  3.472993982698977E-008  1.251785426015024E+000  3.797761258743300E-008  5.319126089303078E-003  6.445871785327186E-001  4.268296789711635E-012
  1.700000000000000E+003  3.403586878068180E-008  1.279735838523302E+000  3.735482171348103E-008  5.214337774652855E-003  6.538962139580153E-001  4.189641723084162E-012
  1.750000000000000E+003  3.337634886147236E-008  1.307435806715210E+000  3.675818686937243E-008  5.114723803760703E-003  6.629991355944599E-001  4.114724709056351E-012
  1.800000000000000E+003  3.274872430399727E-008  1.334893843046284E+000  3.618585485908741E-008  5.019888573015008E-003  6.719047263494836E-001  4.043267761089108E-012
  1.900000000000000E+003  3.158542755794172E-008  1.388894417181468E+000  3.511639594991425E-008  4.843991354351679E-003  6.889932953041070E-001  3.910338504425162E-012
  2.000000000000000E+003  3.052275922813295E-008  1.442035490262047E+000  3.412463467075866E-008  4.683198029447340E-003  7.054077218366867E-001  3.788438276275332E-012
  2.100000000000000E+003  2.954758194208156E-008  1.494367440417033E+000  3.320127596251140E-008  4.535543257079511E-003  7.211951401315201E-001  3.676155311524459E-012
  2.200000000000000E+003  2.864898372016879E-008  1.545935699903966E+000  3.233852890690762E-008  4.399395649099465E-003  7.363985764926211E-001  3.572322670825745E-012
  2.300000000000000E+003  2.781782682376612E-008  1.596781401637848E+000  3.152980960543195E-008  4.273388676228696E-003  7.510569306468845E-001  3.475960998530902E-012
  2.400000000000000E+003  2.704639938100388E-008  1.646941936096392E+000  3.076951081043975E-008  4.156368459221411E-003  7.652053476281295E-001  3.386240926127335E-012
  2.500000000000000E+003  2.632814556782242E-008  1.696451421091329E+000  3.005282258877592E-008  4.047353536935188E-003  7.788756359223734E-001  3.302454821563619E-012
  2.600000000000000E+003  2.565745486613919E-008  1.745341098160695E+000  2.937559150165569E-008  3.945503484304516E-003  7.920966574886411E-001  3.223994868582619E-012
  2.700000000000000E+003  2.502949594686277E-008  1.793639668638718E+000  2.873420899862739E-008  3.850094181290173E-003  8.048946736400178E-001  3.150335792933607E-012
  2.800000000000000E+003  2.444008454900999E-008  1.841373580198337E+000  2.812552216381520E-008  3.760498139946597E-003  8.172936465392761E-001  3.081021098559429E-012
  2.900000000000000E+003  2.388557750030478E-008  1.888567272547108E+000  2.754676172624651E-008  3.676168718838909E-003  8.293155005145815E-001  3.015651997795459E-012
  3.000000000000000E+003  2.336278702549934E-008  1.935243389235071E+000  2.699548352860512E-008  3.596627354171275E-003  8.409803483502762E-001  2.953878433950903E-012
  3.100000000000000E+003  2.286891093895906E-008  1.981422961174194E+000  2.646952058105990E-008  3.521453153267727E-003  8.523066875080422E-001  2.895391745298162E-012
  3.200000000000000E+003  2.240147537802222E-008  2.027125566402253E+000  2.596694351026933E-008  3.450274353701046E-003  8.633115706825901E-001  2.839918628185476E-012
  3.300000000000000E+003  2.195828751551564E-008  2.072369469784173E+000  2.548602771937362E-008  3.382761267514358E-003  8.740107544809060E-001  2.787216136737515E-012
  3.400000000000000E+003  2.153739627194057E-008  2.117171745678849E+000  2.502522595251164E-008  3.318620416411153E-003  8.844188294378753E-001  2.737067515886555E-012
  3.500000000000000E+003  2.113705948521658E-008  2.161548386069486E+000  2.458314524212004E-008  3.257589628716832E-003  8.945493340756947E-001  2.689278709023374E-012
  3.600000000000000E+003  2.075571632735338E-008  2.205514396230273E+000  2.415852743377012E-008  3.199433918124642E-003  9.044148552842752E-001  2.643675415360003E-012
  3.700000000000000E+003  2.039196401074008E-008  2.249083879658867E+000  2.375023264930086E-008  3.143942001851284E-003  9.140271169387755E-001  2.600100597975050E-012
  3.800000000000000E+003  2.004453802185681E-008  2.292270113725225E+000  2.335722517729490E-008  3.090923344804584E-003  9.233970583694329E-001  2.558412363487337E-012
  3.900000000000000E+003  1.971229527162335E-008  2.335085617259322E+000  2.297856137983502E-008  3.040205638858330E-003  9.325349040485261E-001  2.518482149839812E-012
  4.000000000000000E+003  1.939419966992621E-008  2.377542211113003E+000  2.261337928280846E-008  2.991632643912764E-003  9.414502256511680E-001  2.480193170846615E-012
  4.200000000000000E+003  1.879955060487630E-008  2.461091979951902E+000  2.192691214084237E-008  2.900783314808343E-003  9.584611974866344E-001  2.408441192898716E-012
  4.400000000000000E+003  1.825067741395475E-008  2.543357239286932E+000  2.128479925432625E-008  2.816883575283005E-003  9.747075066876535E-001  2.342037583510588E-012
  4.600000000000000E+003  1.774219319337108E-008  2.624409498069679E+000  2.068245259423056E-008  2.739118174973535E-003  9.902421389766508E-001  2.280363609175819E-012
  4.800000000000000E+003  1.726954037298470E-008  2.704313652239235E+000  2.011593458480162E-008  2.666797744832715E-003  1.005113425200697E+000  2.222897467972745E-012
  5.000000000000000E+003  1.682883702630172E-008  2.783128797552198E+000  1.958184377590380E-008  2.599334940473017E-003  1.019365131663653E+000  2.169193866721879E-012
  5.200000000000000E+003  1.641675522136840E-008  2.860908937850408E+000  1.907722356128086E-008  2.536226009792961E-003  1.033036893582774E+000  2.118870036008822E-012
  5.400000000000000E+003  1.603042462011993E-008  2.937703589006434E+000  1.859948913739888E-008  2.477036253830298E-003  1.046164673743266E+000  2.071594911789197E-012
  5.600000000000000E+003  1.566735556412487E-008  3.013558294085017E+000  1.814636864836121E-008  2.421388439149654E-003  1.058781184393460E+000  2.027080542277598E-012
  5.800000000000000E+003  1.532537723567027E-008  3.088515064623369E+000  1.771585539567411E-008  2.368953482910043E-003  1.070916260691160E+000  1.985075177893458E-012
  6.000000000000000E+003  1.500258756166839E-008  3.162612760465868E+000  1.730616873894526E-008  2.319442905519035E-003  1.082597186911894E+000  1.945357664179085E-012
  6.200000000000000E+003  1.469731233595995E-008  3.235887418283659E+000  1.691572187666381E-008  2.272602670229195E-003  1.093848980159766E+000  1.907732856460109E-012
  6.400000000000000E+003  1.440807163493885E-008  3.308372537016958E+000  1.654309511629705E-008  2.228208119998864E-003  1.104694636983717E+000  1.872027843545534E-012
  6.600000000000000E+003  1.413355204707546E-008  3.380099326964257E+000  1.618701355718202E-008  2.186059789185356E-003  1.115155348018341E+000  1.838088817428782E-012
  6.800000000000000E+003  1.387258357039886E-008  3.451096928036376E+000  1.584632834628339E-008  2.145979917826742E-003  1.125250685196736E+000  1.805778462723183E-012
  7.000000000000000E+003  1.362412028344501E-008  3.521392601728881E+000  1.552000084639579E-008  2.107809534063286E-003  1.134998765464349E+000  1.774973767172892E-012
  7.200000000000000E+003  1.338722408626362E-008  3.591011900591227E+000  1.520708919364733E-008  2.071405998955621E-003  1.144416394345392E+000  1.745564175533023E-012
  7.400000000000000E+003  1.316105095442617E-008  3.659978818344305E+000  1.490673682697263E-008  2.036640929937750E-003  1.153519192204739E+000  1.717450025163528E-012
  7.600000000000000E+003  1.294483926190976E-008  3.728315923288509E+000  1.461816265439971E-008  2.003398436105066E-003  1.162321705612273E+000  1.690541214079865E-012
  7.800000000000000E+003  1.273789981650917E-008  3.796044477227808E+000  1.434065258527868E-008  1.971573611723188E-003  1.170837505847789E+000  1.664756061854856E-012
  8.000000000000000E+003  1.253960732012749E-008  3.863184541792761E+000  1.407355220821584E-008  1.941071244665094E-003  1.179079276274578E+000  1.640020331332741E-012
  8.200000000000000E+003  1.234939302041582E-008  3.929755073762397E+000  1.381626043462409E-008  1.911804704617329E-003  1.187058890050019E+000  1.616266385088645E-012
  8.400000000000000E+003  1.216673836313479E-008  3.995774010749928E+000  1.356822395983237E-008  1.883694982345541E-003  1.194787479423681E+000  1.593432455310548E-012
  8.600000000000000E+003  1.199116948882512E-008  4.061258348421232E+000  1.332893241940461E-008  1.856669856454304E-003  1.202275497690927E+000  1.571462009571292E-012
  8.800000000000000E+003  1.182225244481390E-008  4.126224210250910E+000  1.309791413906901E-008  1.830663168203656E-003  1.209532774716511E+000  1.550303198004429E-012
  9.000000000000000E+003  1.165958900570974E-008  4.190686910682552E+000  1.287473239349688E-008  1.805614188273936E-003  1.216568566813568E+000  1.529908369858854E-012
  9.200000000000000E+003  1.150281301347331E-008  4.254661012443271E+000  1.265898210290423E-008  1.781467062069749E-003  1.223391601654356E+000  1.510233649405940E-012
  9.400000000000000E+003  1.135158716275795E-008  4.318160378663596E+000  1.245028690770783E-008  1.758170322353193E-003  1.230010118796851E+000  1.491238562804135E-012
  9.600000000000000E+003  1.120560016916823E-008  4.381198220369787E+000  1.224829657073695E-008  1.735676459796816E-003  1.236431906333037E+000  1.472885708863372E-012
  9.800000000000000E+003  1.106456426791163E-008  4.443787139843709E+000  1.205268466417094E-008  1.713941543527181E-003  1.242664334098118E+000  1.455140467753124E-012
  1.000000000000000E+004  1.092821299843090E-008  4.505939170284005E+000  1.186314650474231E-008  1.692924884952530E-003  1.248714383823025E+000  1.437970742609024E-012
  1.020000000000000E+004  1.079629923733018E-008  4.567665812149304E+000  1.167939730605877E-008  1.672588739181832E-003  1.254588676563961E+000  1.421346729749430E-012
  1.040000000000000E+004  1.066859344750497E-008  4.628978066518767E+000  1.150117052134623E-008  1.652898039186499E-003  1.260293497701037E+000  1.405240713844206E-012
  1.060000000000000E+004  1.054488211606218E-008  4.689886465765822E+000  1.132821635365471E-008  1.633820158561407E-003  1.265834819762095E+000  1.389626884905775E-012
  1.080000000000000E+004  1.042496635753713E-008  4.750401101806822E+000  1.116030041372316E-008  1.615324699333344E-003  1.271218323296937E+000  1.374481174415817E-012
  1.100000000000000E+004  1.030866066221304E-008  4.810531652156709E+000  1.099720250836952E-008  1.597383301762926E-003  1.276449416000323E+000  1.359781108274681E-012
  1.120000000000000E+004  1.019579177213360E-008  4.870287403997867E+000  1.083871554453971E-008  1.579969473506392E-003  1.281533250258997E+000  1.345505674576406E-012
  1.140000000000000E+004  1.008619766975770E-008  4.929677276445818E+000  1.068464453608127E-008  1.563058435859923E-003  1.286474739277760E+000  1.331635204480312E-012
  1.160000000000000E+004  9.979726666209380E-009  4.988709841175611E+000  1.053480570195825E-008  1.546626985111753E-003  1.291278571922094E+000  1.318151264678086E-012
  1.180000000000000E+004  9.876236577783692E-009  5.047393341555397E+000  1.038902564603914E-008  1.530653367285380E-003  1.295949226399532E+000  1.305036560149934E-012
  1.200000000000000E+004  9.775593980828270E-009  5.105735710418394E+000  1.024714060980599E-008  1.515117164777712E-003  1.300490982888513E+000  1.292274846069890E-012
  1.220000000000000E+004  9.677673536371167E-009  5.163744586591059E+000  1.010899579038129E-008  1.499999193585036E-003  1.304907935211767E+000  1.279850847863319E-012
  1.240000000000000E+004  9.582357376940136E-009  5.221427330283284E+000  9.974444717175315E-009  1.485281409972160E-003  1.309204001640909E+000  1.267750188542610E-012
  1.260000000000000E+004  9.489534548944237E-009  5.278791037435997E+000  9.843348681241598E-009  1.470946825580182E-003  1.313382934909863E+000  1.255959322553222E-012
  1.280000000000000E+004  9.399100504788386E-009  5.335842553112188E+000  9.715576212110103E-009  1.456979430089196E-003  1.317448331506701E+000  1.244465475453954E-012
  1.300000000000000E+004  9.310956639583798E-009  5.392588484009023E+000  9.591002597461547E-009  1.443364120657112E-003  1.321403640306419E+000  1.233256588834902E-012
  1.320000000000000E+004  9.225009867917920E-009  5.449035210161464E+000  9.469509441524009E-009  1.430086637446633E-003  1.325252170600879E+000  1.222321269945666E-012
  1.340000000000000E+004  9.141172236670309E-009  5.505188895901035E+000  9.350984258526470E-009  1.417133504631578E-003  1.328997099576625E+000  1.211648745566611E-012
  1.360000000000000E+004  9.059360570316221E-009  5.561055500127694E+000  9.235320097940936E-009  1.404491976342707E-003  1.332641479286279E+000  1.201228819708492E-012
  1.380000000000000E+004  8.979496145557867E-009  5.616640785947316E+000  9.122415198593625E-009  1.392149987073512E-003  1.336188243154902E+000  1.191051834771752E-012
  1.400000000000000E+004  8.901504392471427E-009  5.671950329722727E+000  9.012172669032825E-009  1.380096106119153E-003  1.339640212058719E+000  1.181108635837050E-012
  1.420000000000000E+004  8.825314619663849E-009  5.726989529581906E+000  8.904500191811730E-009  1.368319495668109E-003  1.343000100010140E+000  1.171390537793973E-012
  1.440000000000000E+004  8.750859761201737E-009  5.781763613423152E+000  8.799309749583867E-009  1.356809872206744E-003  1.346270519479893E+000  1.161889295046009E-012
  1.460000000000000E+004  8.678076143311219E-009  5.836277646453672E+000  8.696517371120410E-009  1.345557470932870E-003  1.349453986384237E+000  1.152597073557275E-012
  1.480000000000000E+004  8.606903269056467E-009  5.890536538294851E+000  8.596042895546632E-009  1.334553012906033E-003  1.352552924762760E+000  1.143506425030751E-012
  1.500000000000000E+004  8.537283619388645E-009  5.944545049684731E+000  8.497809753261314E-009  1.323787674690178E-003  1.355569671169967E+000  1.134610263029193E-012
  1.520000000000000E+004  8.469162469120542E-009  5.998307798805672E+000  8.401744762151753E-009  1.313253060269136E-003  1.358506478801862E+000  1.125901840868896E-012
  1.540000000000000E+004  8.402487716526655E-009  6.051829267262947E+000  8.307777937848881E-009  1.302941175037307E-003  1.361365521376873E+000  1.117374731133349E-012
  1.560000000000000E+004  8.337209725397258E-009  6.105113805737813E+000  8.215842316885570E-009  1.292844401687438E-003  1.364148896788848E+000  1.109022806668794E-012
  1.580000000000000E+004  8.273281178489209E-009  6.158165639336866E+000  8.125873791726492E-009  1.282955477834771E-003  1.366858630548309E+000  1.100840222937113E-012
  1.600000000000000E+004  8.210656941418204E-009  6.210988872657706E+000  8.037810956732609E-009  1.273267475232233E-003  1.369496679026883E+000  1.092821401613274E-012
  1.620000000000000E+004  8.149293936128220E-009  6.263587494589363E+000  7.951594964208261E-009  1.263773780445267E-003  1.372064932518500E+000  1.084961015325331E-012
  1.640000000000000E+004  8.089151023154961E-009  6.315965382864551E+000  7.867169389754814E-009  1.254468076867106E-003  1.374565218129958E+000  1.077253973444368E-012
  1.660000000000000E+004  8.030188891973121E-009  6.368126308379549E+000  7.784480106223554E-009  1.245344327966478E-003  1.376999302512348E+000  1.069695408840400E-012
  1.680000000000000E+004  7.972369958782239E-009  6.420073939296223E+000  7.703475165622045E-009  1.236396761669503E-003  1.379368894443990E+000  1.062280665527813E-012
  1.700000000000000E+004  7.915658271144583E-009  6.471811844939773E+000  7.624104688383891E-009  1.227619855786546E-003  1.381675647274659E+000  1.055005287130857E-012
  1.720000000000000E+004  7.860019418941032E-009  6.523343499504652E+000  7.546320759462070E-009  1.219008324402702E-003  1.383921161240144E+000  1.047865006105843E-012
  1.740000000000000E+004  7.805420451158176E-009  6.574672285580303E+000  7.470077330751468E-009  1.210557105157811E-003  1.386106985655473E+000  1.040855733662271E-012
  1.760000000000000E+004  7.751829798062645E-009  6.625801497507484E+000  7.395330129387256E-009  1.202261347348391E-003  1.388234620994544E+000  1.033973550330154E-012
  1.780000000000000E+004  7.699217198356930E-009  6.676734344575202E+000  7.322036571503169E-009  1.194116400789692E-003  1.390305520863272E+000  1.027214697125290E-012
  1.800000000000000E+004  7.647553630945881E-009  6.727473954067561E+000  7.250155681067391E-009  1.186117805381386E-003  1.392321093872887E+000  1.020575567268375E-012
  1.820000000000000E+004  7.596811250974325E-009  6.778023374169207E+000  7.179648013444657E-009  1.178261281325168E-003  1.394282705419501E+000  1.014052698417527E-012
  1.840000000000000E+004  7.546963329824804E-009  6.828385576737436E+000  7.110475583360933E-009  1.170542719946879E-003  1.396191679375635E+000  1.007642765377163E-012
  1.860000000000000E+004  7.497984198790095E-009  6.878563459948539E+000  7.042601796972600E-009  1.162958175079661E-003  1.398049299698994E+000  1.001342573249207E-012
  1.880000000000000E+004  7.449849196158662E-009  6.928559850825336E+000  6.975991387765175E-009  1.155503854968245E-003  1.399856811963389E+000  9.951490509953732E-013
  1.900000000000000E+004  7.402534617472316E-009  6.978377507652548E+000  6.910610356027825E-009  1.148176114657675E-003  1.401615424816385E+000  9.890592453818058E-013
  1.920000000000000E+004  7.356017668734798E-009  7.028019122286087E+000  6.846425911669129E-009  1.140971448832723E-003  1.403326311367911E+000  9.830703152795978E-013
  1.940000000000000E+004  7.310276422367467E-009  7.077487322361997E+000  6.783406420157338E-009  1.133886485076928E-003  1.404990610513813E+000  9.771795262968459E-013
  1.960000000000000E+004  7.265289775724347E-009  7.126784673410468E+000  6.721521351384422E-009  1.126917977522634E-003  1.406609428198025E+000  9.713842457197647E-013
  1.980000000000000E+004  7.221037411993397E-009  7.175913680879884E+000  6.660741231268028E-009  1.120062800865596E-003  1.408183838616823E+000  9.656819377421253E-013
  2.000000000000000E+004  7.177499763324165E-009  7.224876792075667E+000  6.601037595919185E-009  1.113317944719807E-003  1.409714885368367E+000  9.600701589638791E-013
