! time                    frank_diameter          perfect_diameter        faulted_diameter        void_diameter           
  0.000000000000000E+000  0.000000000000000E+000  0.000000000000000E+000  0.000000000000000E+000  0.000000000000000E+000
  1.000000000000000E-001  4.321183162482023E-001  4.500255729904891E-001  4.621562509628918E-001  2.556649725553407E-001
  2.000000000000000E-001  4.528001432898968E-001  4.543362553674675E-001  4.607252677607654E-001  2.556633165519473E-001
  3.000000000000000E-001  4.664594453149226E-001  4.580152762216362E-001  4.613051960897247E-001  2.556641365907713E-001
  4.000000000000001E-001  4.766208939119821E-001  4.613606744463665E-001  4.627145457486549E-001  2.556654277152998E-001
  5.000000000000001E-001  4.850087344274325E-001  4.643457111904259E-001  4.646932044954928E-001  2.556667775917915E-001
  6.000000000000002E-001  4.919771546650842E-001  4.670858952872460E-001  4.669067170601829E-001  2.556680960965256E-001
  7.000000000000003E-001  4.979753033061431E-001  4.695912162079420E-001  4.692924190077043E-001  2.556693355202622E-001
  8.000000000000004E-001  5.032741065175416E-001  4.718720135496397E-001  4.718024842859468E-001  2.556704752649205E-001
  9.000000000000005E-001  5.080489948714030E-001  4.739402862035351E-001  4.743996372905085E-001  2.556715074624727E-001
  1.000000000000000E+000  5.124188100614846E-001  4.758092744152721E-001  4.770540143408635E-001  2.556724309790100E-001
  1.100000000000001E+000  5.164665559227924E-001  4.774930193062786E-001  4.797411760967120E-001  2.556732485709979E-001
  1.200000000000001E+000  5.202515641565658E-001  4.790059516846991E-001  4.824408691486939E-001  2.556739653386104E-001
  1.300000000000001E+000  5.238171276319890E-001  4.803625333730817E-001  4.851362318318262E-001  2.556745877815937E-001
  1.400000000000001E+000  5.271955044910054E-001  4.815769606947018E-001  4.878132555671820E-001  2.556751231726556E-001
  1.500000000000001E+000  5.304112795253777E-001  4.826629318293954E-001  4.904603919769937E-001  2.556755791208460E-001
  1.600000000000001E+000  5.334836465958870E-001  4.836334746087829E-001  4.930682437715341E-001  2.556759632617310E-001
  1.700000000000001E+000  5.364279631059164E-001  4.845008281745793E-001  4.956293051589344E-001  2.556762830388672E-001
  1.800000000000001E+000  5.392568087287303E-001  4.852763703806238E-001  4.981377333465433E-001  2.556765455538215E-001
  1.900000000000001E+000  5.419807070340033E-001  4.859705824806966E-001  5.005891415798813E-001  2.556767574684836E-001
  2.000000000000001E+000  5.446267434419649E-001  4.865761990146935E-001  5.030117390650897E-001  2.556769161712819E-001
  2.100000000000001E+000  5.471821005255406E-001  4.871231200969787E-001  5.053626872347478E-001  2.556770387096762E-001
  2.200000000000002E+000  5.496539127730498E-001  4.876183501924086E-001  5.076434678674603E-001  2.556771296778663E-001
  2.300000000000002E+000  5.520484440458131E-001  4.880682017608511E-001  5.098556879523536E-001  2.556771932208425E-001
  2.400000000000002E+000  5.543712236371491E-001  4.884783396134329E-001  5.120011110813468E-001  2.556772330535522E-001
  2.500000000000002E+000  5.566271554622839E-001  4.888538227489042E-001  5.140816585628254E-001  2.556772524839344E-001
  2.600000000000002E+000  5.588206068429065E-001  4.891991489139452E-001  5.160993928303608E-001  2.556772544401603E-001
  2.700000000000002E+000  5.609554817402053E-001  4.895183002107763E-001  5.180564914066151E-001  2.556772415002105E-001
  2.800000000000002E+000  5.630352819895414E-001  4.898147884791177E-001  5.199552168050072E-001  2.556772159223763E-001
  2.900000000000002E+000  5.650631591098583E-001  4.900916995141737E-001  5.217978858141336E-001  2.556771796756371E-001
  3.000000000000002E+000  5.670419585529582E-001  4.903517354474795E-001  5.235868402972339E-001  2.556771344691572E-001
  3.100000000000002E+000  5.689742577601453E-001  4.905972548264240E-001  5.253244207476874E-001  2.556770817803787E-001
  3.200000000000002E+000  5.708623990496535E-001  4.908303100924656E-001  5.270129432384730E-001  2.556770228813630E-001
  3.300000000000002E+000  5.727085181218750E-001  4.910526822867561E-001  5.286546799996962E-001  2.556769588631773E-001
  3.400000000000003E+000  5.745145688063233E-001  4.912659129123033E-001  5.302518435935438E-001  2.556768906582250E-001
  3.500000000000003E+000  5.762823445599630E-001  4.914713329594327E-001  5.318065744887320E-001  2.556768190605048E-001
  3.600000000000003E+000  5.780134971441738E-001  4.916700891604643E-001  5.333209317376473E-001  2.556767447438361E-001
  3.700000000000003E+000  5.797095528459557E-001  4.918631675835053E-001  5.347968864082433E-001  2.556766682781346E-001
  3.800000000000003E+000  5.813719265607482E-001  4.920514147067505E-001  5.362363174045772E-001  2.556765901438515E-001
  3.900000000000003E+000  5.830019340148205E-001  4.922355561359012E-001  5.376410093139126E-001  2.556765107447021E-001
  4.000000000000003E+000  5.846008023717704E-001  4.924162131400933E-001  5.390126519368230E-001  2.556764304188255E-001
  4.100000000000002E+000  5.861696794385108E-001  4.925939171876845E-001  5.403528411840640E-001  2.556763494485176E-001
  4.200000000000002E+000  5.877096416602504E-001  4.927691226637761E-001  5.416630810560963E-001  2.556762680686751E-001
  4.300000000000002E+000  5.892217010707629E-001  4.929422179476265E-001  5.429447864551631E-001  2.556761864740948E-001
  4.400000000000001E+000  5.907068113433890E-001  4.931135350212222E-001  5.441992866137200E-001  2.556761048257485E-001
  4.500000000000001E+000  5.921658730694378E-001  4.932833577710620E-001  5.454278289554966E-001  2.556760232561586E-001
  4.600000000000001E+000  5.935997383738788E-001  4.934519291344752E-001  5.466315832356280E-001  2.556759418739888E-001
  4.700000000000000E+000  5.950092149632350E-001  4.936194572301142E-001  5.478116458336820E-001  2.556758607679434E-001
  4.800000000000000E+000  5.963950696873389E-001  4.937861206001724E-001  5.489690440977802E-001  2.556757800100745E-001
  5.000000000000000E+000  5.991105158231769E-001  4.941155975606558E-001  5.512339209058430E-001  2.556756201172162E-001
  5.200000000000000E+000  6.017383516683179E-001  4.944434203086457E-001  5.534169404144189E-001  2.556754621998447E-001
  5.400000000000000E+000  6.042837258314079E-001  4.947702506229800E-001  5.555245539773649E-001  2.556753064329513E-001
  5.600000000000001E+000  6.067513261025919E-001  4.950966022356398E-001  5.575624308351382E-001  2.556751529232610E-001
  5.699999999999998E+000  6.079490753529657E-001  4.952607800116937E-001  5.585466062907807E-001  2.556750766114142E-001
  5.799999999999998E+000  6.091308782892145E-001  4.954248219283222E-001  5.595175532048793E-001  2.556750010032763E-001
  5.899999999999998E+000  6.102977807736243E-001  4.955886623550732E-001  5.604765601408210E-001  2.556749261247306E-001
  5.999999999999997E+000  6.114479704536023E-001  4.957525850280304E-001  5.614213154983345E-001  2.556748518425421E-001
  6.199999999999998E+000  6.137074567066261E-001  4.960798117171686E-001  5.632793064068452E-001  2.556747054740883E-001
  6.399999999999998E+000  6.159042429148315E-001  4.964076610776620E-001  5.650844640425726E-001  2.556745613885035E-001
  6.599999999999998E+000  6.180414365293870E-001  4.967363217395692E-001  5.668399423816647E-001  2.556744195758117E-001
  6.799999999999998E+000  6.201219085222729E-001  4.970659390590256E-001  5.685486042923757E-001  2.556742800129843E-001
  6.999999999999998E+000  6.221483203097312E-001  4.973966259985487E-001  5.702130541391870E-001  2.556741426686281E-001
  7.199999999999998E+000  6.241231454342747E-001  4.977284701233421E-001  5.718356674500168E-001  2.556740075059750E-001
  7.399999999999999E+000  6.260486878040094E-001  4.980615387362394E-001  5.734186172213874E-001  2.556738744849492E-001
  7.599999999999999E+000  6.279270974363307E-001  4.983958827344921E-001  5.749638969529719E-001  2.556737435635876E-001
  7.799999999999999E+000  6.297603842549337E-001  4.987315395651857E-001  5.764733406984205E-001  2.556736146990102E-001
  7.999999999999999E+000  6.315504302934740E-001  4.990685355329246E-001  5.779486404785775E-001  2.556734878480833E-001
  8.199999999999999E+000  6.332990005558312E-001  4.994068876341996E-001  5.793913614022888E-001  2.556733629678699E-001
  8.399999999999999E+000  6.350077527231099E-001  4.997466050399602E-001  5.808029548134014E-001  2.556732400159347E-001
  8.599999999999998E+000  6.366782458593238E-001  5.000876903120022E-001  5.821847697465166E-001  2.556731189505501E-001
  8.799999999999997E+000  6.383119482411621E-001  5.004301404141338E-001  5.835380629365666E-001  2.556729997308319E-001
  8.999999999999996E+000  6.399102444174330E-001  5.007739475621353E-001  5.848640075919141E-001  2.556728823168249E-001
  9.199999999999996E+000  6.414744415883010E-001  5.011190999447567E-001  5.861637011090496E-001  2.556727666695587E-001
  9.399999999999995E+000  6.430057753819197E-001  5.014655823398001E-001  5.874381718794538E-001  2.556726527510751E-001
  9.599999999999994E+000  6.445054150957112E-001  5.018133766435670E-001  5.886883853156973E-001  2.556725405244409E-001
  9.799999999999994E+000  6.459744684608705E-001  5.021624623278387E-001  5.899152492040339E-001  2.556724299537491E-001
  9.999999999999993E+000  6.474139859812937E-001  5.025128168355926E-001  5.911196184740863E-001  2.556723210041086E-001
  1.049999999999999E+001  6.509067022177608E-001  5.033912579880973E-001  5.940606506134035E-001  2.556720567871162E-001
  1.099999999999999E+001  6.542324472361557E-001  5.042764587661173E-001  5.968736499230561E-001  2.556718014710577E-001
  1.149999999999999E+001  6.574043905894843E-001  5.051684554460785E-001  5.995690674479995E-001  2.556715548772193E-001
  1.199999999999999E+001  6.604341553697043E-001  5.060669511466763E-001  6.021562503779676E-001  2.556713166807876E-001
  1.249999999999999E+001  6.633320905359051E-001  5.069715330823958E-001  6.046434798640331E-001  2.556710865224924E-001
  1.299999999999999E+001  6.661074624179145E-001  5.078817542155181E-001  6.070380972879990E-001  2.556708640473636E-001
  1.349999999999999E+001  6.687686050430914E-001  5.087971648356577E-001  6.093466363556903E-001  2.556706489171887E-001
  1.399999999999999E+001  6.713230434077644E-001  5.097173252360957E-001  6.115749394649278E-001  2.556704408135992E-001
  1.449999999999999E+001  6.737775964164265E-001  5.106418110545399E-001  6.137282553838722E-001  2.556702394379524E-001
  1.499999999999999E+001  6.761384636666631E-001  5.115702156008703E-001  6.158113202987034E-001  2.556700445102091E-001
  1.549999999999999E+001  6.784112991059553E-001  5.125021508244416E-001  6.178284251506875E-001  2.556698557675658E-001
  1.599999999999999E+001  6.806012739013141E-001  5.134372475876082E-001  6.197834719019228E-001  2.556696729630993E-001
  1.649999999999999E+001  6.827131303806245E-001  5.143751555418139E-001  6.216800208740934E-001  2.556694958645009E-001
  1.699999999999999E+001  6.847512285394806E-001  5.153155427568649E-001  6.235213308503843E-001  2.556693242529195E-001
  1.749999999999999E+001  6.867195863227838E-001  5.162580951912464E-001  6.253103932667177E-001  2.556691579219080E-001
  1.799999999999999E+001  6.886219146660217E-001  5.172025160604550E-001  6.270499615379116E-001  2.556689966764690E-001
  1.849999999999999E+001  6.904616481029601E-001  5.181485251427105E-001  6.287425763496658E-001  2.556688403321898E-001
  1.899999999999999E+001  6.922419716041834E-001  5.190958580501140E-001  6.303905875823439E-001  2.556686887144560E-001
  1.949999999999999E+001  6.939658441966438E-001  5.200442654854645E-001  6.319961734046435E-001  2.556685416577399E-001
  1.999999999999999E+001  6.956360198220982E-001  5.209935124993096E-001  6.335613569753500E-001  2.556683990049502E-001
  2.099999999999999E+001  6.988326415498338E-001  5.228904773195957E-001  6.365960544920582E-001  2.556681271811111E-001
  2.199999999999999E+001  7.018418225088594E-001  5.247877841219315E-001  6.394870757759015E-001  2.556678708232019E-001
  2.299999999999999E+001  7.046800849760700E-001  5.266845976852037E-001  6.422467260392482E-001  2.556676292498480E-001
  2.399999999999999E+001  7.073619675819109E-001  5.285797374350715E-001  6.448860154913681E-001  2.556674016025384E-001
  2.499999999999999E+001  7.099003454038129E-001  5.304720856291506E-001  6.474146225874546E-001  2.556671870586740E-001
  2.599999999999999E+001  7.123066671895241E-001  5.323606414834965E-001  6.498411067087313E-001  2.556669848576175E-001
  2.699999999999999E+001  7.145911528567395E-001  5.342445183325882E-001  6.521730799323948E-001  2.556667942985084E-001
  2.799999999999999E+001  7.167629593542590E-001  5.361229328583880E-001  6.544173464279822E-001  2.556666147345606E-001
  2.899999999999999E+001  7.188303200811215E-001  5.379951941398186E-001  6.565800157226198E-001  2.556664455675789E-001
  2.999999999999999E+001  7.208006624418661E-001  5.398606936643893E-001  6.586665958553080E-001  2.556662862431233E-001
  3.099999999999999E+001  7.226807074078960E-001  5.417188963921837E-001  6.606820708465961E-001  2.556661362462797E-001
  3.199999999999999E+001  7.244765542503293E-001  5.435693327978002E-001  6.626309657182899E-001  2.556659950979533E-001
  3.299999999999999E+001  7.261937530042766E-001  5.454115917936213E-001  6.645174014875403E-001  2.556658623516044E-001
  3.399999999999999E+001  7.278373667325042E-001  5.472453144400380E-001  6.663451419949520E-001  2.556657375903609E-001
  3.599999999999999E+001  7.309243754706256E-001  5.508813451280574E-001  6.698615920287315E-001  2.556655110558071E-001
  3.799999999999999E+001  7.337673042581676E-001  5.544798536036188E-001  6.731761960436037E-001  2.556653117467102E-001
  3.999999999999999E+001  7.363937887470838E-001  5.580398290790545E-001  6.763108367789036E-001  2.556651374164858E-001
  4.199999999999999E+001  7.388274688028118E-001  5.615602024747838E-001  6.792841512970442E-001  2.556649858857891E-001
  4.399999999999999E+001  7.410886653542408E-001  5.650402180764387E-001  6.821120834443705E-001  2.556648552051829E-001
  4.599999999999999E+001  7.431949359561564E-001  5.684793975088519E-001  6.848083953126201E-001  2.556647436335555E-001
  4.799999999999999E+001  7.451615297797994E-001  5.718774881539598E-001  6.873850544886282E-001  2.556646496109425E-001
  4.999999999999999E+001  7.470017571622494E-001  5.752344197895861E-001  6.898525337119223E-001  2.556645717353265E-001
  5.199999999999999E+001  7.487272903847217E-001  5.785502692642881E-001  6.922200481548112E-001  2.556645087430465E-001
  5.399999999999999E+001  7.503484098162585E-001  5.818252317664903E-001  6.944957463979095E-001  2.556644594921443E-001
  5.599999999999999E+001  7.518742066140400E-001  5.850595974263789E-001  6.966868660438879E-001  2.556644229481166E-001
  5.799999999999999E+001  7.533127507018070E-001  5.882537322246165E-001  6.987998617939439E-001  2.556643981716611E-001
  5.999999999999999E+001  7.546712308198926E-001  5.914080623829258E-001  7.008405117632076E-001  2.556643843080824E-001
  6.500000000000000E+001  7.577523767832304E-001  5.991114174341289E-001  7.057131669641524E-001  2.556643920812915E-001
  7.000000000000000E+001  7.604571761628964E-001  6.065785444537135E-001  7.102171020296890E-001  2.556644526616225E-001
  7.500000000000000E+001  7.628496454538527E-001  6.138184481156951E-001  7.144113795106853E-001  2.556645576995517E-001
  8.000000000000000E+001  7.649803887792961E-001  6.208401456583551E-001  7.183418623908250E-001  2.556647003759900E-001
  8.500000000000000E+001  7.668898007451511E-001  6.276527050110778E-001  7.220450125561244E-001  2.556648750907233E-001
  9.000000000000000E+001  7.686104753703262E-001  6.342650562698636E-001  7.255503292951434E-001  2.556650772063422E-001
  9.009999999999999E+001  7.686433182242212E-001  6.343954820953269E-001  7.256173680991855E-001  2.556650815920345E-001
  9.019999999999999E+001  7.686760971824693E-001  6.345258814554902E-001  7.256843321870681E-001  2.556650859519303E-001
  9.039999999999999E+001  7.687414478815680E-001  6.347864961330959E-001  7.258181285853147E-001  2.556650946574481E-001
  9.059999999999999E+001  7.688065327611749E-001  6.350468157500988E-001  7.259516891698286E-001  2.556651033899788E-001
  9.080000000000000E+001  7.688713538612743E-001  6.353068309144666E-001  7.260850165483299E-001  2.556651121561875E-001
  9.100000000000000E+001  7.689359135382554E-001  6.355665394813163E-001  7.262181110915940E-001  2.556651209578143E-001
  9.150000000000000E+001  7.690961292364981E-001  6.362144017342499E-001  7.265502372829244E-001  2.556651431027316E-001
  9.200000000000000E+001  7.692547628045607E-001  6.368603493502211E-001  7.268808856203799E-001  2.556651654753374E-001
  9.300000000000000E+001  7.695672308137188E-001  6.381463231254583E-001  7.275390236525050E-001  2.556652108373614E-001
  9.400000000000000E+001  7.698736936823349E-001  6.394247710266731E-001  7.281912273749841E-001  2.556652570666684E-001
  9.600000000000000E+001  7.704687626635203E-001  6.419584880198812E-001  7.294826752459708E-001  2.556653518632390E-001
  9.800000000000000E+001  7.710419296845613E-001  6.444630113992187E-001  7.307510532365615E-001  2.556654498329764E-001
  1.000000000000000E+002  7.715943829446563E-001  6.469388882640724E-001  7.319973462783160E-001  2.556655507765954E-001
  1.050000000000000E+002  7.728890347914635E-001  6.530002857617037E-001  7.350480841781490E-001  2.556658141528568E-001
  1.100000000000000E+002  7.740771866434354E-001  6.588942904442234E-001  7.379736598162806E-001  2.556660928429779E-001
  1.150000000000000E+002  7.751714380090357E-001  6.646281163372332E-001  7.407872337115051E-001  2.556663847684018E-001
  1.200000000000000E+002  7.761825575414965E-001  6.702085758896043E-001  7.434997557976140E-001  2.556666882133733E-001
  1.250000000000000E+002  7.771197669982322E-001  6.756421355886532E-001  7.461205311295938E-001  2.556670017042705E-001
  1.300000000000000E+002  7.779909974736319E-001  6.809349237324577E-001  7.486575724514059E-001  2.556673239676725E-001
  1.350000000000000E+002  7.788031022904351E-001  6.860927433234422E-001  7.511178437010888E-001  2.556676538982718E-001
  1.400000000000000E+002  7.795620310649696E-001  6.911210875054954E-001  7.535074411274851E-001  2.556679905329747E-001
  1.450000000000000E+002  7.802729719423320E-001  6.960251559608345E-001  7.558317338125233E-001  2.556683330296821E-001
  1.500000000000000E+002  7.809404682281448E-001  7.008098714413137E-001  7.580954755451343E-001  2.556686806497332E-001
  1.600000000000000E+002  7.821577964041350E-001  7.100259935822931E-001  7.624974627730280E-001  2.556693860028018E-001
  1.700000000000000E+002  7.832448969246811E-001  7.188203865098616E-001  7.666907413526051E-001  2.556701052687872E-001
  1.800000000000000E+002  7.842223184219101E-001  7.272233615824469E-001  7.707028359895098E-001  2.556708348920194E-001
  1.900000000000000E+002  7.851066199398596E-001  7.352623982307184E-001  7.745552382526311E-001  2.556715721495869E-001
  2.000000000000000E+002  7.859112433497878E-001  7.429624164094295E-001  7.782653224588221E-001  2.556723148753398E-001
  2.100000000000000E+002  7.866471952895232E-001  7.503460425917259E-001  7.818474389229395E-001  2.556730613306925E-001
  2.200000000000000E+002  7.873235653199632E-001  7.574338583673299E-001  7.853136243704392E-001  2.556738101113266E-001
  2.300000000000000E+002  7.879479202152635E-001  7.642446236614567E-001  7.886740990134571E-001  2.556745600773085E-001
  2.400000000000000E+002  7.885266062878749E-001  7.707954742289271E-001  7.919376300589681E-001  2.556753102997451E-001
  2.500000000000000E+002  7.890649832977013E-001  7.771020954093820E-001  7.951118054315546E-001  2.556760600195206E-001
  2.600000000000000E+002  7.895676070911560E-001  7.831788747330409E-001  7.982032443182088E-001  2.556768086150402E-001
  2.700000000000000E+002  7.900383734770142E-001  7.890390359714650E-001  8.012177618288771E-001  2.556775555767834E-001
  2.800000000000000E+002  7.904806325250188E-001  7.946947570235314E-001  8.041604995420830E-001  2.556783004870669E-001
  3.000000000000000E+002  7.912912634691416E-001  8.054156543742426E-001  8.098984954416050E-001  2.556797756887645E-001
  3.200000000000000E+002  7.920188622681250E-001  8.154500190964675E-001  8.153812551049781E-001  2.556812402320316E-001
  3.400000000000000E+002  7.926774905008012E-001  8.248648720079691E-001  8.206408089796881E-001  2.556826924736412E-001
  3.600000000000000E+002  7.932782499050042E-001  8.337186363572517E-001  8.257016768775173E-001  2.556841314507247E-001
  3.800000000000000E+002  7.938299808340995E-001  8.420623756864102E-001  8.305836030741314E-001  2.556855565913149E-001
  4.000000000000000E+002  7.943397959777019E-001  8.499409006168287E-001  8.353029463755389E-001  2.556869675906709E-001
  4.200000000000000E+002  7.948134765282229E-001  8.573937030607841E-001  8.398735246330243E-001  2.556883643321112E-001
  4.400000000000000E+002  7.952557668186745E-001  8.644557340869375E-001  8.443071805685407E-001  2.556897468326800E-001
  4.600000000000000E+002  7.956705953356367E-001  8.711580507754031E-001  8.486141834899902E-001  2.556911152046490E-001
  4.800000000000000E+002  7.960612422071097E-001  8.775283555857465E-001  8.528035256028434E-001  2.556924696277493E-001
  5.000000000000000E+002  7.964304674565791E-001  8.835914479605618E-001  8.568831466959449E-001  2.556938103289146E-001
  5.200000000000000E+002  7.967806102110011E-001  8.893696041960787E-001  8.608601081991907E-001  2.556951375673813E-001
  5.400000000000000E+002  7.971136661820432E-001  8.948828984866991E-001  8.647407303885738E-001  2.556964516236763E-001
  5.600000000000000E+002  7.974313487300265E-001  9.001494755198222E-001  8.685307021394094E-001  2.556977527914465E-001
  5.800000000000000E+002  7.977351374012412E-001  9.051857829799085E-001  8.722351698400690E-001  2.556990413713925E-001
  6.000000000000000E+002  7.980263168184767E-001  9.100067707201592E-001  8.758588102308674E-001  2.557003176667726E-001
  6.200000000000000E+002  7.983060080772790E-001  9.146260620899481E-001  8.794058906705639E-001  2.557015819800773E-001
  6.400000000000000E+002  7.985751942719076E-001  9.190561018955306E-001  8.828803194490943E-001  2.557028346105932E-001
  6.600000000000000E+002  7.988347413870988E-001  9.233082846643964E-001  8.862856881333342E-001  2.557040758526335E-001
  6.800000000000000E+002  7.990854155045066E-001  9.273930662361817E-001  8.896253074729998E-001  2.557053059942783E-001
  7.000000000000000E+002  7.993278970579927E-001  9.313200611813162E-001  8.929022380541225E-001  2.557065253165005E-001
  7.500000000000000E+002  7.999083595029348E-001  9.405003898431434E-001  9.008929113306144E-001  2.557095075501829E-001
  8.000000000000000E+002  8.004488263255283E-001  9.488801779428038E-001  9.085275736590077E-001  2.557124306450125E-001
  8.500000000000000E+002  8.009551618171701E-001  9.565560161015012E-001  9.158475684804370E-001  2.557152975760609E-001
  9.000000000000000E+002  8.014321126819396E-001  9.636093179584494E-001  9.228853550282003E-001  2.557181113746841E-001
  9.500000000000000E+002  8.018835308330423E-001  9.701090816037208E-001  9.296677276327572E-001  2.557208749019423E-001
  1.000000000000000E+003  8.023125679975012E-001  9.761141692876032E-001  9.362173613268906E-001  2.557235908169941E-001
  1.050000000000000E+003  8.027218275164294E-001  9.816751241120969E-001  9.425537495585609E-001  2.557262615790652E-001
  1.100000000000000E+003  8.031134801978881E-001  9.868356138768749E-001  9.486938426137911E-001  2.557288894589983E-001
  1.150000000000000E+003  8.034893526268825E-001  9.916335840429448E-001  9.546525114180816E-001  2.557314765536995E-001
  1.200000000000000E+003  8.038509948572121E-001  9.961021846672775E-001  9.604428986256929E-001  2.557340248010290E-001
  1.250000000000000E+003  8.041997327213419E-001  1.000270521038759E+000  9.660766920739174E-001  2.557365359941058E-001
  1.300000000000000E+003  8.045367086184935E-001  1.004164265930706E+000  9.715643423165224E-001  2.557390117946177E-001
  1.350000000000000E+003  8.048629136109776E-001  1.007806162451968E+000  9.769152385421075E-001  2.557414537449789E-001
  1.400000000000000E+003  8.051792129085972E-001  1.011216439776391E+000  9.821378527432726E-001  2.557438632793375E-001
  1.450000000000000E+003  8.054863662788241E-001  1.014413158995742E+000  9.872398591816923E-001  2.557462417334765E-001
  1.500000000000000E+003  8.057850445283448E-001  1.017412502540680E+000  9.922282343197438E-001  2.557485903536990E-001
  1.550000000000000E+003  8.060758429165759E-001  1.020229017727131E+000  9.971093410985508E-001  2.557509103047886E-001
  1.600000000000000E+003  8.063592921531930E-001  1.022875822776552E+000  1.001889000527532E+000  2.557532026771381E-001
  1.650000000000000E+003  8.066358674779064E-001  1.025364781956756E+000  1.006572552886654E+000  2.557554684931358E-001
  1.700000000000000E+003  8.069059962063361E-001  1.027706655169376E+000  1.011164910351101E+000  2.557577087128938E-001
  1.750000000000000E+003  8.071700640401214E-001  1.029911226278394E+000  1.015670602477923E+000  2.557599242393904E-001
  1.800000000000000E+003  8.074284203745706E-001  1.031987413662764E+000  1.020093815711446E+000  2.557621159230931E-001
  1.900000000000000E+003  8.079344141450224E-001  1.035827827813917E+000  1.028729657792533E+000  2.557664093689963E-001
  2.000000000000000E+003  8.084205997190401E-001  1.039246249191077E+000  1.037070444610955E+000  2.557706188038053E-001
  2.100000000000000E+003  8.088888071472350E-001  1.042290058016189E+000  1.045143408871445E+000  2.557747490217635E-001
  2.200000000000000E+003  8.093406403225450E-001  1.044999840063152E+000  1.052971311398759E+000  2.557788045006277E-001
  2.300000000000000E+003  8.097774958876893E-001  1.047410520937095E+000  1.060573739880559E+000  2.557827893379365E-001
  2.400000000000000E+003  8.102005918654602E-001  1.049552314515363E+000  1.067967797682194E+000  2.557867072784156E-001
  2.500000000000000E+003  8.106109947404573E-001  1.051451494600528E+000  1.075168562145127E+000  2.557905617498407E-001
  2.600000000000000E+003  8.110096428155934E-001  1.053131021555582E+000  1.082189421578214E+000  2.557943558971567E-001
  2.700000000000000E+003  8.113973657704502E-001  1.054611053211612E+000  1.089042335933563E+000  2.557980926130256E-001
  2.800000000000000E+003  8.117749008803997E-001  1.055909363769188E+000  1.095738044502091E+000  2.558017745647003E-001
  2.900000000000000E+003  8.121429064425151E-001  1.057041689330752E+000  1.102286234651783E+000  2.558054042175452E-001
  3.000000000000000E+003  8.125019729098271E-001  1.058022014617068E+000  1.108695680862874E+000  2.558089838556142E-001
  3.100000000000000E+003  8.128526321584453E-001  1.058862812250971E+000  1.114974360551056E+000  2.558125155996726E-001
  3.200000000000000E+003  8.131953652351777E-001  1.059575243553523E+000  1.121129551423416E+000  2.558160014230267E-001
  3.300000000000000E+003  8.135306088662833E-001  1.060169327922176E+000  1.127167913938176E+000  2.558194431654589E-001
  3.400000000000000E+003  8.138587609527422E-001  1.060654086412515E+000  1.133095561614684E+000  2.558228425455292E-001
  3.500000000000000E+003  8.141801852329112E-001  1.061037664021079E+000  1.138918121341388E+000  2.558262011714730E-001
  3.600000000000000E+003  8.144952152579991E-001  1.061327434289202E+000  1.144640785383908E+000  2.558295205508768E-001
  3.700000000000000E+003  8.148041577976538E-001  1.061530089158361E+000  1.150268356457135E+000  2.558328020992973E-001
  3.800000000000000E+003  8.151072957706538E-001  1.061651716462676E+000  1.155805286964536E+000  2.558360471479565E-001
  3.900000000000000E+003  8.154048907779744E-001  1.061697867010984E+000  1.161255713304315E+000  2.558392569506336E-001
  4.000000000000000E+003  8.156971853013548E-001  1.061673612864539E+000  1.166623485981363E+000  2.558424326898517E-001
  4.200000000000000E+003  8.162718911154413E-001  1.061526075687371E+000  1.177134818869420E+000  2.558486562656677E-001
  4.400000000000000E+003  8.168274109566728E-001  1.061145795189919E+000  1.187350255824593E+000  2.558547590096357E-001
  4.600000000000000E+003  8.173651719276411E-001  1.060560221973716E+000  1.197294728949646E+000  2.558607478167621E-001
  4.800000000000000E+003  8.178864584538779E-001  1.059792918243652E+000  1.206989534131985E+000  2.558666290460700E-001
  5.000000000000000E+003  8.183924193452069E-001  1.058864189365348E+000  1.216453299522608E+000  2.558724085040371E-001
  5.200000000000000E+003  8.188840825777703E-001  1.057791617942661E+000  1.225702507008480E+000  2.558780914970389E-001
  5.400000000000000E+003  8.193623703582827E-001  1.056590501480997E+000  1.234751850855852E+000  2.558836828859171E-001
  5.600000000000000E+003  8.198281127424296E-001  1.055274210035836E+000  1.243614509015506E+000  2.558891871352456E-001
  5.800000000000000E+003  8.202820594776628E-001  1.053854479431331E+000  1.252302357817619E+000  2.558946083565834E-001
  6.000000000000000E+003  8.207248901549932E-001  1.052341652839775E+000  1.260826146309952E+000  2.558999503461963E-001
  6.200000000000000E+003  8.211572228711491E-001  1.050744880882097E+000  1.269195640251674E+000  2.559052166179260E-001
  6.400000000000000E+003  8.215796216186366E-001  1.049072288261025E+000  1.277419742524517E+000  2.559104104318835E-001
  6.600000000000000E+003  8.219926026034841E-001  1.047331113248910E+000  1.285506594802653E+000  2.559155348195509E-001
  6.800000000000000E+003  8.223966396633686E-001  1.045527825037515E+000  1.293463664085716E+000  2.559205926058132E-001
  7.000000000000000E+003  8.227921689314424E-001  1.043668222935401E+000  1.301297816852737E+000  2.559255864283476E-001
  7.200000000000000E+003  8.231795928666652E-001  1.041757520602308E+000  1.309015382989698E+000  2.559305187547460E-001
  7.400000000000000E+003  8.235592837506062E-001  1.039800417886940E+000  1.316622211197213E+000  2.559353918976748E-001
  7.600000000000000E+003  8.239315867333145E-001  1.037801162344246E+000  1.324123717247814E+000  2.559402080283443E-001
  7.800000000000000E+003  8.242968224966366E-001  1.035763602120740E+000  1.331524926203186E+000  2.559449691885037E-001
  8.000000000000000E+003  8.246552895916962E-001  1.033691231588014E+000  1.338830509499457E+000  2.559496773011560E-001
  8.200000000000000E+003  8.250072664977331E-001  1.031587230858145E+000  1.346044817648928E+000  2.559543341801562E-001
  8.400000000000000E+003  8.253530134417346E-001  1.029454500116642E+000  1.353171909179207E+000  2.559589415388277E-001
  8.600000000000000E+003  8.256927740119160E-001  1.027295689548543E+000  1.360215576328167E+000  2.559635009977181E-001
  8.800000000000000E+003  8.260267765928716E-001  1.025113225503394E+000  1.367179367929923E+000  2.559680140915986E-001
  9.000000000000000E+003  8.263552356459061E-001  1.022909333438979E+000  1.374066609859127E+000  2.559724822757908E-001
  9.200000000000000E+003  8.266783528544981E-001  1.020686058096835E+000  1.380880423344981E+000  2.559769069319037E-001
  9.400000000000000E+003  8.269963181518657E-001  1.018445281291280E+000  1.387623741420235E+000  2.559812893730440E-001
  9.600000000000000E+003  8.273093106451564E-001  1.016188737634653E+000  1.394299323732024E+000  2.559856308485519E-001
  9.800000000000000E+003  8.276174994486996E-001  1.013918028472591E+000  1.400909769909350E+000  2.559899325483277E-001
  1.000000000000000E+004  8.279210444370355E-001  1.011634634262413E+000  1.407457531655127E+000  2.559941956067771E-001
  1.020000000000000E+004  8.282200969269762E-001  1.009339925593659E+000  1.413944923707977E+000  2.559984211064279E-001
  1.040000000000000E+004  8.285148002966995E-001  1.007035173021292E+000  1.420374133799834E+000  2.560026100812401E-001
  1.060000000000000E+004  8.288052905488472E-001  1.004721555858036E+000  1.426747231719037E+000  2.560067635196491E-001
  1.080000000000000E+004  8.290916968236944E-001  1.002400170052060E+000  1.433066177574723E+000  2.560108823673642E-001
  1.100000000000000E+004  8.293741418676885E-001  1.000072035259032E+000  1.439332829346398E+000  2.560149675299448E-001
  1.120000000000000E+004  8.296527424620178E-001  9.977381012029823E-001  1.445548949792371E+000  2.560190198751808E-001
  1.140000000000000E+004  8.299276098152867E-001  9.953992534079942E-001  1.451716212781876E+000  2.560230402352883E-001
  1.160000000000000E+004  8.301988499238986E-001  9.930563183720946E-001  1.457836209108148E+000  2.560270294089445E-001
  1.180000000000000E+004  8.304665639033335E-001  9.907100682456521E-001  1.463910451833094E+000  2.560309881631714E-001
  1.200000000000000E+004  8.307308482931250E-001  9.883612250687444E-001  1.469940381208469E+000  2.560349172350831E-001
  1.220000000000000E+004  8.309917953380489E-001  9.860104646152614E-001  1.475927369213474E+000  2.560388173335112E-001
  1.240000000000000E+004  8.312494932477316E-001  9.836584198856626E-001  1.481872723744346E+000  2.560426891405134E-001
  1.260000000000000E+004  8.315040264366689E-001  9.813056842853108E-001  1.487777692487654E+000  2.560465333127824E-001
  1.280000000000000E+004  8.317554757464217E-001  9.789528145209403E-001  1.493643466505693E+000  2.560503504829558E-001
  1.300000000000000E+004  8.320039186515700E-001  9.766003332440056E-001  1.499471183559393E+000  2.560541412608409E-001
  1.320000000000000E+004  8.322494294508450E-001  9.742487314663945E-001  1.505261931191577E+000  2.560579062345587E-001
  1.340000000000000E+004  8.324920794447185E-001  9.718984707710743E-001  1.511016749591090E+000  2.560616459716143E-001
  1.360000000000000E+004  8.327319371005910E-001  9.695499853377287E-001  1.516736634256273E+000  2.560653610198977E-001
  1.380000000000000E+004  8.329690682066182E-001  9.672036838012643E-001  1.522422538474481E+000  2.560690519086256E-001
  1.400000000000000E+004  8.332035360151051E-001  9.648599509590687E-001  1.528075375632714E+000  2.560727191492200E-001
  1.420000000000000E+004  8.334354013763168E-001  9.625191493412577E-001  1.533696021372994E+000  2.560763632361380E-001
  1.440000000000000E+004  8.336647228634682E-001  9.601816206565962E-001  1.539285315604867E+000  2.560799846476485E-001
  1.460000000000000E+004  8.338915568895895E-001  9.578476871254968E-001  1.544844064386256E+000  2.560835838465654E-001
  1.480000000000000E+004  8.341159578168921E-001  9.555176527102758E-001  1.550373041682867E+000  2.560871612809366E-001
  1.500000000000000E+004  8.343379780592198E-001  9.531918042518561E-001  1.555872991015441E+000  2.560907173846934E-001
  1.520000000000000E+004  8.345576681780941E-001  9.508704125211533E-001  1.561344627003315E+000  2.560942525782637E-001
  1.540000000000000E+004  8.347750769728414E-001  9.485537331925695E-001  1.566788636812032E+000  2.560977672691517E-001
  1.560000000000000E+004  8.349902515652352E-001  9.462420077463050E-001  1.572205681512057E+000  2.561012618524828E-001
  1.580000000000000E+004  8.352032374790452E-001  9.439354643055169E-001  1.577596397355040E+000  2.561047367115220E-001
  1.600000000000000E+004  8.354140787148685E-001  9.416343184138144E-001  1.582961396973600E+000  2.561081922181618E-001
  1.620000000000000E+004  8.356228178205688E-001  9.393387737580267E-001  1.588301270509975E+000  2.561116287333874E-001
  1.640000000000000E+004  8.358294959576356E-001  9.370490228407395E-001  1.593616586678614E+000  2.561150466077131E-001
  1.660000000000000E+004  8.360341529637408E-001  9.347652476066658E-001  1.598907893767205E+000  2.561184461815997E-001
  1.680000000000000E+004  8.362368274117605E-001  9.324876200265549E-001  1.604175720580415E+000  2.561218277858493E-001
  1.700000000000000E+004  8.364375566654891E-001  9.302163026420005E-001  1.609420577330181E+000  2.561251917419813E-001
  1.720000000000000E+004  8.366363769322768E-001  9.279514490742176E-001  1.614642956476154E+000  2.561285383625861E-001
  1.740000000000000E+004  8.368333233127853E-001  9.256932044995649E-001  1.619843333519588E+000  2.561318679516663E-001
  1.760000000000000E+004  8.370284298480587E-001  9.234417060943800E-001  1.625022167753708E+000  2.561351808049573E-001
  1.780000000000000E+004  8.372217295640714E-001  9.211970834514374E-001  1.630179902973405E+000  2.561384772102342E-001
  1.800000000000000E+004  8.374132545139216E-001  9.189594589701588E-001  1.635316968146829E+000  2.561417574476054E-001
  1.820000000000000E+004  8.376030358178199E-001  9.167289482225351E-001  1.640433778051338E+000  2.561450217897879E-001
  1.840000000000000E+004  8.377911037010056E-001  9.145056602965205E-001  1.645530733875992E+000  2.561482705023751E-001
  1.860000000000000E+004  8.379774875297183E-001  9.122896981185514E-001  1.650608223792712E+000  2.561515038440894E-001
  1.880000000000000E+004  8.381622158453530E-001  9.100811587566783E-001  1.655666623498001E+000  2.561547220670229E-001
  1.900000000000000E+004  8.383453163968948E-001  9.078801337056989E-001  1.660706296727037E+000  2.561579254168697E-001
  1.920000000000000E+004  8.385268161717465E-001  9.056867091555463E-001  1.665727595741795E+000  2.561611141331446E-001
  1.940000000000000E+004  8.387067414250423E-001  9.035009662441030E-001  1.670730861794749E+000  2.561642884493946E-001
  1.960000000000000E+004  8.388851177075328E-001  9.013229812955184E-001  1.675716425569590E+000  2.561674485934013E-001
  1.980000000000000E+004  8.390619698921270E-001  8.991528260450101E-001  1.680684607600325E+000  2.561705947873714E-001
  2.000000000000000E+004  8.392373221991705E-001  8.969905678510636E-001  1.685635718669996E+000  2.561737272481235E-001
