! time                    frank_diameter          perfect_diameter        faulted_diameter        void_diameter           
  0.000000000000000E+000  0.000000000000000E+000  0.000000000000000E+000  0.000000000000000E+000  0.000000000000000E+000
  1.000000000000000E-001  4.869500044430990E-001  4.218605308127349E-001  4.563235849520978E-001  2.556632623089873E-001
  2.000000000000001E-001  5.471185651984223E-001  4.181560607811580E-001  4.539373759042884E-001  2.556660848565489E-001
  3.000000000000001E-001  5.877146965480062E-001  4.164460846557311E-001  4.548186682444728E-001  2.556714764032024E-001
  4.000000000000002E-001  6.185350427902570E-001  4.157099163356947E-001  4.571097082180323E-001  2.556773360508533E-001
  5.000000000000002E-001  6.426810313581471E-001  4.155046245618422E-001  4.601250739795430E-001  2.556832562308418E-001
  6.000000000000003E-001  6.622775830556559E-001  4.156276311435069E-001  4.637052639643029E-001  2.556890962643671E-001
  7.000000000000004E-001  6.789017193978122E-001  4.159789648418987E-001  4.679664518029647E-001  2.556947496451190E-001
  8.000000000000005E-001  6.929239712699090E-001  4.164781491363213E-001  4.726863216493622E-001  2.557002190947320E-001
  9.000000000000006E-001  7.049444135334149E-001  4.170873315706068E-001  4.779129915045637E-001  2.557054797109417E-001
  1.000000000000001E+000  7.153750709231746E-001  4.177790664740391E-001  4.836825314217584E-001  2.557105122085575E-001
  1.100000000000001E+000  7.245117581860320E-001  4.185332671754725E-001  4.900245997623859E-001  2.557153010016220E-001
  1.200000000000001E+000  7.325744634467258E-001  4.193340166710460E-001  4.969628448993073E-001  2.557198328665004E-001
  1.300000000000001E+000  7.397315602659714E-001  4.201678306886535E-001  5.045137088749660E-001  2.557240962868473E-001
  1.400000000000001E+000  7.461150761196721E-001  4.210227077418181E-001  5.126849431585324E-001  2.557280811240713E-001
  1.500000000000001E+000  7.518071660865752E-001  4.218857173902925E-001  5.211758788985578E-001  2.557318272961952E-001
  1.600000000000001E+000  7.569319303682668E-001  4.227510254365207E-001  5.303325558807928E-001  2.557352751698614E-001
  1.700000000000001E+000  7.615551396361869E-001  4.236090595783646E-001  5.401014557527503E-001  2.557384208030577E-001
  1.800000000000001E+000  7.657341482458678E-001  4.244514537244019E-001  5.504439288780779E-001  2.557412584540612E-001
  1.900000000000001E+000  7.695180133675834E-001  4.252710267327570E-001  5.613143470320184E-001  2.557437835234171E-001
  2.000000000000001E+000  7.729491332802363E-001  4.260622549082290E-001  5.726602766337069E-001  2.557459926876203E-001
  2.100000000000001E+000  7.760644961635063E-001  4.268217742065930E-001  5.844233430729004E-001  2.557478840698413E-001
  2.200000000000002E+000  7.788966469873053E-001  4.275488033099694E-001  5.965405170757765E-001  2.557494574297164E-001
  2.300000000000002E+000  7.814744439786087E-001  4.282453458512538E-001  6.089456029223289E-001  2.557507143519906E-001
  2.400000000000002E+000  7.838236522185372E-001  4.289160523581668E-001  6.215707598024306E-001  2.557516584130481E-001
  2.500000000000002E+000  7.859674073586401E-001  4.295677068334274E-001  6.343479390433672E-001  2.557522953066200E-001
  2.600000000000002E+000  7.879265748982778E-001  4.302084177304701E-001  6.472101709175765E-001  2.557526329144643E-001
  2.700000000000002E+000  7.897200272059851E-001  4.308466836784348E-001  6.600926803679020E-001  2.557526813134372E-001
  2.800000000000002E+000  7.913648587138750E-001  4.314905284377440E-001  6.729338433673779E-001  2.557524527160888E-001
  2.900000000000002E+000  7.928765574769046E-001  4.321468537607722E-001  6.856760078763042E-001  2.557519613469453E-001
  3.000000000000002E+000  7.942691478948393E-001  4.328210748975412E-001  6.982661940426149E-001  2.557512232604998E-001
  3.100000000000002E+000  7.955553152814500E-001  4.335170228476595E-001  7.106566638912756E-001  2.557502561095941E-001
  3.200000000000002E+000  7.967465190055094E-001  4.342370469724294E-001  7.228053244046471E-001  2.557490788745657E-001
  3.300000000000002E+000  7.978530978043981E-001  4.349822361635878E-001  7.346759146702958E-001  2.557477115645610E-001
  3.400000000000002E+000  7.988828616575583E-001  4.357531419163702E-001  7.463217997350824E-001  2.557461520263363E-001
  3.500000000000002E+000  7.998459840946854E-001  4.365489326862134E-001  7.576157720698875E-001  2.557444487770435E-001
  3.600000000000001E+000  8.007500425137482E-001  4.373682998431512E-001  7.685405540633419E-001  2.557426228329284E-001
  3.700000000000001E+000  8.016018347797789E-001  4.382096660270477E-001  7.790824958041409E-001  2.557406948989416E-001
  3.800000000000001E+000  8.024074600946322E-001  4.390713332817780E-001  7.892309808397696E-001  2.557386851437217E-001
  3.900000000000000E+000  8.031723911454822E-001  4.399515681954845E-001  7.989779899032525E-001  2.557366129691475E-001
  4.000000000000000E+000  8.039015378869139E-001  4.408486606163297E-001  8.083178444146649E-001  2.557344968093647E-001
  4.100000000000000E+000  8.045993034918327E-001  4.417609627310489E-001  8.172471097081520E-001  2.557323539606974E-001
  4.199999999999999E+000  8.052696331822635E-001  4.426869139556768E-001  8.257646087230250E-001  2.557302004431454E-001
  4.299999999999999E+000  8.059160567857218E-001  4.436250557386116E-001  8.338714854422900E-001  2.557280508937584E-001
  4.399999999999999E+000  8.065417259329625E-001  4.445740392399914E-001  8.415712616733491E-001  2.557259184917982E-001
  4.499999999999998E+000  8.071494468129846E-001  4.455326279891934E-001  8.488698452296040E-001  2.557238149151180E-001
  4.599999999999998E+000  8.077417093403476E-001  4.464996970102584E-001  8.557754659515364E-001  2.557217503265836E-001
  4.699999999999998E+000  8.083207134853562E-001  4.474742294865905E-001  8.622985333552522E-001  2.557197333886629E-001
  4.799999999999997E+000  8.088916665520005E-001  4.484554410317528E-001  8.684438476705496E-001  2.557177829144005E-001
  4.899999999999997E+000  8.094530273914077E-001  4.494421915595574E-001  8.742337302873688E-001  2.557158926381311E-001
  4.999999999999996E+000  8.100062312735851E-001  4.504337919176504E-001  8.796842033409622E-001  2.557140668676474E-001
  5.099999999999996E+000  8.105525145744563E-001  4.514296250231307E-001  8.848122177559810E-001  2.557123086445727E-001
  5.199999999999996E+000  8.110929339091169E-001  4.524291478538509E-001  8.896353311736299E-001  2.557106199559109E-001
  5.299999999999995E+000  8.116283842348634E-001  4.534318842994465E-001  8.941714117327448E-001  2.557090018459536E-001
  5.399999999999995E+000  8.121596159550675E-001  4.544374184319829E-001  8.984383736296206E-001  2.557074545293392E-001
  5.499999999999995E+000  8.126872510259412E-001  4.554453882429438E-001  9.024539477443485E-001  2.557059775032077E-001
  5.599999999999994E+000  8.132117980522017E-001  4.564554798574448E-001  9.062354883633109E-001  2.557045696561069E-001
  5.699999999999994E+000  8.137336663517514E-001  4.574674222214195E-001  9.097998152876745E-001  2.557032293717046E-001
  5.799999999999994E+000  8.142531789710930E-001  4.584809822472621E-001  9.131630893821908E-001  2.557019546257914E-001
  5.899999999999993E+000  8.147705846401295E-001  4.594959603968928E-001  9.163407188150215E-001  2.557007430754859E-001
  5.999999999999993E+000  8.152860686653784E-001  4.605121866775015E-001  9.193472927802930E-001  2.556995921399353E-001
  6.099999999999993E+000  8.157997627728959E-001  4.615295170234415E-001  9.221965392970144E-001  2.556984990721576E-001
  6.199999999999992E+000  8.163117539249470E-001  4.625478300373103E-001  9.249013036692100E-001  2.556974610219551E-001
  6.299999999999992E+000  8.168220921467561E-001  4.635670240635976E-001  9.274735443145199E-001  2.556964750900848E-001
  6.399999999999991E+000  8.173307974106120E-001  4.645870145691444E-001  9.299243428772811E-001  2.556955383740593E-001
  6.499999999999991E+000  8.178378656337121E-001  4.656077318057584E-001  9.322639258032239E-001  2.556946480060964E-001
  6.599999999999991E+000  8.183432738531232E-001  4.666291187315399E-001  9.345016948415482E-001  2.556938011838387E-001
  6.799999999999991E+000  8.193614310369056E-001  4.686720912647311E-001  9.387082268862772E-001  2.556922528739430E-001
  6.999999999999991E+000  8.203709590915027E-001  4.707172913106189E-001  9.426161023962896E-001  2.556908362988114E-001
  7.199999999999991E+000  8.213715632483554E-001  4.727645886924186E-001  9.462684334210730E-001  2.556895368153683E-001
  7.399999999999991E+000  8.223628968808895E-001  4.748139095575347E-001  9.497015809879417E-001  2.556883409982475E-001
  7.599999999999992E+000  8.233446014901875E-001  4.768652205146236E-001  9.529459749969418E-001  2.556872368194420E-001
  7.799999999999992E+000  8.243163323338047E-001  4.789185136758022E-001  9.560269479205117E-001  2.556862136572818E-001
  7.999999999999992E+000  8.252777736625850E-001  4.809737956553570E-001  9.589655238308313E-001  2.556852622313747E-001
  8.199999999999992E+000  8.262286467176213E-001  4.830310796689115E-001  9.617791318899589E-001  2.556843744941208E-001
  8.399999999999991E+000  8.271687128912882E-001  4.850903800229015E-001  9.644822311425771E-001  2.556835435009658E-001
  8.599999999999991E+000  8.280977738161248E-001  4.871517084158480E-001  9.670868446391656E-001  2.556827632747487E-001
  8.799999999999990E+000  8.290156696278642E-001  4.892150715879315E-001  9.696030076326899E-001  2.556820286741245E-001
  8.999999999999989E+000  8.299222762497923E-001  4.912804699540263E-001  9.720391382300810E-001  2.556813352719762E-001
  9.199999999999989E+000  8.308175022502911E-001  4.933478969381414E-001  9.744023404490015E-001  2.556806792468054E-001
  9.399999999999988E+000  8.317012856151844E-001  4.954173387951461E-001  9.766986498678359E-001  2.556800572880967E-001
  9.599999999999987E+000  8.325735906324041E-001  4.974887747601481E-001  9.789332314943240E-001  2.556794665153603E-001
  9.799999999999986E+000  8.334344049916269E-001  4.995621774086975E-001  9.811105384887260E-001  2.556789044098212E-001
  9.999999999999986E+000  8.342837371418246E-001  5.016375131439117E-001  9.832344392115107E-001  2.556783687573452E-001
  1.019999999999999E+001  8.351216139141674E-001  5.037147427514760E-001  9.853083188829618E-001  2.556778576010727E-001
  1.039999999999998E+001  8.359480783982307E-001  5.057938219818844E-001  9.873351610362427E-001  2.556773692022651E-001
  1.059999999999998E+001  8.367631880500718E-001  5.078747021326945E-001  9.893176129641506E-001  2.556769020079971E-001
  1.079999999999998E+001  8.375670130075142E-001  5.099573306131675E-001  9.912580385206664E-001  2.556764546244830E-001
  1.099999999999998E+001  8.383596345881146E-001  5.120416514804195E-001  9.931585609403631E-001  2.556760257950150E-001
  1.149999999999998E+001  8.403218001101895E-001  5.172533679692931E-001  9.978246576858950E-001  2.556750364178970E-001
  1.199999999999998E+001  8.422110669681119E-001  5.224744195714223E-001  1.002271568399195E+000  2.556741332039518E-001
  1.249999999999998E+001  8.440302888380194E-001  5.277036526677717E-001  1.006516734157371E+000  2.556733093935358E-001
  1.299999999999998E+001  8.457822336726731E-001  5.329399498044921E-001  1.010577484638408E+000  2.556725568768957E-001
  1.349999999999998E+001  8.474696225024331E-001  5.381822209387251E-001  1.014469336724066E+000  2.556718679473494E-001
  1.399999999999998E+001  8.490951304640310E-001  5.434294054815429E-001  1.018205789037045E+000  2.556712357799490E-001
  1.449999999999998E+001  8.506613770034722E-001  5.486804774980200E-001  1.021798549953413E+000  2.556706544651310E-001
  1.499999999999998E+001  8.521709148209397E-001  5.539344506561907E-001  1.025257839693496E+000  2.556701189080894E-001
  1.549999999999998E+001  8.536262205421676E-001  5.591903818354685E-001  1.028592660917141E+000  2.556696247044863E-001
  1.599999999999998E+001  8.550296877525018E-001  5.644473732673664E-001  1.031811017421184E+000  2.556691680270513E-001
  1.649999999999998E+001  8.563836222640917E-001  5.697045734160811E-001  1.034920085544284E+000  2.556687455306758E-001
  1.699999999999998E+001  8.576902392823165E-001  5.749611768807656E-001  1.037926347949787E+000  2.556683542751053E-001
  1.749999999999998E+001  8.589516621195490E-001  5.802164235808339E-001  1.040835698726051E+000  2.556679916622823E-001
  1.799999999999998E+001  8.601699221411411E-001  5.854695974388963E-001  1.043653526830262E+000  2.556676553853791E-001
  1.849999999999998E+001  8.613469596762867E-001  5.907200247282041E-001  1.046384783124519E+000  2.556673433870593E-001
  1.899999999999998E+001  8.624846256718782E-001  5.959670722107140E-001  1.049034034874544E+000  2.556670538250389E-001
  1.949999999999998E+001  8.635846839071172E-001  6.012101451593023E-001  1.051605510570498E+000  2.556667850434538E-001
  1.999999999999998E+001  8.646488136202743E-001  6.064486853324650E-001  1.054103137198709E+000  2.556665355488857E-001
  2.049999999999998E+001  8.656786124271265E-001  6.116821689506549E-001  1.056530571564346E+000  2.556663039901551E-001
  2.099999999999998E+001  8.666755994339981E-001  6.169101047089118E-001  1.058891226879189E+000  2.556660891411802E-001
  2.149999999999998E+001  8.676412184677493E-001  6.221320318496354E-001  1.061188295544425E+000  2.556658898863586E-001
  2.199999999999998E+001  8.685768413610577E-001  6.273475183112410E-001  1.063424768846922E+000  2.556657052080271E-001
  2.249999999999998E+001  8.694837712444985E-001  6.325561589624898E-001  1.065603454128618E+000  2.556655341756550E-001
  2.299999999999998E+001  8.703632458077709E-001  6.377575739278732E-001  1.067726989868401E+000  2.556653759364861E-001
  2.349999999999998E+001  8.712164405011991E-001  6.429514070062444E-001  1.069797859024076E+000  2.556652297074012E-001
  2.399999999999998E+001  8.720444716558657E-001  6.481373241825781E-001  1.071818400911438E+000  2.556650947678106E-001
  2.449999999999998E+001  8.728483995065143E-001  6.533150122311180E-001  1.073790821842893E+000  2.556649704534257E-001
  2.499999999999998E+001  8.736292311060901E-001  6.584841774070423E-001  1.075717204705561E+000  2.556648561507802E-001
  2.549999999999998E+001  8.743879231245226E-001  6.636445442230400E-001  1.077599517625502E+000  2.556647512923932E-001
  2.599999999999998E+001  8.751253845273657E-001  6.687958543067062E-001  1.079439621838449E+000  2.556646553524887E-001
  2.649999999999998E+001  8.758424791322859E-001  6.739378653344374E-001  1.081239278866692E+000  2.556645678431930E-001
  2.699999999999998E+001  8.765400280432243E-001  6.790703500373633E-001  1.083000157085148E+000  2.556644883111487E-001
  2.799999999999998E+001  8.778856994431246E-001  6.892952083754463E-001  1.086439986468688E+000  2.556643517314193E-001
  2.899999999999998E+001  8.791611390092814E-001  6.994795180721876E-001  1.089739077602584E+000  2.556642420737424E-001
  2.999999999999998E+001  8.803717582178782E-001  7.096219170692539E-001  1.092908345614564E+000  2.556641569563212E-001
  3.099999999999998E+001  8.815224475595952E-001  7.197212239867492E-001  1.095957826538131E+000  2.556640940730247E-001
  3.199999999999998E+001  8.826176362314625E-001  7.297764045371188E-001  1.098896580493753E+000  2.556640513745572E-001
  3.299999999999999E+001  8.836613428961593E-001  7.397865537363820E-001  1.101732792380133E+000  2.556640270489830E-001
  3.399999999999999E+001  8.846572201318985E-001  7.497508816482394E-001  1.104473875139642E+000  2.556640194896992E-001
  3.499999999999999E+001  8.856085935215148E-001  7.596687010881786E-001  1.107126559343831E+000  2.556640272673003E-001
  3.599999999999999E+001  8.865184960792213E-001  7.695394168804996E-001  1.109696970169434E+000  2.556640491058669E-001
  3.699999999999999E+001  8.873896986116742E-001  7.793625164296109E-001  1.112190693874443E+000  2.556640838629686E-001
  3.799999999999999E+001  8.882247365311464E-001  7.891375614176283E-001  1.114612835519613E+000  2.556641305127207E-001
  3.899999999999999E+001  8.890259335704329E-001  7.988641804718515E-001  1.116968069320770E+000  2.556641881313624E-001
  3.999999999999999E+001  8.897954227896340E-001  8.085420626703390E-001  1.119260682746817E+000  2.556642558849263E-001
  4.099999999999999E+001  8.905351652132987E-001  8.181709517739686E-001  1.121494615274635E+000  2.556643330186527E-001
  4.199999999999999E+001  8.912469663915749E-001  8.277506410901091E-001  1.123673492554966E+000  2.556644188478675E-001
  4.299999999999999E+001  8.919324911402779E-001  8.372809688870011E-001  1.125800656619157E+000  2.556645127500891E-001
  4.399999999999999E+001  8.925932766812548E-001  8.467618142896337E-001  1.127879192656947E+000  2.556646141581789E-001
  4.499999999999999E+001  8.932307443755131E-001  8.561930935977727E-001  1.129911952814175E+000  2.556647225543766E-001
  4.599999999999999E+001  8.938462102165795E-001  8.655747569750830E-001  1.131901577392423E+000  2.556648374650860E-001
  4.699999999999999E+001  8.944408942299783E-001  8.749067854653411E-001  1.133850513777069E+000  2.556649584563107E-001
  4.799999999999999E+001  8.950159289060878E-001  8.841891882976777E-001  1.135761033373805E+000  2.556650851296395E-001
  4.899999999999999E+001  8.955723667775118E-001  8.934220004478652E-001  1.137635246794727E+000  2.556652171187108E-001
  4.999999999999999E+001  8.961111872381438E-001  9.026052804269924E-001  1.139475117502115E+000  2.556653540860888E-001
  5.099999999999999E+001  8.966333026890609E-001  9.117391082725530E-001  1.141282474090186E+000  2.556654957204956E-001
  5.199999999999999E+001  8.971395640858797E-001  9.208235837201368E-001  1.143059021361274E+000  2.556656417343570E-001
  5.399999999999999E+001  8.981115990141997E-001  9.388215581617616E-001  1.146560658485391E+000  2.556659454603321E-001
  5.599999999999999E+001  8.990287281203498E-001  9.566240525920117E-001  1.149953244623214E+000  2.556662639032439E-001
  5.799999999999999E+001  8.998960583244187E-001  9.742324229629996E-001  1.153247388326237E+000  2.556665952688922E-001
  5.999999999999999E+001  9.007180826682714E-001  9.916482136854057E-001  1.156452400548523E+000  2.556669381292359E-001
  6.199999999999999E+001  9.014987692629669E-001  1.008873123695047E+000  1.159576458576959E+000  2.556672912451519E-001
  6.399999999999999E+001  9.022416352779219E-001  1.025908980590737E+000  1.162626769481432E+000  2.556676535334280E-001
  6.599999999999999E+001  9.029498088502494E-001  1.042757718685873E+000  1.165609706861365E+000  2.556680240433031E-001
  6.799999999999999E+001  9.036260811366830E-001  1.059421360234643E+000  1.168530924827214E+000  2.556684019371621E-001
  6.999999999999999E+001  9.042729502779338E-001  1.075901999308299E+000  1.171395453569460E+000  2.556687864744914E-001
  7.199999999999999E+001  9.048926586942292E-001  1.092201787900857E+000  1.174207780012627E+000  2.556691769984722E-001
  7.399999999999999E+001  9.054872248555159E-001  1.108322923922230E+000  1.176971916288287E+000  2.556695729247259E-001
  7.599999999999999E+001  9.060584704526864E-001  1.124267640798209E+000  1.179691458174849E+000  2.556699737318131E-001
  7.799999999999999E+001  9.066080437240071E-001  1.140038198445025E+000  1.182369635210087E+000  2.556703789531812E-001
  7.999999999999999E+001  9.071374395536784E-001  1.155636875425013E+000  1.185009353846190E+000  2.556707881703061E-001
  8.199999999999999E+001  9.076480168494908E-001  1.171065962121060E+000  1.187613234757788E+000  2.556712010068283E-001
  8.399999999999999E+001  9.081410136180201E-001  1.186327754793071E+000  1.190183645210619E+000  2.556716171235205E-001
  8.599999999999999E+001  9.086175600841978E-001  1.201424550400584E+000  1.192722727237951E+000  2.556720362139515E-001
  8.799999999999999E+001  9.090786901439021E-001  1.216358642092872E+000  1.195232422243650E+000  2.556724580007368E-001
  8.999999999999999E+001  9.095253513907455E-001  1.231132315282298E+000  1.197714492547327E+000  2.556728822322886E-001
  9.499999999999999E+001  9.105953275682619E-001  1.267285117176600E+000  1.203935356049725E+000  2.556739496217382E-001
  9.999999999999999E+001  9.115911436775834E-001  1.302488225420029E+000  1.209996902042883E+000  2.556750281376226E-001
  1.050000000000000E+002  9.125225723625451E-001  1.336775807111340E+000  1.215919517833979E+000  2.556761150954566E-001
  1.100000000000000E+002  9.133976980307694E-001  1.370181118382810E+000  1.221719357392519E+000  2.556772085269840E-001
  1.150000000000000E+002  9.142232664138754E-001  1.402736391354254E+000  1.227409378407639E+000  2.556783068368688E-001
  1.200000000000000E+002  9.150049509198082E-001  1.434472766490078E+000  1.233000089100503E+000  2.556794087208484E-001
  1.250000000000000E+002  9.157475579228916E-001  1.465420256325402E+000  1.238500091908395E+000  2.556805131051164E-001
  1.300000000000000E+002  9.164551866841543E-001  1.495607731798131E+000  1.243916489245044E+000  2.556816191002139E-001
  1.350000000000000E+002  9.171313551666808E-001  1.525062925011943E+000  1.249255192276979E+000  2.556827259655133E-001
  1.400000000000000E+002  9.177790999315852E-001  1.553812443936348E+000  1.254521159309883E+000  2.556838330815390E-001
  1.450000000000000E+002  9.184010561327390E-001  1.581881795702919E+000  1.259718581870325E+000  2.556849399281659E-001
  1.500000000000000E+002  9.189995220842441E-001  1.609295415982911E+000  1.264851031238233E+000  2.556860460672948E-001
  1.550000000000000E+002  9.195765117616437E-001  1.636076702540602E+000  1.269921574670797E+000  2.556871511289663E-001
  1.600000000000000E+002  9.201337977865958E-001  1.662248051513630E+000  1.274932868147961E+000  2.556882548001498E-001
  1.610000000000000E+002  9.202417345871660E-001  1.667423435639620E+000  1.275911919918888E+000  2.556884759687743E-001
  1.620000000000000E+002  9.203489665431405E-001  1.672575353651201E+000  1.276889097551009E+000  2.556886969625485E-001
  1.640000000000000E+002  9.205619892096423E-001  1.682803349806939E+000  1.278845830664221E+000  2.556891384245873E-001
  1.660000000000000E+002  9.207723181125804E-001  1.692939563280380E+000  1.280794679457102E+000  2.556895795979804E-001
  1.680000000000000E+002  9.209800370259839E-001  1.702985284710807E+000  1.282735695438865E+000  2.556900204492993E-001
  1.700000000000000E+002  9.211852259004446E-001  1.712941781480390E+000  1.284668937011015E+000  2.556904609687615E-001
  1.750000000000000E+002  9.216920380458551E-001  1.737408778026434E+000  1.289521014529939E+000  2.556915588592156E-001
  1.800000000000000E+002  9.221844663358604E-001  1.761346187173960E+000  1.294320832678282E+000  2.556926546307126E-001
  1.850000000000000E+002  9.226635001430289E-001  1.784771957373221E+000  1.299070108905634E+000  2.556937480588607E-001
  1.900000000000000E+002  9.231300297890538E-001  1.807703272442003E+000  1.303770322098072E+000  2.556948390159545E-001
  1.950000000000000E+002  9.235848587843724E-001  1.830156583048988E+000  1.308422785772450E+000  2.556959273987068E-001
  2.000000000000000E+002  9.240287143342398E-001  1.852147639354383E+000  1.313028691883430E+000  2.556970131227401E-001
  2.050000000000000E+002  9.244622563714203E-001  1.873691523371335E+000  1.317589138031667E+000  2.556980961188864E-001
  2.100000000000000E+002  9.248860853421687E-001  1.894802680433548E+000  1.322105145832003E+000  2.556991763306152E-001
  2.150000000000000E+002  9.253007489376182E-001  1.915494949502908E+000  1.326577674207238E+000  2.557002537121161E-001
  2.200000000000000E+002  9.257067479314802E-001  1.935781592208877E+000  1.331007629474110E+000  2.557013282267842E-001
  2.250000000000000E+002  9.261045412583744E-001  1.955675320585659E+000  1.335395873227887E+000  2.557023998459755E-001
  2.300000000000000E+002  9.264945504449335E-001  1.975188323510455E+000  1.339743228623229E+000  2.557034685479612E-001
  2.350000000000000E+002  9.268771634875108E-001  1.994332291866322E+000  1.344050485438604E+000  2.557045343170362E-001
  2.400000000000000E+002  9.272527382552045E-001  2.013118442464794E+000  1.348318404192996E+000  2.557055971427531E-001
  2.450000000000000E+002  9.276216054844555E-001  2.031557540770216E+000  1.352547719511241E+000  2.557066570192575E-001
  2.500000000000000E+002  9.279840714211476E-001  2.049659922471829E+000  1.356739142886631E+000  2.557077139447133E-001
  2.550000000000000E+002  9.283404201576052E-001  2.067435513951837E+000  1.360893364956219E+000  2.557087679207976E-001
  2.600000000000000E+002  9.286909157047492E-001  2.084893851698656E+000  1.365011057380119E+000  2.557098189522599E-001
  2.650000000000000E+002  9.290358038337352E-001  2.102044100714721E+000  1.369092874397844E+000  2.557108670465361E-001
  2.700000000000000E+002  9.293753137164257E-001  2.118895071967613E+000  1.373139454120699E+000  2.557119122134079E-001
  2.800000000000000E+002  9.300463358755472E-001  2.151664750071143E+000  1.381202456529501E+000  2.557139895994193E-001
  2.900000000000000E+002  9.306978660393824E-001  2.183338654194444E+000  1.389123093495437E+000  2.557160557620095E-001
  3.000000000000000E+002  9.313312846167446E-001  2.213975794987304E+000  1.396907483448030E+000  2.557181106939158E-001
  3.100000000000000E+002  9.319478163696341E-001  2.243630952948670E+000  1.404561124342677E+000  2.557201545076426E-001
  3.150000000000000E+002  9.322471517972182E-001  2.258133937858907E+000  1.408311263894016E+000  2.557211742273821E-001
  3.200000000000000E+002  9.325427348562749E-001  2.272409510408474E+000  1.412032307598453E+000  2.557221910933201E-001
  3.250000000000000E+002  9.328346833786854E-001  2.286463517689014E+000  1.415724636857167E+000  2.557232051932246E-001
  3.300000000000000E+002  9.331231089448541E-001  2.300301599764342E+000  1.419388676518295E+000  2.557242165662220E-001
  3.350000000000000E+002  9.334081173564855E-001  2.313929200344677E+000  1.423024867932189E+000  2.557252252428741E-001
  3.400000000000000E+002  9.336898090553518E-001  2.327351575949352E+000  1.426633656560605E+000  2.557262312498396E-001
  3.500000000000000E+002  9.342486116765644E-001  2.353554005028419E+000  1.433818479751433E+000  2.557282319445325E-001
  3.550000000000000E+002  9.345209176384003E-001  2.366390512932794E+000  1.437346568525768E+000  2.557292301977582E-001
  3.600000000000000E+002  9.347902601632994E-001  2.379041100252559E+000  1.440849138646196E+000  2.557302258126287E-001
  3.650000000000000E+002  9.350567180968717E-001  2.391510205151344E+000  1.444326559260686E+000  2.557312188573722E-001
  3.700000000000000E+002  9.353203667106360E-001  2.403802119818155E+000  1.447779217397108E+000  2.557322093649029E-001
  3.800000000000000E+002  9.358438485083654E-001  2.427830236183220E+000  1.454652512924353E+000  2.557341797354578E-001
  3.900000000000000E+002  9.363567359448322E-001  2.451199552032846E+000  1.461427800840717E+000  2.557361404645054E-001
  3.950000000000000E+002  9.366073674857424E-001  2.462665263222722E+000  1.464760894630852E+000  2.557371187798686E-001
  4.000000000000000E+002  9.368555755404870E-001  2.473976800515599E+000  1.468071658553229E+000  2.557380946350710E-001
  4.050000000000000E+002  9.371014160564755E-001  2.485137596866814E+000  1.471360400844608E+000  2.557390680956411E-001
  4.100000000000000E+002  9.373449427715609E-001  2.496150979265622E+000  1.474627447385356E+000  2.557400391944121E-001
  4.200000000000000E+002  9.378288882971786E-001  2.517714178534822E+000  1.481131390641838E+000  2.557419715742005E-001
  4.300000000000000E+002  9.383040325345560E-001  2.538726613672577E+000  1.487549792721829E+000  2.557438949672851E-001
  4.400000000000000E+002  9.387707424011589E-001  2.559211421188211E+000  1.493885556024728E+000  2.557458094635120E-001
  4.500000000000000E+002  9.392293596796982E-001  2.579190418137886E+000  1.500141386189635E+000  2.557477152029122E-001
  4.600000000000000E+002  9.396802033866456E-001  2.598684194096683E+000  1.506319843499601E+000  2.557496123325338E-001
  4.700000000000000E+002  9.401235718758111E-001  2.617712196887790E+000  1.512423363535433E+000  2.557515009990013E-001
  4.800000000000000E+002  9.405597447027462E-001  2.636292811583192E+000  1.518454268614586E+000  2.557533813463700E-001
  4.900000000000000E+002  9.409889842791358E-001  2.654443433134856E+000  1.524414775903980E+000  2.557552535154508E-001
  5.000000000000000E+002  9.414115373440395E-001  2.672180533152250E+000  1.530307004000456E+000  2.557571176435826E-001
  5.100000000000000E+002  9.418276362755005E-001  2.689519721341640E+000  1.536132978636953E+000  2.557589738645692E-001
  5.200000000000000E+002  9.422375002628520E-001  2.706475802086389E+000  1.541894637805560E+000  2.557608223086903E-001
  5.300000000000000E+002  9.426413363572084E-001  2.723062826604859E+000  1.547593836447248E+000  2.557626631027483E-001
  5.400000000000000E+002  9.430393404151666E-001  2.739294141080970E+000  1.553232350794734E+000  2.557644963701386E-001
  5.500000000000000E+002  9.434316979486752E-001  2.755182431124067E+000  1.558811882423049E+000  2.557663222309320E-001
  5.600000000000000E+002  9.438185848922223E-001  2.770739762879947E+000  1.564334062045015E+000  2.557681408019641E-001
  5.700000000000000E+002  9.442001682970022E-001  2.785977621083467E+000  1.569800453078577E+000  2.557699521969303E-001
  5.800000000000000E+002  9.445766069604170E-001  2.800906944315173E+000  1.575212555006718E+000  2.557717565264817E-001
  5.900000000000000E+002  9.449480519981792E-001  2.815538157699060E+000  1.580571806546533E+000  2.557735538983223E-001
  6.000000000000000E+002  9.453146473653379E-001  2.829881203256122E+000  1.585879588641363E+000  2.557753444173065E-001
  6.100000000000000E+002  9.456765303317533E-001  2.843945568108027E+000  1.591137227287872E+000  2.557771281855338E-001
  6.200000000000000E+002  9.460338319168465E-001  2.857740310707197E+000  1.596345996208606E+000  2.557789053024421E-001
  6.300000000000000E+002  9.463866772878615E-001  2.871274085253237E+000  1.601507119379441E+000  2.557806758649016E-001
  6.400000000000000E+002  9.467351861253724E-001  2.884555164441070E+000  1.606621773420540E+000  2.557824399673009E-001
  6.500000000000000E+002  9.470794729593093E-001  2.897591460672948E+000  1.611691089858734E+000  2.557841977016354E-001
  6.600000000000000E+002  9.474196474784080E-001  2.910390545854685E+000  1.616716157268661E+000  2.557859491575910E-001
  6.700000000000000E+002  9.477558148156534E-001  2.922959669885862E+000  1.621698023299595E+000  2.557876944226233E-001
  6.800000000000000E+002  9.480880758119872E-001  2.935305777943967E+000  1.626637696594340E+000  2.557894335820369E-001
  6.900000000000000E+002  9.484165272603072E-001  2.947435526653968E+000  1.631536148606323E+000  2.557911667190598E-001
  7.000000000000000E+002  9.487412621315626E-001  2.959355299226778E+000  1.636394315320573E+000  2.557928939149152E-001
  7.100000000000000E+002  9.490623697845557E-001  2.971071219643100E+000  1.641213098883994E+000  2.557946152488916E-001
  7.200000000000000E+002  9.493799361608836E-001  2.982589165952632E+000  1.645993369150044E+000  2.557963307984076E-001
  7.400000000000000E+002  9.500100233356431E-001  3.005004013842179E+000  1.655487941432939E+000  2.557997386917680E-001
  7.600000000000000E+002  9.506266322360856E-001  3.026694378043049E+000  1.664834256410185E+000  2.558031246342198E-001
  7.700000000000000E+002  9.509276666364578E-001  3.037302960703720E+000  1.669432353713006E+000  2.558048124858628E-001
  7.800000000000000E+002  9.512256107230781E-001  3.047744312622551E+000  1.673996694095935E+000  2.558064949168834E-001
  7.900000000000000E+002  9.515205311640840E-001  3.058022902389174E+000  1.678527918942819E+000  2.558081720391325E-001
  8.000000000000000E+002  9.518124923403581E-001  3.068143033184962E+000  1.683026665966251E+000  2.558098439271245E-001
  8.200000000000000E+002  9.523920995682709E-001  3.087883434301592E+000  1.691967533325055E+000  2.558131667546124E-001
  8.400000000000000E+002  9.529603890907796E-001  3.107039726086897E+000  1.700782779911786E+000  2.558164696650737E-001
  8.600000000000000E+002  9.535178139441777E-001  3.125640997428343E+000  1.709477285323656E+000  2.558197530543820E-001
  8.800000000000000E+002  9.540647992513878E-001  3.143714355728197E+000  1.718055570309144E+000  2.558230173523656E-001
  9.000000000000000E+002  9.546017445100079E-001  3.161285095340182E+000  1.726521854612314E+000  2.558262629800994E-001
  9.200000000000000E+002  9.551290256570444E-001  3.178376849468069E+000  1.734880091247150E+000  2.558294903451191E-001
  9.400000000000000E+002  9.556469969308733E-001  3.195011727026362E+000  1.743133992479287E+000  2.558326998408021E-001
  9.600000000000000E+002  9.561559925519280E-001  3.211210436095298E+000  1.751287051235581E+000  2.558358918465861E-001
  9.800000000000000E+002  9.566563282421292E-001  3.226992395455533E+000  1.759342559464361E+000  2.558390667284484E-001
  1.000000000000000E+003  9.571483026009803E-001  3.242375835519404E+000  1.767303624242960E+000  2.558422248394768E-001
  1.020000000000000E+003  9.576321983541822E-001  3.257377889818255E+000  1.775173182105091E+000  2.558453665204609E-001
  1.040000000000000E+003  9.581082834887465E-001  3.272014678065441E+000  1.782954011897302E+000  2.558484921004769E-001
  1.060000000000000E+003  9.585768122868157E-001  3.286301381691494E+000  1.790648746384252E+000  2.558516018974485E-001
  1.080000000000000E+003  9.590380262689641E-001  3.300252312640914E+000  1.798259882769390E+000  2.558546962186801E-001
  1.100000000000000E+003  9.594921550564202E-001  3.313880976126692E+000  1.805789792263542E+000  2.558577753613626E-001
  1.120000000000000E+003  9.599394171605139E-001  3.327200127957506E+000  1.813240728810479E+000  2.558608396130463E-001
  1.140000000000000E+003  9.603800207067003E-001  3.340221826981725E+000  1.820614837061419E+000  2.558638892520899E-001
  1.160000000000000E+003  9.608141640996178E-001  3.352957483130736E+000  1.827914159677372E+000  2.558669245480787E-001
  1.180000000000000E+003  9.612420366349340E-001  3.365417901489989E+000  1.835140644027743E+000  2.558699457622200E-001
  1.200000000000000E+003  9.616638190630650E-001  3.377613322778996E+000  1.842296148345179E+000  2.558729531477146E-001
  1.220000000000000E+003  9.620796841092853E-001  3.389553460580004E+000  1.849382447389417E+000  2.558759469501066E-001
  1.240000000000000E+003  9.624897969542756E-001  3.401247535618631E+000  1.856401237666901E+000  2.558789274076114E-001
  1.260000000000000E+003  9.628943156786931E-001  3.412704307367648E+000  1.863354142247688E+000  2.558818947514273E-001
  1.280000000000000E+003  9.632933916749972E-001  3.423932103216765E+000  1.870242715216624E+000  2.558848492060273E-001
  1.300000000000000E+003  9.636871700294019E-001  3.434938845426296E+000  1.877068445791860E+000  2.558877909894359E-001
  1.320000000000000E+003  9.640757898765556E-001  3.445732076060443E+000  1.883832762140293E+000  2.558907203134896E-001
  1.340000000000000E+003  9.644593847292701E-001  3.456318980076208E+000  1.890537034916446E+000  2.558936373840855E-001
  1.360000000000000E+003  9.648380827854063E-001  3.466706406726677E+000  1.897182580548649E+000  2.558965424014130E-001
  1.380000000000000E+003  9.652120072137905E-001  3.476900889421736E+000  1.903770664293937E+000  2.558994355601767E-001
  1.400000000000000E+003  9.655812764209015E-001  3.486908664175612E+000  1.910302503081048E+000  2.559023170498063E-001
  1.450000000000000E+003  9.664957057385636E-001  3.511043867282941E+000  1.926487839446714E+000  2.559094495606892E-001
  1.500000000000000E+003  9.673826134900030E-001  3.534141713973530E+000  1.942335770311790E+000  2.559165142203372E-001
  1.510000000000000E+003  9.675542335523933E-001  3.538669227769726E+000  1.945443169804081E+000  2.559179246903025E-001
  1.520000000000000E+003  9.677248653507633E-001  3.543158569702721E+000  1.948538499122336E+000  2.559193324219273E-001
  1.540000000000000E+003  9.680644603605267E-001  3.552012526735929E+000  1.954704653879811E+000  2.559221372368198E-001
  1.560000000000000E+003  9.684002000898126E-001  3.560720777650615E+000  1.960823004157998E+000  2.559249317157519E-001
  1.580000000000000E+003  9.687321698239352E-001  3.569287530181900E+000  1.966894398714430E+000  2.559277160083229E-001
  1.600000000000000E+003  9.690604519462258E-001  3.577716822230689E+000  1.972919668628304E+000  2.559304902656812E-001
  1.620000000000000E+003  9.693851260751588E-001  3.586012530643364E+000  1.978899624958412E+000  2.559332546337523E-001
  1.640000000000000E+003  9.697062691922447E-001  3.594178379420653E+000  1.984835057481221E+000  2.559360092538066E-001
  1.660000000000000E+003  9.700239557618473E-001  3.602217947404913E+000  1.990726734350660E+000  2.559387542630502E-001
  1.680000000000000E+003  9.703382578437653E-001  3.610134675491122E+000  1.996575402278126E+000  2.559414897950217E-001
  1.700000000000000E+003  9.706492451992407E-001  3.617931873399880E+000  2.002381786998750E+000  2.559442159798629E-001
  1.710000000000000E+003  9.708030134907211E-001  3.621791726882689E+000  2.005264783039443E+000  2.559455767878288E-001
  1.720000000000000E+003  9.709559846119368E-001  3.625622823801288E+000  2.008137580139903E+000  2.559469352786012E-001
  1.740000000000000E+003  9.712605449146010E-001  3.633190387027594E+000  2.013861670459524E+000  2.559496431073381E-001
  1.760000000000000E+003  9.715619870937797E-001  3.640647624900238E+000  2.019545504971976E+000  2.559523419818054E-001
  1.780000000000000E+003  9.718603726471381E-001  3.647997382264664E+000  2.025189744260847E+000  2.559550320063159E-001
  1.800000000000000E+003  9.721557612251459E-001  3.655242401239980E+000  2.030795025707731E+000  2.559577132929566E-001
  1.820000000000000E+003  9.724482107056250E-001  3.662385325899847E+000  2.036361967226087E+000  2.559603859530891E-001
  1.840000000000000E+003  9.727377772649295E-001  3.669428706720333E+000  2.041891169180964E+000  2.559630500963014E-001
  1.860000000000000E+003  9.730245154457386E-001  3.676375004793060E+000  2.047383215655828E+000  2.559657058301098E-001
  1.880000000000000E+003  9.733084782215548E-001  3.683226595813373E+000  2.052838675401640E+000  2.559683532598633E-001
  1.900000000000000E+003  9.735897170580530E-001  3.689985773855482E+000  2.058258102612139E+000  2.559709924887272E-001
  1.950000000000000E+003  9.742871408820818E-001  3.706433807422804E+000  2.071703326375153E+000  2.559775405628471E-001
  2.000000000000000E+003  9.749682574494404E-001  3.722353512519085E+000  2.084930519928489E+000  2.559840402076691E-001
  2.010000000000000E+003  9.751011355654352E-001  3.725491558928967E+000  2.087537797233849E+000  2.559853382716263E-001
  2.020000000000000E+003  9.752334118508430E-001  3.728609752759152E+000  2.090137006206148E+000  2.559866343790541E-001
  2.040000000000000E+003  9.754968850017421E-001  3.734780197102326E+000  2.095317643348832E+000  2.559892189834498E-001
  2.060000000000000E+003  9.757579973674191E-001  3.740874031581917E+000  2.100466288923487E+000  2.559917961267568E-001
  2.080000000000000E+003  9.760167892193174E-001  3.746892956458880E+000  2.105583374545285E+000  2.559943658959114E-001
  2.100000000000000E+003  9.762732997885429E-001  3.752838618759110E+000  2.110669327793774E+000  2.559969283782733E-001
  2.150000000000000E+003  9.769096711005134E-001  3.767342899178465E+000  2.123291973260856E+000  2.560032902054306E-001
  2.200000000000000E+003  9.775323403942127E-001  3.781424992835686E+000  2.135725932861910E+000  2.560096088256769E-001
  2.250000000000000E+003  9.781418594208717E-001  3.795106646494522E+000  2.147977741379955E+000  2.560158852943853E-001
  2.300000000000000E+003  9.787387471956762E-001  3.808408047051845E+000  2.160053506005325E+000  2.560221206847249E-001
  2.350000000000000E+003  9.793234925639814E-001  3.821347962268597E+000  2.171958999123334E+000  2.560283160368759E-001
  2.400000000000000E+003  9.798965565315754E-001  3.833943866753486E+000  2.183699704701485E+000  2.560344723489811E-001
  2.450000000000000E+003  9.804583743763575E-001  3.846212054692547E+000  2.195280847710831E+000  2.560405905760075E-001
  2.500000000000000E+003  9.810093575627561E-001  3.858167740847155E+000  2.206707416101412E+000  2.560466716309623E-001
  2.550000000000000E+003  9.815498954795886E-001  3.869825151203337E+000  2.217984178827479E+000  2.560527163868141E-001
  2.600000000000000E+003  9.820803570201943E-001  3.881197604490060E+000  2.229115701354212E+000  2.560587256785787E-001
  2.650000000000000E+003  9.826010920216084E-001  3.892297585628696E+000  2.240106359317772E+000  2.560647003053766E-001
  2.700000000000000E+003  9.831124325775926E-001  3.903136812038395E+000  2.250960350709626E+000  2.560706410323980E-001
  2.750000000000000E+003  9.836146942386036E-001  3.913726293603035E+000  2.261681706824868E+000  2.560765485927581E-001
  2.800000000000000E+003  9.841081771102282E-001  3.924076387002854E+000  2.272274302149359E+000  2.560824236892414E-001
  2.850000000000000E+003  9.845931668602956E-001  3.934196845025585E+000  2.282741863323557E+000  2.560882669959378E-001
  2.900000000000000E+003  9.850699356436857E-001  3.944096861396014E+000  2.293087977296782E+000  2.560940791597783E-001
  2.950000000000000E+003  9.855387429528484E-001  3.953785111597167E+000  2.303316098768225E+000  2.560998608019747E-001
  3.000000000000000E+003  9.859998364011403E-001  3.963269790099912E+000  2.313429556997491E+000  2.561056125193737E-001
  3.050000000000000E+003  9.864534524453197E-001  3.972558644368364E+000  2.323431562056403E+000  2.561113348857262E-001
  3.100000000000000E+003  9.868998170528361E-001  3.981659005965928E+000  2.333325210584495E+000  2.561170284528821E-001
  3.150000000000000E+003  9.873391463189681E-001  3.990577819049741E+000  2.343113491102759E+000  2.561226937519137E-001
  3.200000000000000E+003  9.877716470383185E-001  3.999321666508669E+000  2.352799288933375E+000  2.561283312941741E-001
  3.250000000000000E+003  9.881975172347086E-001  4.007896793971892E+000  2.362385390767203E+000  2.561339415722911E-001
  3.300000000000000E+003  9.886169466531153E-001  4.016309131890099E+000  2.371874488915748E+000  2.561395250611068E-001
  3.350000000000000E+003  9.890301172169005E-001  4.024564315869605E+000  2.381269185279802E+000  2.561450822185607E-001
  3.400000000000000E+003  9.894372034532944E-001  4.032667705420580E+000  2.390571995063114E+000  2.561506134865242E-001
  3.450000000000000E+003  9.898383728897701E-001  4.040624401263513E+000  2.399785350256064E+000  2.561561192915860E-001
  3.500000000000000E+003  9.902337864237128E-001  4.048439261323324E+000  2.408911602911385E+000  2.561616000457958E-001
  3.550000000000000E+003  9.906235986675559E-001  4.056116915527174E+000  2.417953028231417E+000  2.561670561473631E-001
  3.600000000000000E+003  9.910079582713408E-001  4.063661779510454E+000  2.426911827484167E+000  2.561724879813201E-001
  3.650000000000000E+003  9.913870082244868E-001  4.071078067324970E+000  2.435790130763434E+000  2.561778959201449E-001
  3.700000000000000E+003  9.917608861383912E-001  4.078369803234150E+000  2.444589999606617E+000  2.561832803243536E-001
  3.750000000000000E+003  9.921297245113258E-001  4.085540832671954E+000  2.453313429482255E+000  2.561886415430560E-001
  3.800000000000000E+003  9.924936509769762E-001  4.092594832434695E+000  2.461962352158013E+000  2.561939799144853E-001
  3.850000000000000E+003  9.928527885378418E-001  4.099535320168585E+000  2.470538637958692E+000  2.561992957664944E-001
  3.900000000000000E+003  9.932072557846106E-001  4.106365663209922E+000  2.479044097922749E+000  2.562045894170293E-001
  4.000000000000000E+003  9.939070190410211E-001  4.119658302034799E+000  2.495892148101279E+000  2.562150912263494E-001
  4.100000000000000E+003  9.945891709842939E-001  4.132549775326315E+000  2.512474912232068E+000  2.562255084796100E-001
  4.150000000000000E+003  9.949218989114627E-001  4.138875253987422E+000  2.520650633253167E+000  2.562306956722167E-001
  4.200000000000000E+003  9.952505854504470E-001  4.145108059001974E+000  2.528765251840396E+000  2.562358623302190E-001
  4.250000000000000E+003  9.955753235231521E-001  4.151250708517424E+000  2.536820211179488E+000  2.562410087637886E-001
  4.300000000000000E+003  9.958962029948976E-001  4.157305623044993E+000  2.544816924692050E+000  2.562461352355115E-001
  4.350000000000000E+003  9.962133108042638E-001  4.163275130398786E+000  2.552756761918805E+000  2.562512419922359E-001
  4.400000000000000E+003  9.965267310856911E-001  4.169161470271434E+000  2.560641047451705E+000  2.562563292726449E-001
  4.500000000000000E+003  9.971462490765240E-001  4.180653076343702E+000  2.576284365269411E+000  2.562664287204028E-001
  4.600000000000000E+003  9.977517890826157E-001  4.191838585797464E+000  2.591718597866402E+000  2.562764534737386E-001
  4.700000000000000E+003  9.983439451069810E-001  4.202733041727398E+000  2.606952989547230E+000  2.562864051782679E-001
  4.750000000000000E+003  9.986336709716865E-001  4.208093421857642E+000  2.614481099351857E+000  2.562913624107563E-001
  4.800000000000000E+003  9.989202935752199E-001  4.213385843405616E+000  2.621962854061960E+000  2.562963018465514E-001
  4.850000000000000E+003  9.992038764652698E-001  4.218611918922464E+000  2.629399256671544E+000  2.563012237148585E-001
  4.900000000000000E+003  9.994844813219326E-001  4.223773206153049E+000  2.636791285860185E+000  2.563061282092503E-001
  5.000000000000000E+003  1.000039731984195E+000  4.233874677663266E+000  2.651477670374115E+000  2.563158701233569E-001
  5.100000000000000E+003  1.000583644107023E+000  4.243735688577533E+000  2.665996112211577E+000  2.563255450657750E-001
  5.200000000000000E+003  1.001116657448140E+000  4.253366885352159E+000  2.680353425983899E+000  2.563351543556149E-001
  5.300000000000000E+003  1.001639187425829E+000  4.262778244417148E+000  2.694556047149271E+000  2.563446992956648E-001
  5.400000000000000E+003  1.002151626840413E+000  4.271979126137023E+000  2.708610053328427E+000  2.563541811381206E-001
  5.500000000000000E+003  1.002654347445777E+000  4.280978323519300E+000  2.722521180878438E+000  2.563636010855502E-001
  5.600000000000000E+003  1.003147701387866E+000  4.289784106249497E+000  2.736294844311747E+000  2.563729602948387E-001
  5.700000000000000E+003  1.003632022524116E+000  4.298404260584475E+000  2.749936156573821E+000  2.563822598805400E-001
  5.800000000000000E+003  1.004107627635689E+000  4.306846125563939E+000  2.763449948775144E+000  2.563915009176085E-001
  5.900000000000000E+003  1.004574817542790E+000  4.315116625938692E+000  2.776840788850339E+000  2.564006844437555E-001
  6.000000000000000E+003  1.005033878132197E+000  4.323222302163851E+000  2.790112999016652E+000  2.564098114615542E-001
  6.100000000000000E+003  1.005485081305089E+000  4.331169337762756E+000  2.803270672047289E+000  2.564188829403553E-001
  6.200000000000000E+003  1.005928685852415E+000  4.338963584330833E+000  2.816317686419497E+000  2.564278998180474E-001
  6.300000000000000E+003  1.006364938264278E+000  4.346610584417241E+000  2.829257720407830E+000  2.564368630026782E-001
  6.400000000000000E+003  1.006794073479145E+000  4.354115592494856E+000  2.842094265192849E+000  2.564457733739519E-001
  6.500000000000000E+003  1.007216315578109E+000  4.361483594205216E+000  2.854830637052202E+000  2.564546317846195E-001
  6.600000000000000E+003  1.007631878428892E+000  4.368719324044458E+000  2.867469988697112E+000  2.564634390617639E-001
  6.700000000000000E+003  1.008040966283848E+000  4.375827281637853E+000  2.880015319813265E+000  2.564721960079985E-001
  6.800000000000000E+003  1.008443774335773E+000  4.382811746734785E+000  2.892469486861317E+000  2.564809034025815E-001
  6.900000000000000E+003  1.008840489235000E+000  4.389676793041835E+000  2.904835212188472E+000  2.564895620024555E-001
  7.000000000000000E+003  1.009231289570916E+000  4.396426300999366E+000  2.917115092499216E+000  2.564981725432219E-001
  7.100000000000000E+003  1.009616346320736E+000  4.403063969596051E+000  2.929311606729929E+000  2.565067357400499E-001
  7.200000000000000E+003  1.009995823268135E+000  4.409593327306135E+000  2.941427123369035E+000  2.565152522885330E-001
  7.300000000000000E+003  1.010369877394082E+000  4.416017742225750E+000  2.953463907261585E+000  2.565237228654911E-001
  7.400000000000000E+003  1.010738659242021E+000  4.422340431476905E+000  2.965424125934374E+000  2.565321481297275E-001
  7.500000000000000E+003  1.011102313259358E+000  4.428564469941215E+000  2.977309855475430E+000  2.565405287227414E-001
  7.600000000000000E+003  1.011460978117044E+000  4.434692798379250E+000  2.989123085999316E+000  2.565488652694013E-001
  7.700000000000000E+003  1.011814787008867E+000  4.440728230986235E+000  3.000865726727694E+000  2.565571583785809E-001
  7.800000000000000E+003  1.012163867931980E+000  4.446673462429859E+000  3.012539610712581E+000  2.565654086437614E-001
  7.900000000000000E+003  1.012508343949998E+000  4.452531074411881E+000  3.024146499227994E+000  2.565736166436022E-001
  8.000000000000000E+003  1.012848333439955E+000  4.458303541791292E+000  3.035688085853848E+000  2.565817829424825E-001
  8.100000000000000E+003  1.013183950324250E+000  4.463993238303350E+000  3.047166000274516E+000  2.565899080910154E-001
  8.200000000000000E+003  1.013515304288647E+000  4.469602441905827E+000  3.058581811812823E+000  2.565979926265374E-001
  8.300000000000000E+003  1.013842500987318E+000  4.475133339780927E+000  3.069937032718856E+000  2.566060370735728E-001
  8.400000000000000E+003  1.014165642235804E+000  4.480588033018900E+000  3.081233121231682E+000  2.566140419442788E-001
  8.500000000000000E+003  1.014484826192743E+000  4.485968541007164E+000  3.092471484430722E+000  2.566220077388675E-001
  8.600000000000000E+003  1.014800147531108E+000  4.491276805546597E+000  3.103653480892354E+000  2.566299349460094E-001
  8.700000000000000E+003  1.015111697599681E+000  4.496514694714953E+000  3.114780423166258E+000  2.566378240432208E-001
  8.800000000000000E+003  1.015419564575394E+000  4.501684006495664E+000  3.125853580084884E+000  2.566456754972303E-001
  8.900000000000000E+003  1.015723833607143E+000  4.506786472188681E+000  3.136874178918506E+000  2.566534897643334E-001
  9.000000000000000E+003  1.016024586951651E+000  4.511823759618792E+000  3.147843407387377E+000  2.566612672907301E-001
  9.100000000000000E+003  1.016321904101858E+000  4.516797476155553E+000  3.158762415541642E+000  2.566690085128485E-001
  9.200000000000000E+003  1.016615861908355E+000  4.521709171557755E+000  3.169632317518900E+000  2.566767138576548E-001
  9.300000000000000E+003  1.016906534694279E+000  4.526560340654485E+000  3.180454193188532E+000  2.566843837429524E-001
  9.400000000000000E+003  1.017193994364085E+000  4.531352425873778E+000  3.191229089691230E+000  2.566920185776667E-001
  9.600000000000000E+003  1.017762447761895E+000  4.540727944792003E+000  3.212691727066330E+000  2.567071538302735E-001
  9.800000000000000E+003  1.018318725095928E+000  4.549884729251422E+000  3.233975419045586E+000  2.567221543490045E-001
  9.900000000000000E+003  1.018591109783852E+000  4.554401396373300E+000  3.244528772478662E+000  2.567296198420147E-001
  1.000000000000000E+004  1.018860666888551E+000  4.558866657440861E+000  3.255040914021992E+000  2.567370525530487E-001
  1.010000000000000E+004  1.019127454027518E+000  4.563281648113855E+000  3.265512674812790E+000  2.567444528457442E-001
  1.020000000000000E+004  1.019391527085786E+000  4.567647467452501E+000  3.275944867149090E+000  2.567518210673060E-001
  1.040000000000000E+004  1.019914205582042E+000  4.576204244984576E+000  3.296737919813471E+000  2.567664344348950E-001
  1.060000000000000E+004  1.020426556106402E+000  4.584577863701551E+000  3.317379671996393E+000  2.567809241864927E-001
  1.080000000000000E+004  1.020928974988472E+000  4.592775879514765E+000  3.337876226382653E+000  2.567952928284765E-001
  1.100000000000000E+004  1.021421836380159E+000  4.600805397218171E+000  3.358233331076111E+000  2.568095427853713E-001
  1.120000000000000E+004  1.021905493862370E+000  4.608673105253379E+000  3.378456422338091E+000  2.568236763970547E-001
  1.140000000000000E+004  1.022380281911831E+000  4.616385307235083E+000  3.398550655698488E+000  2.568376959225125E-001
  1.160000000000000E+004  1.022846517241045E+000  4.623947950583602E+000  3.418520928541544E+000  2.568516035431189E-001
  1.180000000000000E+004  1.023304500023732E+000  4.631366652569864E+000  3.438371898130563E+000  2.568654013661831E-001
  1.200000000000000E+004  1.023754515017048E+000  4.638646724044258E+000  3.458107997083073E+000  2.568790914285629E-001
  1.220000000000000E+004  1.024196832590712E+000  4.645793191089661E+000  3.477733447153648E+000  2.568926757001599E-001
  1.240000000000000E+004  1.024631709672081E+000  4.652810814811050E+000  3.497252271723686E+000  2.569061560872300E-001
  1.260000000000000E+004  1.025059390615238E+000  4.659704109449398E+000  3.516668307224796E+000  2.569195344354958E-001
  1.280000000000000E+004  1.025480108001266E+000  4.666477358986206E+000  3.535985213649343E+000  2.569328125330696E-001
  1.300000000000000E+004  1.025894083376131E+000  4.673134632386031E+000  3.555206484264401E+000  2.569459921131921E-001
  1.320000000000000E+004  1.026301527931901E+000  4.679679797608045E+000  3.574335454622415E+000  2.569590748568037E-001
  1.340000000000000E+004  1.026702643136435E+000  4.686116534503357E+000  3.593375310945774E+000  2.569720623949572E-001
  1.360000000000000E+004  1.027097621316131E+000  4.692448346701976E+000  3.612329097950013E+000  2.569849563110843E-001
  1.380000000000000E+004  1.027486646195879E+000  4.698678572582461E+000  3.631199726160278E+000  2.569977581431280E-001
  1.400000000000000E+004  1.027869893399906E+000  4.704810395407335E+000  3.649989978767328E+000  2.570104693855479E-001
  1.420000000000000E+004  1.028247530916880E+000  4.710846852698841E+000  3.668702518062548E+000  2.570230914912089E-001
  1.440000000000000E+004  1.028619719532270E+000  4.716790844921944E+000  3.687339891485846E+000  2.570356258731620E-001
  1.460000000000000E+004  1.028986613230693E+000  4.722645143534743E+000  3.705904537315923E+000  2.570480739063218E-001
  1.480000000000000E+004  1.029348359570702E+000  4.728412398460518E+000  3.724398790028870E+000  2.570604369290518E-001
  1.500000000000000E+004  1.029705100034265E+000  4.734095145030218E+000  3.742824885348186E+000  2.570727162446575E-001
  1.520000000000000E+004  1.030056970352923E+000  4.739695810439662E+000  3.761184965007169E+000  2.570849131228005E-001
  1.540000000000000E+004  1.030404100812506E+000  4.745216719761263E+000  3.779481081242653E+000  2.570970288008326E-001
  1.560000000000000E+004  1.030746616538038E+000  4.750660101546488E+000  3.797715201037555E+000  2.571090644850587E-001
  1.580000000000000E+004  1.031084637760380E+000  4.756028093051939E+000  3.815889210128298E+000  2.571210213519315E-001
  1.600000000000000E+004  1.031418280065977E+000  4.761322745118684E+000  3.834004916791935E+000  2.571329005491844E-001
  1.620000000000000E+004  1.031747654630985E+000  4.766546026732088E+000  3.852064055426729E+000  2.571447031969036E-001
  1.640000000000000E+004  1.032072868440936E+000  4.771699829286714E+000  3.870068289938912E+000  2.571564303885461E-001
  1.660000000000000E+004  1.032394024496977E+000  4.776785970578783E+000  3.888019216947431E+000  2.571680831919066E-001
  1.680000000000000E+004  1.032711222009676E+000  4.781806198546738E+000  3.905918368817662E+000  2.571796626500352E-001
  1.700000000000000E+004  1.033024556581273E+000  4.786762194778629E+000  3.923767216534276E+000  2.571911697821101E-001
  1.720000000000000E+004  1.033334120377174E+000  4.791655577803463E+000  3.941567172422791E+000  2.572026055842685E-001
  1.740000000000000E+004  1.033640002287476E+000  4.796487906182208E+000  3.959319592728676E+000  2.572139710303976E-001
  1.760000000000000E+004  1.033942288079151E+000  4.801260681412848E+000  3.977025780062271E+000  2.572252670728875E-001
  1.780000000000000E+004  1.034241060539590E+000  4.805975350662694E+000  3.994686985717331E+000  2.572364946433492E-001
  1.800000000000000E+004  1.034536399612040E+000  4.810633309340044E+000  4.012304411870414E+000  2.572476546533019E-001
  1.820000000000000E+004  1.034828382523489E+000  4.815235903516373E+000  4.029879213667985E+000  2.572587479948253E-001
  1.840000000000000E+004  1.035117083905506E+000  4.819784432209285E+000  4.047412501207627E+000  2.572697755411852E-001
  1.860000000000000E+004  1.035402575908480E+000  4.824280149535695E+000  4.064905341419395E+000  2.572807381474319E-001
  1.880000000000000E+004  1.035684928309694E+000  4.828724266743939E+000  4.082358759852976E+000  2.572916366509697E-001
  1.900000000000000E+004  1.035964208615617E+000  4.833117954132852E+000  4.099773742376049E+000  2.573024718721053E-001
  1.920000000000000E+004  1.036240482158793E+000  4.837462342865251E+000  4.117151236788793E+000  2.573132446145702E-001
  1.940000000000000E+004  1.036513812189648E+000  4.841758526682685E+000  4.134492154359397E+000  2.573239556660221E-001
  1.960000000000000E+004  1.036784259963548E+000  4.846007563527789E+000  4.151797371284930E+000  2.573346057985260E-001
  1.980000000000000E+004  1.037051884823375E+000  4.850210477080141E+000  4.169067730081882E+000  2.573451957690142E-001
  2.000000000000000E+004  1.037316744277918E+000  4.854368258211081E+000  4.186304040910257E+000  2.573557263197288E-001
