! time                    int_density             frank_density           perfect_density         vac_density             faulted_density         void_density            
  0.000000000000000E+000  0.000000000000000E+000  0.000000000000000E+000  0.000000000000000E+000  2.140585232712487E-007  0.000000000000000E+000  0.000000000000000E+000
  1.000000000000000E-001  5.646109568594082E-006  6.864882276281130E-004  1.772174821561942E-005  4.746361435625302E-002  3.306511998561326E-004  2.729565420904882E-011
  2.000000000000001E-001  4.837274395090174E-006  1.371696201761542E-003  1.296580071961231E-005  8.801499259114424E-002  5.548384099710775E-004  5.201847628568214E-011
  3.000000000000002E-001  4.303659019953389E-006  2.056283538833920E-003  1.025698919160375E-005  1.254088356956668E-001  7.455145336473888E-004  7.514325753211443E-011
  4.000000000000003E-001  3.890363530074759E-006  2.740418482948882E-003  8.504827934241173E-006  1.603153179342625E-001  9.242637062445707E-004  9.676976659093161E-011
  5.000000000000003E-001  3.552223850893619E-006  3.424235271643244E-003  7.281689162269532E-006  1.932442450268669E-001  1.100695051239697E-003  1.171076049846825E-010
  6.000000000000004E-001  3.267749971352047E-006  4.107805940275652E-003  6.380041689090560E-006  2.244008200375353E-001  1.279286702399690E-003  1.362132267196066E-010
  7.000000000000005E-001  3.023632964645885E-006  4.791155862516135E-003  5.685922747366585E-006  2.536881250134137E-001  1.464028216294835E-003  1.539695250914954E-010
  8.000000000000006E-001  2.811809745831633E-006  5.474354113259092E-003  5.136522310004949E-006  2.814388326234389E-001  1.656164495329382E-003  1.705740348593771E-010
  9.000000000000007E-001  2.626054736124540E-006  6.157428543391624E-003  4.690657507943455E-006  3.077005229232691E-001  1.857095281243937E-003  1.860299677679460E-010
  1.000000000000001E+000  2.461708439262531E-006  6.840400658317919E-003  4.321316848605762E-006  3.325024157761771E-001  2.067952366852652E-003  2.003447635144504E-010
  1.100000000000001E+000  2.315198639811822E-006  7.523287325538122E-003  4.010123874222709E-006  3.558601305598599E-001  2.289606320790110E-003  2.135316714394508E-010
  1.200000000000001E+000  2.183735002838814E-006  8.206101960919950E-003  3.744157357853541E-006  3.777791112526849E-001  2.522671768930702E-003  2.256109926127182E-010
  1.300000000000001E+000  2.065104555515165E-006  8.888855369900436E-003  3.514077379027892E-006  3.982573100251282E-001  2.767512983246817E-003  2.366104448938360E-010
  1.400000000000001E+000  1.957529091490312E-006  9.571556354925948E-003  3.312972034875432E-006  4.172874447979085E-001  3.024253720409899E-003  2.465644161557465E-010
  1.500000000000001E+000  1.859778384821487E-006  1.025421910793434E-002  3.136201238912809E-006  4.350898402616138E-001  3.290814839269364E-003  2.556683738521834E-010
  1.600000000000001E+000  1.770389847307899E-006  1.093684148158769E-002  2.979003013301050E-006  4.514045105899137E-001  3.568961268864192E-003  2.637843301951390E-010
  1.700000000000001E+000  1.688393355311557E-006  1.161942908005243E-002  2.838304335949596E-006  4.662343895321821E-001  3.858199999245772E-003  2.709672279941664E-010
  1.800000000000001E+000  1.612964120329396E-006  1.230198624408846E-002  2.711640843781279E-006  4.795691057126332E-001  4.157992800146748E-003  2.772589546007162E-010
  1.900000000000001E+000  1.543403721855313E-006  1.298451665885661E-002  2.597032984719308E-006  4.914011311631479E-001  4.467686355531342E-003  2.826968140380122E-010
  2.000000000000001E+000  1.479114837276724E-006  1.366702347197420E-002  2.492872610379396E-006  5.017271498756244E-001  4.786555208302307E-003  2.873129153215202E-010
  2.100000000000001E+000  1.419581947568549E-006  1.434950938644138E-002  2.397840392778159E-006  5.105492663907153E-001  5.113839502921858E-003  2.911343990277274E-010
  2.200000000000002E+000  1.364356489955810E-006  1.503197673462388E-002  2.310844399872581E-006  5.178760367496877E-001  5.448776328814748E-003  2.941843254082488E-010
  2.300000000000002E+000  1.313045346400118E-006  1.571442753778283E-002  2.230973228521861E-006  5.237233055892674E-001  5.790624004936620E-003  2.964830174283361E-010
  2.400000000000002E+000  1.265301844659573E-006  1.639686355444748E-002  2.157459280785904E-006  5.281148367932995E-001  6.138679243180982E-003  2.980496226455097E-010
  2.500000000000002E+000  1.220818650902891E-006  1.707928632007477E-002  2.089649428112237E-006  5.310827295230228E-001  6.492287723658857E-003  2.989036695393952E-010
  2.600000000000002E+000  1.179322080120639E-006  1.776169717982451E-002  2.026981495728078E-006  5.326676157587549E-001  6.850849101963031E-003  2.990664377636305E-010
  2.700000000000002E+000  1.140567463489985E-006  1.844409731583184E-002  1.968965692370874E-006  5.329186392762372E-001  7.213817762972691E-003  2.985620228093846E-010
  2.800000000000002E+000  1.104335303326996E-006  1.912648777003245E-002  1.915170360083731E-006  5.318932193701308E-001  7.580700698533459E-003  2.974180398840669E-010
  2.900000000000002E+000  1.070428022564188E-006  1.980886946335734E-002  1.865211391287338E-006  5.296566061846005E-001  7.951053739594295E-003  2.956659675789125E-010
  3.000000000000002E+000  1.038667178173357E-006  2.049124321193954E-002  1.818744561299311E-006  5.262812389069161E-001  8.324477092359856E-003  2.933411710606086E-010
  3.100000000000002E+000  1.008891055642026E-006  2.117360974084698E-002  1.775459997973429E-006  5.218459237668645E-001  8.700610807887395E-003  2.904826647820646E-010
  3.200000000000002E+000  9.809525936270726E-007  2.185596969575964E-002  1.735078095619295E-006  5.164348556580494E-001  9.079130532840995E-003  2.871326793293938E-010
  3.300000000000002E+000  9.547176049217589E-007  2.253832365293499E-002  1.697346339995152E-006  5.101365144907832E-001  9.459743685420774E-003  2.833360921171448E-010
  3.400000000000002E+000  9.300593343822864E-007  2.322067134048084E-002  1.662012111298652E-006  5.029358653438369E-001  9.842428442687689E-003  2.790831297931759E-010
  3.500000000000002E+000  9.068715068649728E-007  2.390301407111964E-002  1.628901582654467E-006  4.950537259787210E-001  1.022665512611713E-002  2.744896112706349E-010
  3.600000000000001E+000  8.850495079726753E-007  2.458535225360477E-002  1.597827130530657E-006  4.865831950768118E-001  1.061221341363290E-002  2.696039191486643E-010
  3.700000000000001E+000  8.644970032823313E-007  2.526768625555633E-002  1.568619679069920E-006  4.776164959484382E-001  1.099891277392188E-002  2.644740816700450E-010
  3.800000000000001E+000  8.451251145203498E-007  2.595001640820765E-002  1.541127010130904E-006  4.682438908816892E-001  1.138658067979944E-002  2.591472169687595E-010
  3.900000000000000E+000  8.268516467996871E-007  2.663234301053352E-002  1.515211957068400E-006  4.585526898853399E-001  1.177506091756798E-002  2.536689878493052E-010
  4.000000000000000E+000  8.096003873596270E-007  2.731466633284452E-002  1.490750748600461E-006  4.486263666464085E-001  1.216421205188810E-002  2.480831050254453E-010
  4.100000000000000E+000  7.933004736983398E-007  2.799698661992049E-002  1.467631504318604E-006  4.385437906927119E-001  1.255390605900304E-002  2.424308920113726E-010
  4.199999999999999E+000  7.778858341294565E-007  2.867930409374654E-002  1.445752883090745E-006  4.283785820749618E-001  1.294402712321601E-002  2.367509181687787E-010
  4.299999999999999E+000  7.632947044267647E-007  2.936161895590746E-002  1.425022882767720E-006  4.181985929271812E-001  1.333447058388354E-002  2.310787034291412E-010
  4.399999999999999E+000  7.494692218121401E-007  3.004393138968952E-002  1.405357785535529E-006  4.080655184231009E-001  1.372514201685724E-002  2.254464963532464E-010
  4.499999999999998E+000  7.363550937518663E-007  3.072624156193249E-002  1.386681239219786E-006  3.980346374865739E-001  1.411595643307093E-002  2.198831255830521E-010
  4.599999999999998E+000  7.239013352236949E-007  3.140854962466797E-002  1.368923461736172E-006  3.881546809855325E-001  1.450683757691347E-002  2.144139230850851E-010
  4.699999999999998E+000  7.120600651577594E-007  3.209085571657531E-002  1.352020554104735E-006  3.784678221474248E-001  1.489771730771441E-002  2.090607158503701E-010
  4.799999999999997E+000  7.007768953259705E-007  3.277315951772747E-002  1.335914947801716E-006  3.690638355757291E-001  1.528850494024110E-002  2.038727010499553E-010
  4.899999999999997E+000  6.900186787030207E-007  3.345546161760161E-002  1.320551080524911E-006  3.599172663474324E-001  1.567916138241570E-002  1.988330075206349E-010
  4.999999999999996E+000  6.797462715452362E-007  3.413776211974123E-002  1.305879520508976E-006  3.510501041591043E-001  1.606964453815698E-002  1.939528491051274E-010
  5.099999999999996E+000  6.699231878690829E-007  3.482006111901816E-002  1.291854712100156E-006  3.424790670768083E-001  1.645991754861461E-002  1.892405665990907E-010
  5.199999999999996E+000  6.605155290880844E-007  3.550235870246404E-002  1.278434706559844E-006  3.342160132474885E-001  1.684994862293158E-002  1.847018811226047E-010
  5.299999999999995E+000  6.514919008057276E-007  3.618465495002086E-002  1.265580847581559E-006  3.262683896256151E-001  1.723971079721064E-002  1.803401521119451E-010
  5.399999999999995E+000  6.428233257930516E-007  3.686694993521894E-002  1.253257488886366E-006  3.186397019334782E-001  1.762918165470764E-002  1.761566401205044E-010
  5.499999999999995E+000  6.344831503464731E-007  3.754924372578913E-002  1.241431739223329E-006  3.113299920476069E-001  1.801834302451336E-002  1.721507699551339E-010
  5.599999999999994E+000  6.264469425678689E-007  3.823153638421565E-002  1.230073231092417E-006  3.043363109088758E-001  1.840718066844495E-002  1.683203891554844E-010
  5.699999999999994E+000  6.186923822378874E-007  3.891382796823480E-002  1.219153910262916E-006  2.976531769935489E-001  1.879568396221090E-002  1.646620171942389E-010
  5.799999999999994E+000  6.111991428652827E-007  3.959611853128450E-002  1.208647843721532E-006  2.912730123202305E-001  1.918384557515352E-002  1.611710815000943E-010
  5.899999999999993E+000  6.039487671906750E-007  4.027840812290909E-002  1.198531044105432E-006  2.851865498427514E-001  1.957166115203166E-002  1.578421372544310E-010
  5.999999999999993E+000  5.969245379080640E-007  4.096069678912339E-002  1.188781308993869E-006  2.793832078353518E-001  1.995912899989013E-002  1.546690687737030E-010
  6.099999999999993E+000  5.901113456537872E-007  4.164298457273976E-002  1.179378073674920E-006  2.738514284708524E-001  2.034624978281168E-002  1.516452711012895E-010
  6.199999999999992E+000  5.834955564204490E-007  4.232527151366166E-002  1.170302276191540E-006  2.685789791959310E-001  2.073302622713402E-002  1.487638111607625E-010
  6.299999999999992E+000  5.770648805088173E-007  4.300755764914684E-002  1.161536233618195E-006  2.635532167046668E-001  2.111946283947571E-002  1.460175684496706E-010
  6.399999999999991E+000  5.708082449650927E-007  4.368984301404318E-002  1.153063528636485E-006  2.587613142984376E-001  2.150556563962914E-002  1.433993557721941E-010
  6.499999999999991E+000  5.647156711971195E-007  4.437212764099984E-002  1.144868905573197E-006  2.541904542025398E-001  2.189134191004507E-002  1.409020209209414E-010
  6.599999999999991E+000  5.587781591536971E-007  4.505441156065637E-002  1.136938175142672E-006  2.498279870002174E-001  2.227679996326156E-002  1.385185305282311E-010
  6.799999999999991E+000  5.472983029157515E-007  4.641897673689253E-002  1.121812032989620E-006  2.418092918458514E-001  2.304653225057710E-002  1.341364695679305E-010
  6.999999999999991E+000  5.363642377585369E-007  4.778353945586770E-002  1.107592251492282E-006  2.344250384790532E-001  2.381516755477772E-002  1.300995233567276E-010
  7.199999999999991E+000  5.259259206868177E-007  4.914809990107210E-002  1.094196875099871E-006  2.276072692494430E-001  2.458278802511224E-002  1.263707515878765E-010
  7.399999999999991E+000  5.159411463964751E-007  5.051265823688351E-002  1.081553811174751E-006  2.212932953816121E-001  2.534947215826439E-002  1.229159977556308E-010
  7.599999999999992E+000  5.063739104724728E-007  5.187721461120257E-002  1.069599426999920E-006  2.154264468340098E-001  2.611529460298454E-002  1.197043802474199E-010
  7.799999999999992E+000  4.971931080800967E-007  5.324176915762834E-002  1.058277339162602E-006  2.099562850644471E-001  2.688032563895888E-002  1.167084338350200E-010
  7.999999999999992E+000  4.883715258756006E-007  5.460632199726776E-002  1.047537395103959E-006  2.048384419698708E-001  2.764463069524111E-002  1.139040252945537E-010
  8.199999999999992E+000  4.798850738095970E-007  5.597087324025311E-002  1.037334815861794E-006  2.000342216053400E-001  2.840827003926748E-002  1.112701315541900E-010
  8.399999999999991E+000  4.717122058869605E-007  5.733542298702493E-002  1.027629473740091E-006  1.955100705766244E-001  2.917129866113887E-002  1.087885440621871E-010
  8.599999999999991E+000  4.638334851474892E-007  5.869997132942548E-002  1.018385282666915E-006  1.912369942319308E-001  2.993376633148270E-002  1.064435439508597E-010
  8.799999999999990E+000  4.562312558925458E-007  6.006451835163749E-002  1.009569682498837E-006  1.871899713430048E-001  3.069571779433095E-002  1.042215776681066E-010
  8.999999999999989E+000  4.488893940203946E-007  6.142906413099561E-002  1.001153201561777E-006  1.833474005534922E-001  3.145719305410347E-002  1.021109514231424E-010
  9.199999999999989E+000  4.417931133956320E-007  6.279360873869179E-002  9.931090843278837E-007  1.796905972918265E-001  3.221822772016863E-002  1.001015545116861E-010
  9.399999999999988E+000  4.349288120808996E-007  6.415815224039197E-002  9.854129733541793E-007  1.762033494752585E-001  3.297885337939732E-002  9.818461580575772E-011
  9.599999999999987E+000  4.282839469226470E-007  6.552269469677727E-002  9.780426364895824E-007  1.728715333861614E-001  3.373909797444866E-002  9.635249388354805E-011
  9.799999999999986E+000  4.218469285035427E-007  6.688723616402138E-002  9.709777319319216E-007  1.696827867912108E-001  3.449898617214629E-002  9.459849895012351E-011
  9.999999999999986E+000  4.156070310306925E-007  6.825177669421247E-002  9.641996050248985E-007  1.666262339887249E-001  3.525853971179072E-002  9.291674344366295E-011
  1.019999999999999E+001  4.095543135216335E-007  6.961631633572764E-002  9.576911117643513E-007  1.636922564182289E-001  3.601777772751838E-002  9.130201769673118E-011
  1.039999999999998E+001  4.036795498673631E-007  7.098085513356640E-002  9.514364648689611E-007  1.608723022852062E-001  3.677671704195908E-002  8.974968696714407E-011
  1.059999999999998E+001  3.979741661534137E-007  7.234539312964763E-002  9.454210989944811E-007  1.581587289970641E-001  3.753537243063652E-002  8.825560637654589E-011
  1.079999999999998E+001  3.924301841330566E-007  7.370993036307553E-002  9.396315522607478E-007  1.555446728284477E-001  3.829375685799805E-002  8.681605066254163E-011
  1.099999999999998E+001  3.870401700665949E-007  7.507446687037794E-002  9.340553617413559E-007  1.530239409703484E-001  3.905188168683256E-002  8.542765607287589E-011
  1.149999999999998E+001  3.741716937839716E-007  7.848580395814156E-002  9.209614112910076E-007  1.471457766095137E-001  4.094579220780765E-002  8.218825626446949E-011
  1.199999999999998E+001  3.621409612415271E-007  8.189713732275293E-002  9.089737284917629E-007  1.416976057755835E-001  4.283837633532266E-002  7.918513744919974E-011
  1.249999999999998E+001  3.508567032359705E-007  8.530846735492081E-002  8.979586058359510E-007  1.366497542303533E-001  4.472967576914204E-002  7.640241773988198E-011
  1.299999999999998E+001  3.402451376977433E-007  8.871979439106169E-002  8.878028298611966E-007  1.319635918368379E-001  4.661971832969194E-002  7.381893883454121E-011
  1.349999999999998E+001  3.302441783409862E-007  9.213111872272342E-002  8.784100322800593E-007  1.276014096003984E-001  4.850852277346859E-002  7.141397715846579E-011
  1.399999999999998E+001  3.208003596956750E-007  9.554244060399114E-002  8.696977081731035E-007  1.235294018336913E-001  5.039610030143284E-002  6.916894542449877E-011
  1.449999999999998E+001  3.118669990320776E-007  9.895376025741646E-002  8.615948194279983E-007  1.197181037322823E-001  5.228245556735820E-002  6.706764224472557E-011
  1.499999999999998E+001  3.034029603445113E-007  1.023650778788259E-001  8.540398705541698E-007  1.161420088632740E-001  5.416758769351232E-002  6.509604085568677E-011
  1.549999999999998E+001  2.953717460980615E-007  1.057763936412586E-001  8.469793574321080E-007  1.127790025426400E-001  5.605149128174297E-002  6.324197630506055E-011
  1.599999999999998E+001  2.877407918754347E-007  1.091877076982161E-001  8.403665090756518E-007  1.096098211570231E-001  5.793415734762208E-002  6.149484792228650E-011
  1.649999999999998E+001  2.804809009736614E-007  1.125990201863645E-001  8.341602602389700E-007  1.066175915195169E-001  5.981557413549542E-002  5.984536647630581E-011
  1.699999999999998E+001  2.735657826980891E-007  1.160103312277943E-001  8.283244069489927E-007  1.037874524964169E-001  6.169572780339754E-002  5.828534683222767E-011
  1.749999999999998E+001  2.669716707259004E-007  1.194216409319220E-001  8.228269079885021E-007  1.011062469982248E-001  6.357460298481178E-002  5.680753931380694E-011
  1.799999999999998E+001  2.606770047377179E-007  1.228329493970983E-001  8.176393036474583E-007  9.856227078235984E-002  6.545218324204179E-002  5.540549221162149E-011
  1.849999999999998E+001  2.546621627456579E-007  1.262442567119757E-001  8.127362293384247E-007  9.614506635968635E-002  6.732845142793073E-002  5.407343896764785E-011
  1.899999999999998E+001  2.489092344476509E-007  1.296555629566770E-001  8.080950064479569E-007  9.384525267376886E-002  6.920338997185936E-002  5.280620490911688E-011
  1.949999999999998E+001  2.434018280526449E-007  1.330668682037967E-001  8.036952964541286E-007  9.165438330002186E-002  7.107698110405021E-002  5.159912956053798E-011
  1.999999999999998E+001  2.381249046133659E-007  1.364781725192649E-001  7.995188071635980E-007  8.956482755052857E-002  7.294920703004315E-002  5.044800146669504E-011
  2.049999999999998E+001  2.330646351226872E-007  1.398894759630936E-001  7.955490421167154E-007  8.756967012063321E-002  7.482005006515496E-002  4.934900314552839E-011
  2.099999999999998E+001  2.282082765733216E-007  1.433007785900246E-001  7.917710859281340E-007  8.566262586076617E-002  7.668949273693333E-002  4.829866430790124E-011
  2.149999999999998E+001  2.235440639163366E-007  1.467120804500946E-001  7.881714196856467E-007  8.383796697700649E-002  7.855751786209461E-002  4.729382187416069E-011
  2.199999999999998E+001  2.190611154313706E-007  1.501233815891279E-001  7.847377616053546E-007  8.209046051499110E-002  8.042410860317778E-002  4.633158561772905E-011
  2.249999999999998E+001  2.147493494772291E-007  1.535346820491693E-001  7.814589289997377E-007  8.041531440703731E-002  8.228924850912218E-002  4.540930849753267E-011
  2.299999999999998E+001  2.105994109534924E-007  1.569459818688636E-001  7.783247183044407E-007  7.880813069320708E-002  8.415292154314656E-002  4.452456092118793E-011
  2.349999999999998E+001  2.066026060928676E-007  1.603572810837916E-001  7.753258004659462E-007  7.726486478652472E-002  8.601511210063809E-002  4.367510832211652E-011
  2.399999999999998E+001  2.027508444362840E-007  1.637685797267659E-001  7.724536294437152E-007  7.578178985760339E-002  8.787580501922124E-002  4.285889154540201E-011
  2.449999999999998E+001  1.990365870304142E-007  1.671798778280936E-001  7.697003619484560E-007  7.435546557712272E-002  8.973498558274386E-002  4.207400962607800E-011
  2.499999999999998E+001  1.954528000398287E-007  1.705911754158096E-001  7.670587868396385E-007  7.298271058535777E-002  9.159263952057069E-002  4.131870461479027E-011
  2.549999999999998E+001  1.919929130906611E-007  1.740024725158842E-001  7.645222628534563E-007  7.166057816339862E-002  9.344875300329462E-002  4.059134816325687E-011
  2.599999999999998E+001  1.886507817651112E-007  1.774137691524090E-001  7.620846635373735E-007  7.038633466624468E-002  9.530331263575319E-002  3.989042962861718E-011
  2.649999999999998E+001  1.854206537507890E-007  1.808250653477623E-001  7.597403284374363E-007  6.915744034776286E-002  9.715630544805502E-002  3.921454549386205E-011
  2.699999999999998E+001  1.822971382192407E-007  1.842363611227575E-001  7.574840197261309E-007  6.797153226477004E-002  9.900771888517945E-002  3.856238993281912E-011
  2.799999999999998E+001  1.763492793968583E-007  1.910589511048376E-001  7.532150320658468E-007  6.572399177294040E-002  1.027042058564840E-001  3.732660800096714E-011
  2.899999999999998E+001  1.707715965096419E-007  1.978815396542440E-001  7.492444899368509E-007  6.361975731044223E-002  1.063942492507102E-001  3.616990290369599E-011
  2.999999999999998E+001  1.655310426231011E-007  2.047041268891455E-001  7.455422204461070E-007  6.164869013152754E-002  1.100777528646727E-001  3.508670882238665E-011
  3.099999999999998E+001  1.605985786643893E-007  2.115267129132618E-001  7.420819705867321E-007  5.979894378327061E-002  1.137546295477394E-001  3.407047155982634E-011
  3.199999999999998E+001  1.559483719286261E-007  2.183492978179931E-001  7.388407983431235E-007  5.805975996977464E-002  1.174247996083623E-001  3.311523932168825E-011
  3.299999999999999E+001  1.515573487810711E-007  2.251718816841828E-001  7.357985681578980E-007  5.642158421882962E-002  1.210881895575124E-001  3.221572842365311E-011
  3.399999999999999E+001  1.474048387436340E-007  2.319944645835873E-001  7.329375352537557E-007  5.487592577460670E-002  1.247447312305726E-001  3.136724485620903E-011
  3.499999999999999E+001  1.434722737669510E-007  2.388170465801079E-001  7.302420015475745E-007  5.341521582958940E-002  1.283943611510405E-001  3.056560521594293E-011
  3.599999999999999E+001  1.397429313450923E-007  2.456396277308272E-001  7.276980292383251E-007  5.203268589050581E-002  1.320370200472700E-001  2.980706906074484E-011
  3.699999999999999E+001  1.362017140522745E-007  2.524622080868875E-001  7.252932011165355E-007  5.072226478115149E-002  1.356726524704432E-001  2.908828173783591E-011
  3.799999999999999E+001  1.328349596240164E-007  2.592847876942361E-001  7.230164189503450E-007  4.947849118188956E-002  1.393012064829258E-001  2.840622589584993E-011
  3.899999999999999E+001  1.296302767805889E-007  2.661073665942627E-001  7.208577330817480E-007  4.829643903759348E-002  1.429226333978753E-001  2.775818016515211E-011
  3.999999999999999E+001  1.265764028365934E-007  2.729299448243445E-001  7.188081977446806E-007  4.717165366781346E-002  1.465368875576878E-001  2.714168378654947E-011
  4.099999999999999E+001  1.236630798201582E-007  2.797525224183159E-001  7.168597476914291E-007  4.610009682211100E-002  1.501439261428356E-001  2.655450620452323E-011
  4.199999999999999E+001  1.208809463754857E-007  2.865750994068739E-001  7.150050925577826E-007  4.507809924786327E-002  1.537437090050935E-001  2.599462082569403E-011
  4.299999999999999E+001  1.182214431704950E-007  2.933976758179284E-001  7.132376260640942E-007  4.410231959577401E-002  1.573361985207170E-001  2.546018228873452E-011
  4.399999999999999E+001  1.156767298979867E-007  3.002202516769082E-001  7.115513476794051E-007  4.316970869472687E-002  1.609213594601857E-001  2.494950670770542E-011
  4.499999999999999E+001  1.132396122603089E-007  3.070428270070263E-001  7.099407947994032E-007  4.227747839379562E-002  1.644991588718481E-001  2.446105444363169E-011
  4.599999999999999E+001  1.109034775766138E-007  3.138654018295134E-001  7.084009838294615E-007  4.142307430379399E-002  1.680695659773386E-001  2.399341503412052E-011
  4.699999999999999E+001  1.086622378584440E-007  3.206879761638208E-001  7.069273588390760E-007  4.060415188030422E-002  1.716325520770225E-001  2.354529397175757E-011
  4.799999999999999E+001  1.065102793714894E-007  3.275105500278012E-001  7.055157466772892E-007  3.981855537976941E-002  1.751880904640319E-001  2.311550107181440E-011
  4.899999999999999E+001  1.044424178452247E-007  3.343331234378654E-001  7.041623176208536E-007  3.906429929393437E-002  1.787361563456894E-001  2.270294021070169E-011
  4.999999999999999E+001  1.024538586128215E-007  3.411556964091239E-001  7.028635507760909E-007  3.833955192878404E-002  1.822767267713089E-001  2.230660025035522E-011
  5.099999999999999E+001  1.005401610653057E-007  3.479782689555093E-001  7.016162035782041E-007  3.764262084460415E-002  1.858097805655170E-001  2.192554699172093E-011
  5.199999999999999E+001  9.869720688970039E-008  3.548008410898875E-001  7.004172848332638E-007  3.697193991581913E-002  1.893352982663654E-001  2.155891602379187E-011
  5.399999999999999E+001  9.520903056610488E-008  3.684459837805147E-001  6.981535812344812E-007  3.570491444197993E-002  1.963562241642712E-001  2.086641128432735E-011
  5.599999999999999E+001  9.196124677077608E-008  3.820911249748561E-001  6.960530396947728E-007  3.452595760842098E-002  2.033469070926343E-001  2.022224060728027E-011
  5.799999999999999E+001  8.892994229146047E-008  3.957362647434781E-001  6.940986494648838E-007  3.342681154875630E-002  2.103072334170863E-001  1.962187621524368E-011
  5.999999999999999E+001  8.609426880100495E-008  4.093814031475102E-001  6.922756837724094E-007  3.239966298684296E-002  2.172371159546629E-001  1.906100553226075E-011
  6.199999999999999E+001  8.343595516103281E-008  4.230265402401287E-001  6.905713294346201E-007  3.143766521979544E-002  2.241364926010009E-001  1.853584883245705E-011
  6.399999999999999E+001  8.093892335098355E-008  4.366716760677702E-001  6.889743858772626E-007  3.053480892487877E-002  2.310053240624581E-001  1.804308991447111E-011
  6.599999999999999E+001  7.858897105557664E-008  4.503168106711299E-001  6.874750192051213E-007  2.968579879452100E-002  2.378435918310967E-001  1.757980789141801E-011
  6.799999999999999E+001  7.637350749448683E-008  4.639619440859883E-001  6.860645599381207E-007  2.888595087517618E-002  2.446512965019012E-001  1.714342021089789E-011
  6.999999999999999E+001  7.428133241002867E-008  4.776070763439020E-001  6.847353356311616E-007  2.813110707493625E-002  2.514284563555080E-001  1.673163521420153E-011
  7.199999999999999E+001  7.230245025286489E-008  4.912522074727794E-001  6.834805315567111E-007  2.741756360048049E-002  2.581751061283510E-001  1.634241246028344E-011
  7.399999999999999E+001  7.042791323141159E-008  5.048973374973692E-001  6.822940741114034E-007  2.674201074945104E-002  2.648912959153031E-001  1.597392937212310E-011
  7.599999999999999E+001  6.864968815359451E-008  5.185424664396696E-001  6.811705327375853E-007  2.610148201257484E-002  2.715770901691700E-001  1.562455305719236E-011
  7.799999999999999E+001  6.696054297769177E-008  5.321875943192802E-001  6.801050370185436E-007  2.549331085013440E-002  2.782325667742065E-001  1.529281638668012E-011
  7.999999999999999E+001  6.535394976677841E-008  5.458327211536992E-001  6.790932062777839E-007  2.491509382749139E-002  2.848578161788911E-001  1.497739759962702E-011
  8.199999999999999E+001  6.382400135709205E-008  5.594778469585788E-001  6.781310895362557E-007  2.436465904568106E-002  2.914529405782399E-001  1.467710283986403E-011
  8.399999999999999E+001  6.236533954091252E-008  5.731229717479469E-001  6.772151140922260E-007  2.384003900165499E-002  2.980180531391108E-001  1.439085114506643E-011
  8.599999999999999E+001  6.097309295695989E-008  5.867680955343948E-001  6.763420413129408E-007  2.333944717058114E-002  3.045532772639812E-001  1.411766149544425E-011
  8.799999999999999E+001  5.964282319700666E-008  6.004132183292438E-001  6.755089284849753E-007  2.286125772879241E-002  3.110587458899723E-001  1.385664159990152E-011
  8.999999999999999E+001  5.837047789261135E-008  6.140583401426866E-001  6.747130957761563E-007  2.240398793740765E-002  3.175346008207574E-001  1.360697815389299E-011
  9.499999999999999E+001  5.542108570400279E-008  6.481711386437972E-001  6.728711863341313E-007  2.134565871540147E-002  3.335425413369330E-001  1.302852528357388E-011
  9.999999999999999E+001  5.276095124213569E-008  6.822839312238923E-001  6.712145955914460E-007  2.039105201245263E-002  3.493709675581194E-001  1.250635259389105E-011
  1.050000000000000E+002  5.034943485551395E-008  7.163967179699262E-001  6.697167045674382E-007  1.952568304625798E-002  3.650224230573314E-001  1.203251722492586E-011
  1.100000000000000E+002  4.815316288443526E-008  7.505094989501204E-001  6.683557547484424E-007  1.873745652001815E-002  3.804997428691831E-001  1.160038494881005E-011
  1.150000000000000E+002  4.614447458465892E-008  7.846222742181849E-001  6.671137878069144E-007  1.801636784367968E-002  3.958059661927588E-001  1.120448645224924E-011
  1.200000000000000E+002  4.430025178232934E-008  8.187350438164936E-001  6.659758510901937E-007  1.735407200257947E-002  4.109442740281389E-001  1.084027295990411E-011
  1.250000000000000E+002  4.260102432694846E-008  8.528478077785115E-001  6.649293943741936E-007  1.674355359325926E-002  4.259179442572409E-001  1.050393003920624E-011
  1.300000000000000E+002  4.103027857392572E-008  8.869605661306612E-001  6.639638062600733E-007  1.617887251490119E-002  4.407303174208783E-001  1.019223522797429E-011
  1.350000000000000E+002  3.957391720892001E-008  9.210733188937742E-001  6.630700539114866E-007  1.565496582096055E-002  4.553847695319547E-001  9.902447713052364E-012
  1.400000000000000E+002  3.821983319561997E-008  9.551860660842242E-001  6.622404002247085E-007  1.516749177199424E-002  4.698846899594114E-001  9.632221820032280E-012
  1.450000000000000E+002  3.695757071213743E-008  9.892988077148198E-001  6.614681796885271E-007  1.471270596690755E-002  4.842334632327815E-001  9.379538474880075E-012
  1.500000000000000E+002  3.577805306046188E-008  1.023411543795513E+000  6.607476192018256E-007  1.428736211552408E-002  4.984344540189204E-001  9.142650410969378E-012
  1.550000000000000E+002  3.467336262238393E-008  1.057524274333961E+000  6.600736936697045E-007  1.388863192318668E-002  5.124909947354352E-001  8.920038007169306E-012
  1.600000000000000E+002  3.363656161579492E-008  1.091636999335976E+000  6.594420087503197E-007  1.351403993166001E-002  5.264063753892493E-001  8.710373428844257E-012
  1.610000000000000E+002  3.343666897497867E-008  1.098459544114686E+000  6.593203572369274E-007  1.344165311548534E-002  5.291838082557473E-001  8.669846381353405E-012
  1.620000000000000E+002  3.323920441326132E-008  1.105282088671744E+000  6.592002123083891E-007  1.337016665570238E-002  5.319556281604565E-001  8.629802068939383E-012
  1.640000000000000E+002  3.285144553836998E-008  1.118927176899897E+000  6.589643481018582E-007  1.322979689684198E-002  5.374770855786024E-001  8.551067013325368E-012
  1.660000000000000E+002  3.247287749574584E-008  1.132572264242382E+000  6.587341828591819E-007  1.309268906716194E-002  5.429765943635173E-001  8.474067925372707E-012
  1.680000000000000E+002  3.210317513432098E-008  1.146217350699444E+000  6.585095118942522E-007  1.295873634993298E-002  5.484543783664266E-001  8.398752714978071E-012
  1.700000000000000E+002  3.174202856174771E-008  1.159862436271289E+000  6.582901402135712E-007  1.282782875858176E-002  5.539106544359454E-001  8.325065265355112E-012
  1.750000000000000E+002  3.087507362316157E-008  1.193975144675607E+000  6.577638071422580E-007  1.251364029065350E-002  5.674202305030364E-001  8.147731086053316E-012
  1.800000000000000E+002  3.005546333308334E-008  1.228087847555441E+000  6.572667593625836E-007  1.221625970680832E-002  5.808015395977383E-001  7.979461539413930E-012
  1.850000000000000E+002  2.927939980457821E-008  1.262200544911239E+000  6.567966114014026E-007  1.193435694635366E-002  5.940574467873311E-001  7.819533974733771E-012
  1.900000000000000E+002  2.854348106030340E-008  1.296313236743129E+000  6.563512297827529E-007  1.166672291421536E-002  6.071907994374049E-001  7.667294903491505E-012
  1.950000000000000E+002  2.784465088627786E-008  1.330425923050946E+000  6.559287007066732E-007  1.141227276491198E-002  6.202043993201831E-001  7.522162431816253E-012
  2.000000000000000E+002  2.718015607493735E-008  1.364538603834270E+000  6.555273025383475E-007  1.117003014142526E-002  6.331009882561792E-001  7.383615237644742E-012
  2.050000000000000E+002  2.654750981208259E-008  1.398651279092475E+000  6.551454823128438E-007  1.093911378647085E-002  6.458832411988810E-001  7.251184024292068E-012
  2.100000000000000E+002  2.594446022574340E-008  1.432763948824772E+000  6.547818355960057E-007  1.071872614895921E-002  6.585537630163230E-001  7.124444760088612E-012
  2.150000000000000E+002  2.536896327824876E-008  1.466876613030254E+000  6.544350891587257E-007  1.050814361806092E-002  6.711150871867565E-001  7.003013125175427E-012
  2.200000000000000E+002  2.481915932229398E-008  1.500989271707919E+000  6.541040860180938E-007  1.030670810601625E-002  6.835696755690156E-001  6.886539836703741E-012
  2.250000000000000E+002  2.429335275815338E-008  1.535101924856712E+000  6.537877724773766E-007  1.011381976134105E-002  6.959199188284363E-001  6.774706656304532E-012
  2.300000000000000E+002  2.378999432484679E-008  1.569214572475534E+000  6.534851868604342E-007  9.928930636679593E-003  7.081681372910688E-001  6.667222949578581E-012
  2.350000000000000E+002  2.330766563633887E-008  1.603327214563269E+000  6.531954496878943E-007  9.751539167403820E-003  7.203165820918345E-001  6.563822702965719E-012
  2.400000000000000E+002  2.284506563789466E-008  1.637439851118797E+000  6.529177550844950E-007  9.581185341876125E-003  7.323674365305956E-001  6.464261925021397E-012
  2.450000000000000E+002  2.240099871023675E-008  1.671552482141005E+000  6.526513632413958E-007  9.417446464112352E-003  7.443228175771872E-001  6.368316373771553E-012
  2.500000000000000E+002  2.197436419235722E-008  1.705665107628794E+000  6.523955937854911E-007  9.259933425642984E-003  7.561847774827697E-001  6.275779562489188E-012
  2.550000000000000E+002  2.156414712950890E-008  1.739777727581090E+000  6.521498199309839E-007  9.108287416512095E-003  7.679553054653873E-001  6.186461004410598E-012
  2.600000000000000E+002  2.116941008245766E-008  1.773890341996850E+000  6.519134633077038E-007  8.962177016180305E-003  7.796363294448282E-001  6.100184663370233E-012
  2.650000000000000E+002  2.078928585865757E-008  1.808002950875061E+000  6.516859893765908E-007  8.821295614066594E-003  7.912297178070736E-001  6.016787582545302E-012
  2.700000000000000E+002  2.042297104652513E-008  1.842115554214746E+000  6.514669033560825E-007  8.685359116927898E-003  8.027372811825483E-001  5.936118667763345E-012
  2.800000000000000E+002  1.972919130939490E-008  1.910340738758668E+000  6.510522167553167E-007  8.427718123295997E-003  8.254220205698188E-001  5.782566692765602E-012
  2.900000000000000E+002  1.908230253222037E-008  1.978565901155088E+000  6.506659625227984E-007  8.186865237549525E-003  8.477885475605006E-001  5.638390939084173E-012
  3.000000000000000E+002  1.847766970325616E-008  2.046791041395333E+000  6.503052942973471E-007  7.961165857866407E-003  8.698487936865211E-001  5.502683948834300E-012
  3.100000000000000E+002  1.791125045504561E-008  2.115016159472383E+000  6.499677338827294E-007  7.749191202931121E-003  8.916141582830240E-001  5.374667953634634E-012
  3.150000000000000E+002  1.764112220615129E-008  2.149128712962878E+000  6.498068855673147E-007  7.647795829745712E-003  9.024245654550260E-001  5.313282972681943E-012
  3.200000000000000E+002  1.737926472763558E-008  2.183241260905769E+000  6.496510274283470E-007  7.549385541144895E-003  9.131641960525692E-001  5.253559879681232E-012
  3.250000000000000E+002  1.712530020525353E-008  2.217353803301030E+000  6.494999288720256E-007  7.453824333608479E-003  9.238344283319405E-001  5.195434179635248E-012
  3.300000000000000E+002  1.687887369017165E-008  2.251466340148412E+000  6.493533733707173E-007  7.360987052856961E-003  9.344365606581617E-001  5.138843137261585E-012
  3.350000000000000E+002  1.663965133794221E-008  2.285578871447576E+000  6.492111573862552E-007  7.270755555841592E-003  9.449718342097293E-001  5.083725257721164E-012
  3.400000000000000E+002  1.640731883453299E-008  2.319691397198151E+000  6.490730894014043E-007  7.183018382858158E-003  9.554414441954003E-001  5.030021440104762E-012
  3.500000000000000E+002  1.596233902726618E-008  2.387916426522126E+000  6.488087534720749E-007  7.014853408356207E-003  9.761264370655892E-001  4.926726496798035E-012
  3.550000000000000E+002  1.574895853674310E-008  2.422028935633158E+000  6.486820844503248E-007  6.933986327179822E-003  9.864064420884942E-001  4.876953766498198E-012
  3.600000000000000E+002  1.554137984648985E-008  2.456141439193481E+000  6.485589013195462E-007  6.855227624298043E-003  9.966250924399491E-001  4.828378723880509E-012
  3.650000000000000E+002  1.533936717990142E-008  2.490253937203070E+000  6.484390608711277E-007  6.778491847096238E-003  1.006783452009358E+000  4.780958944272499E-012
  3.700000000000000E+002  1.514269746576764E-008  2.524366429661759E+000  6.483224276762110E-007  6.703699893313745E-003  1.016882533949252E+000  4.734653532403132E-012
  3.800000000000000E+002  1.476469727089090E-008  2.592591392392025E+000  6.480983303335247E-007  6.559844958327912E-003  1.036850684835941E+000  4.645304830013607E-012
  3.900000000000000E+002  1.440565394750019E-008  2.660816332929770E+000  6.478856005332168E-007  6.422892281333321E-003  1.056595646526652E+000  4.559965050275751E-012
  3.950000000000000E+002  1.423273273954431E-008  2.694928797645146E+000  6.477832052855194E-007  6.356759098158441E-003  1.066413234164476E+000  4.518677264274647E-012
  4.000000000000000E+002  1.406403976185984E-008  2.729041256807531E+000  6.476833415885528E-007  6.292172239363417E-003  1.076176859215960E+000  4.478279551230223E-012
  4.050000000000000E+002  1.389942023017162E-008  2.763153710417088E+000  6.475859158300670E-007  6.229075591527563E-003  1.085887383907834E+000  4.438745085517021E-012
  4.100000000000000E+002  1.373872689763717E-008  2.797266158473820E+000  6.474908389875477E-007  6.167416804267490E-003  1.095545626685831E+000  4.400047017551098E-012
  4.200000000000000E+002  1.342867212781668E-008  2.865491032391462E+000  6.473074371370847E-007  6.048364036583497E-003  1.114658708302104E+000  4.325115923480721E-012
  4.300000000000000E+002  1.313271063142629E-008  2.933715884109430E+000  6.471324595263513E-007  5.934477391060563E-003  1.133573924789284E+000  4.253228117806591E-012
  4.400000000000000E+002  1.284989425827112E-008  3.001940713625697E+000  6.469653337245481E-007  5.825417116594857E-003  1.152296725437325E+000  4.184185168411523E-012
  4.500000000000000E+002  1.257935830185224E-008  3.070165520938965E+000  6.468055381700603E-007  5.720872777280088E-003  1.170832354463652E+000  4.117810435341391E-012
  4.600000000000000E+002  1.232031255683038E-008  3.138390306048306E+000  6.466525966537526E-007  5.620560602251648E-003  1.189185827896194E+000  4.053943530054414E-012
  4.700000000000000E+002  1.207203346509043E-008  3.206615068953058E+000  6.465060734923011E-007  5.524220509732098E-003  1.207361936898740E+000  3.992437472234174E-012
  4.800000000000000E+002  1.183385722507690E-008  3.274839809652762E+000  6.463655693018834E-007  5.431613622654952E-003  1.225365257946023E+000  3.933157010315536E-012
  4.900000000000000E+002  1.160517373624429E-008  3.343064528147145E+000  6.462307172891388E-007  5.342520119226353E-003  1.243200164563109E+000  3.875977362060726E-012
  5.000000000000000E+002  1.138542126482979E-008  3.411289224436099E+000  6.461011799876607E-007  5.256737349102129E-003  1.260870839100937E+000  3.820783167196427E-012
  5.100000000000000E+002  1.117408173328704E-008  3.479513898519667E+000  6.459766463790366E-007  5.174078172670390E-003  1.278381284054972E+000  3.767467582690845E-012
  5.200000000000000E+002  1.097067655016277E-008  3.547738550398043E+000  6.458568293466763E-007  5.094369491576925E-003  1.295735332760889E+000  3.715931488980492E-012
  5.300000000000000E+002  1.077476290951480E-008  3.615963180071549E+000  6.457414634184311E-007  5.017450944629834E-003  1.312936659421475E+000  3.666082787971361E-012
  5.400000000000000E+002  1.058593049934817E-008  3.684187787540646E+000  6.456303027605113E-007  4.943173747450772E-003  1.329988788468717E+000  3.617835779064151E-012
  5.500000000000000E+002  1.040379856727625E-008  3.752412372805914E+000  6.455231193906629E-007  4.871399657539153E-003  1.346895103286884E+000  3.571110602457272E-012
  5.600000000000000E+002  1.022801329896386E-008  3.820636935868060E+000  6.454197015831444E-007  4.802000049097976E-003  1.363658854331832E+000  3.525832740955884E-012
  5.700000000000000E+002  1.005824547111317E-008  3.888861476727902E+000  6.453198524418978E-007  4.734855084193168E-003  1.380283166685266E+000  3.481932572955182E-012
  5.800000000000000E+002  9.894188346002258E-009  3.957085995386377E+000  6.452233886215765E-007  4.669852968681211E-003  1.396771047083118E+000  3.439344970382439E-012
  5.900000000000000E+002  9.735555779039441E-009  4.025310491844530E+000  6.451301391788524E-007  4.606889282910810E-003  1.413125390456216E+000  3.398008936279221E-012
  6.000000000000000E+002  9.582080514586247E-009  4.093534966103511E+000  6.450399445387651E-007  4.545866378536303E-003  1.429348986019503E+000  3.357867277442528E-012
  6.100000000000000E+002  9.433512648534512E-009  4.161759418164579E+000  6.449526555628945E-007  4.486692833914101E-003  1.445444522943958E+000  3.318866308158357E-012
  6.200000000000000E+002  9.289618238888677E-009  4.229983848029092E+000  6.448681327078262E-007  4.429282961521694E-003  1.461414595643008E+000  3.280955581579445E-012
  6.300000000000000E+002  9.150178047976662E-009  4.298208255698509E+000  6.447862452638704E-007  4.373556361668357E-003  1.477261708702931E+000  3.244087645738527E-012
  6.400000000000000E+002  9.014986401952059E-009  4.366432641174383E+000  6.447068706652236E-007  4.319437517479632E-003  1.492988281484512E+000  3.208217821564189E-012
  6.500000000000000E+002  8.883850155009051E-009  4.434657004458365E+000  6.446298938638836E-007  4.266855426751866E-003  1.508596652421077E+000  3.173304000588281E-012
  6.600000000000000E+002  8.756587747250472E-009  4.502881345552199E+000  6.445552067605243E-007  4.215743266803748E-003  1.524089083036039E+000  3.139306460311515E-012
  6.700000000000000E+002  8.633028346465489E-009  4.571105664457713E+000  6.444827076863867E-007  4.166038088911386E-003  1.539467761701236E+000  3.106187695433574E-012
  6.800000000000000E+002  8.513011065215709E-009  4.639329961176833E+000  6.444123009309110E-007  4.117680539312341E-003  1.554734807155624E+000  3.073912263361927E-012
  6.900000000000000E+002  8.396384245622096E-009  4.707554235711564E+000  6.443438963104732E-007  4.070614604111151E-003  1.569892271802257E+000  3.042446642594428E-012
  7.000000000000000E+002  8.283004805111718E-009  4.775778488063995E+000  6.442774087741017E-007  4.024787375721526E-003  1.584942144800100E+000  3.011759102728297E-012
  7.100000000000000E+002  8.172737637140084E-009  4.844002718236302E+000  6.442127580425268E-007  3.980148838744847E-003  1.599886354965793E+000  2.981819584985817E-012
  7.200000000000000E+002  8.065455061567441E-009  4.912226926230737E+000  6.441498682773166E-007  3.936651673416213E-003  1.614726773499320E+000  2.952599592267800E-012
  7.400000000000000E+002  7.859446235722800E-009  5.048675253584365E+000  6.440291179562211E-007  3.853039031399952E-003  1.644005289275208E+000  2.896284041219451E-012
  7.600000000000000E+002  7.663997085521266E-009  5.185123492313189E+000  6.439145946221482E-007  3.773469916652095E-003  1.672894521040605E+000  2.842539438636545E-012
  7.700000000000000E+002  7.569944466473030E-009  5.253347589508338E+000  6.438595049835536E-007  3.735047880502376E-003  1.687243651694876E+000  2.816542048521224E-012
  7.800000000000000E+002  7.478240957710710E-009  5.321571664538792E+000  6.438057992631358E-007  3.697530527045166E-003  1.701498998601497E+000  2.791117186791228E-012
  7.900000000000000E+002  7.388798725831422E-009  5.389795717407972E+000  6.437534254199359E-007  3.660885189092883E-003  1.715662140832511E+000  2.766247123690369E-012
  8.000000000000000E+002  7.301534294627694E-009  5.458019748119030E+000  6.437023340062334E-007  3.625080776421431E-003  1.729734593536409E+000  2.741913502626257E-012
  8.200000000000000E+002  7.133283195692531E-009  5.594467720983154E+000  6.436038340566578E-007  3.555979721065077E-003  1.757527144203995E+000  2.694840517491445E-012
  8.400000000000000E+002  6.972831657220756E-009  5.730915605305777E+000  6.435099250583884E-007  3.489894465573614E-003  1.784977891954949E+000  2.649708054661131E-012
  8.600000000000000E+002  6.819644512304585E-009  5.867363401108356E+000  6.434202902656039E-007  3.426624300309766E-003  1.812097109331036E+000  2.606388939187243E-012
  8.800000000000000E+002  6.673234637056411E-009  6.003811108414296E+000  6.433346415296137E-007  3.365986361090688E-003  1.838894638065877E+000  2.564769204567548E-012
  9.000000000000000E+002  6.533157682109368E-009  6.140258727248284E+000  6.432527161412349E-007  3.307813587611221E-003  1.865379883427472E+000  2.524744900325627E-012
  9.200000000000000E+002  6.399007473115986E-009  6.276706257636027E+000  6.431742740794343E-007  3.251952994922274E-003  1.891561831504904E+000  2.486220726141814E-012
  9.400000000000000E+002  6.270411990234941E-009  6.413153699604102E+000  6.430990956089498E-007  3.198264197287231E-003  1.917449071140616E+000  2.449109065162893E-012
  9.600000000000000E+002  6.147029844830706E-009  6.549601053179853E+000  6.430269791768488E-007  3.146618121805435E-003  1.943049816530133E+000  2.413329185333813E-012
  9.800000000000000E+002  6.028547183598669E-009  6.686048318391305E+000  6.429577395656815E-007  3.096895879860050E-003  1.968371929156339E+000  2.378806553563615E-012
  1.000000000000000E+003  5.914674961013437E-009  6.822495495267117E+000  6.428912062674970E-007  3.048987772877615E-003  1.993422938553241E+000  2.345472237410333E-012
  1.020000000000000E+003  5.805146530040676E-009  6.958942583836508E+000  6.428272220485246E-007  3.002792413495689E-003  2.018210061735097E+000  2.313262378451125E-012
  1.040000000000000E+003  5.699715508630052E-009  7.095389584129223E+000  6.427656416789326E-007  2.958215946493395E-003  2.042740221277407E+000  2.282117726051364E-012
  1.060000000000000E+003  5.598153885843975E-009  7.231836496175476E+000  6.427063308059235E-007  2.915171356344310E-003  2.067020062102768E+000  2.251983222867158E-012
  1.080000000000000E+003  5.500250336781893E-009  7.368283320005916E+000  6.426491649516250E-007  2.873577850254661E-003  2.091055967051987E+000  2.222807635115690E-012
  1.100000000000000E+003  5.405808719910256E-009  7.504730055651582E+000  6.425940286199426E-007  2.833360307188914E-003  2.114854071329766E+000  2.194543221853790E-012
  1.120000000000000E+003  5.314646734151663E-009  7.641176703143868E+000  6.425408144987733E-007  2.794448784744426E-003  2.138420275914370E+000  2.167145438417402E-012
  1.140000000000000E+003  5.226594716244230E-009  7.777623262514501E+000  6.424894227459056E-007  2.756778076874737E-003  2.161760260016546E+000  2.140572669894756E-012
  1.160000000000000E+003  5.141494561553729E-009  7.914069733795483E+000  6.424397603485298E-007  2.720287316419471E-003  2.184879492667204E+000  2.114785991091104E-012
  1.180000000000000E+003  5.059198753787565E-009  8.050516117019081E+000  6.423917405476405E-007  2.684919617210191E-003  2.207783243506873E+000  2.089748949926933E-012
  1.200000000000000E+003  4.979569490988439E-009  8.186962412217794E+000  6.423452823197865E-007  2.650621751211119E-003  2.230476592843613E+000  2.065427371617365E-012
  1.220000000000000E+003  4.902477896831284E-009  8.323408619424319E+000  6.423003099095980E-007  2.617343856741931E-003  2.252964441039937E+000  2.041789181323693E-012
  1.240000000000000E+003  4.827803307655309E-009  8.459854738671529E+000  6.422567524073807E-007  2.585039174333270E-003  2.275251517283700E+000  2.018804243260330E-012
  1.260000000000000E+003  4.755432626871042E-009  8.596300769992450E+000  6.422145433667718E-007  2.553663807197704E-003  2.297342387792754E+000  1.996444214490753E-012
  1.280000000000000E+003  4.685259739421365E-009  8.732746713420237E+000  6.421736204581000E-007  2.523176503670806E-003  2.319241463498504E+000  1.974682411861189E-012
  1.300000000000000E+003  4.617184979871506E-009  8.869192568988145E+000  6.421339251536076E-007  2.493538459298000E-003  2.340953007249323E+000  1.953493690706568E-012
  1.320000000000000E+003  4.551114648477341E-009  9.005638336729518E+000  6.420954024411704E-007  2.464713136520500E-003  2.362481140570993E+000  1.932854334124087E-012
  1.340000000000000E+003  4.486960570252231E-009  9.142084016677765E+000  6.420580005635377E-007  2.436666100154451E-003  2.383829850017966E+000  1.912741951749288E-012
  1.360000000000000E+003  4.424639692635202E-009  9.278529608866336E+000  6.420216707804900E-007  2.409364867066748E-003  2.405002993146187E+000  1.893135387091176E-012
  1.380000000000000E+003  4.364073717870212E-009  9.414975113328708E+000  6.419863671515775E-007  2.382778768633320E-003  2.426004304135516E+000  1.874014632588937E-012
  1.400000000000000E+003  4.305188766648258E-009  9.551420530098374E+000  6.419520463374023E-007  2.356878824724880E-003  2.446837399087303E+000  1.855360751645594E-012
  1.450000000000000E+003  4.164956997809089E-009  9.892533524808552E+000  6.418703063834726E-007  2.295122643467016E-003  2.497914176513955E+000  1.810759370346632E-012
  1.500000000000000E+003  4.033801985730803E-009  1.023364597274545E+001  6.417938724499426E-007  2.237075243055393E-003  2.548032801808879E+000  1.768703807140062E-012
  1.510000000000000E+003  4.008564931284642E-009  1.030186844044312E+001  6.417791707653228E-007  2.225841154655499E-003  2.558018770194697E+000  1.760555549002964E-012
  1.520000000000000E+003  3.983650436885961E-009  1.037009088625857E+001  6.417646574834901E-007  2.214740040560792E-003  2.567967467842017E+000  1.752496760165549E-012
  1.540000000000000E+003  3.934772680306409E-009  1.050653569042295E+001  6.417361844592896E-007  2.192945936902105E-003  2.587718762747945E+000  1.736655274838014E-012
  1.560000000000000E+003  3.887111969057920E-009  1.064298040715549E+001  6.417084222689336E-007  2.171654871335883E-003  2.607326852024528E+000  1.721159679567460E-012
  1.580000000000000E+003  3.840622912148164E-009  1.077942503649047E+001  6.416813443280427E-007  2.150848873092915E-003  2.626794535554944E+000  1.705998194596890E-012
  1.600000000000000E+003  3.795262362461700E-009  1.091586957846157E+001  6.416549253696465E-007  2.130510815399501E-003  2.646124517507987E+000  1.691159607217230E-012
  1.620000000000000E+003  3.750989278537924E-009  1.105231403310205E+001  6.416291413629796E-007  2.110624374705234E-003  2.665319415167355E+000  1.676633171319715E-012
  1.640000000000000E+003  3.707764596733282E-009  1.118875840044486E+001  6.416039694383450E-007  2.091173986782023E-003  2.684381765763667E+000  1.662408596450318E-012
  1.660000000000000E+003  3.665551112821804E-009  1.132520268052264E+001  6.415793878174916E-007  2.072144804928653E-003  2.703314031586527E+000  1.648476035170243E-012
  1.680000000000000E+003  3.624313372142828E-009  1.146164687336784E+001  6.415553757490021E-007  2.053522660031992E-003  2.722118604030017E+000  1.634826065897656E-012
  1.700000000000000E+003  3.584017567533756E-009  1.159809097901266E+001  6.415319134482529E-007  2.035294022773032E-003  2.740797806958431E+000  1.621449673778148E-012
  1.710000000000000E+003  3.564209797767495E-009  1.166631301003449E+001  6.415203815462996E-007  2.026316221956587E-003  2.750106387553954E+000  1.614857363176024E-012
  1.720000000000000E+003  3.544625632855845E-009  1.173453501926049E+001  6.415089801221814E-007  2.017432117801870E-003  2.759384249756506E+000  1.608329971736158E-012
  1.740000000000000E+003  3.506118568738593E-009  1.187097895057918E+001  6.414865616912262E-007  1.999952405493684E-003  2.777819161223580E+000  1.595474559899590E-012
  1.760000000000000E+003  3.468460974582594E-009  1.200742279479444E+001  6.414646389294035E-007  1.982829163840809E-003  2.796135346573550E+000  1.582868346194203E-012
  1.780000000000000E+003  3.431624749603059E-009  1.214386655193702E+001  6.414431953990226E-007  1.966051057504195E-003  2.814334865848201E+000  1.570503499075978E-012
  1.800000000000000E+003  3.395583024648799E-009  1.228031022203774E+001  6.414222153848811E-007  1.949607249762355E-003  2.832419733181561E+000  1.558372669879186E-012
  1.820000000000000E+003  3.360310095834481E-009  1.241675380512737E+001  6.414016838551098E-007  1.933487368843505E-003  2.850391913674799E+000  1.546468851404332E-012
  1.840000000000000E+003  3.325781362096727E-009  1.255319730123654E+001  6.413815864244138E-007  1.917681479457003E-003  2.868253323126901E+000  1.534785337290596E-012
  1.860000000000000E+003  3.291973266615454E-009  1.268964071039568E+001  6.413619093196207E-007  1.902180058519912E-003  2.886005828716498E+000  1.523315698615086E-012
  1.880000000000000E+003  3.258863241884344E-009  1.282608403263506E+001  6.413426393473932E-007  1.886973973172268E-003  2.903651250085641E+000  1.512053766194085E-012
  1.900000000000000E+003  3.226429658193124E-009  1.296252726798471E+001  6.413237638639535E-007  1.872054460486865E-003  2.921191360592722E+000  1.500993615770873E-012
  1.950000000000000E+003  3.148200062348474E-009  1.330363481395741E+001  6.412782318251431E-007  1.836029869272669E-003  2.964405823389736E+000  1.474238791271850E-012
  2.000000000000000E+003  3.073765090180324E-009  1.364474181793138E+001  6.412349127512581E-007  1.801614679328704E-003  3.007008414057826E+000  1.448625278857909E-012
  2.010000000000000E+003  3.059302045316055E-009  1.371296319703581E+001  6.412264979989316E-007  1.794896897779866E-003  3.015504747256280E+000  1.443621833833474E-012
  2.020000000000000E+003  3.044977967760646E-009  1.378118455445574E+001  6.412181642462516E-007  1.788238450426939E-003  3.023977143282316E+000  1.438659686411054E-012
  2.040000000000000E+003  3.016742039046507E-009  1.391762718260486E+001  6.412017361059569E-007  1.775105104733941E-003  3.040827716620452E+000  1.428863711133192E-012
  2.060000000000000E+003  2.989038088955659E-009  1.405406972409270E+001  6.411856180414775E-007  1.762199489337612E-003  3.057585557917647E+000  1.419229302197204E-012
  2.080000000000000E+003  2.961851063521930E-009  1.419051217894813E+001  6.411698012607929E-007  1.749515472636429E-003  3.074252108396315E+000  1.409752346610945E-012
  2.100000000000000E+003  2.935166475669866E-009  1.432695454719939E+001  6.411542773034952E-007  1.737047136603798E-003  3.090828765058992E+000  1.400428868646056E-012
  2.150000000000000E+003  2.870584059938036E-009  1.466805992714226E+001  6.411167022631037E-007  1.706840223469516E-003  3.131726072440373E+000  1.377805240009723E-012
  2.200000000000000E+003  2.808849154983912E-009  1.500916476677287E+001  6.410807868178428E-007  1.677857224538796E-003  3.172097820515552E+000  1.356058817969333E-012
  2.250000000000000E+003  2.749775716530117E-009  1.535026906647812E+001  6.410464223229827E-007  1.650021612036919E-003  3.211962254775143E+000  1.335135427588989E-012
  2.300000000000000E+003  2.693193634661027E-009  1.569137282664245E+001  6.410135094605718E-007  1.623263416916433E-003  3.251336750541500E+000  1.314986384117083E-012
  2.350000000000000E+003  2.638947067230784E-009  1.603247604764316E+001  6.409819572601405E-007  1.597518427730104E-003  3.290237766489499E+000  1.295567167458337E-012
  2.400000000000000E+003  2.586892973153385E-009  1.637357872984887E+001  6.409516822382725E-007  1.572727571135213E-003  3.328680869207657E+000  1.276836811519841E-012
  2.450000000000000E+003  2.536899821554778E-009  1.671468087361890E+001  6.409226076419320E-007  1.548836391178731E-003  3.366680778271253E+000  1.258757494422444E-012
  2.500000000000000E+003  2.488846453694302E-009  1.705578247930314E+001  6.408946627816448E-007  1.525794597495191E-003  3.404251416043061E+000  1.241294216537793E-012
  2.550000000000000E+003  2.442621077304485E-009  1.739688354724197E+001  6.408677824424653E-007  1.503555668120718E-003  3.441405956907724E+000  1.224414528983089E-012
  2.600000000000000E+003  2.398120375825105E-009  1.773798407776644E+001  6.408419063623889E-007  1.482076498012684E-003  3.478156874188957E+000  1.208088297363337E-012
  2.650000000000000E+003  2.355248717535797E-009  1.807908407119830E+001  6.408169787693685E-007  1.461317086752548E-003  3.514515984251676E+000  1.192287493187038E-012
  2.700000000000000E+003  2.313917451761809E-009  1.842018352785020E+001  6.407929479694087E-007  1.441240260231715E-003  3.550494487742461E+000  1.176986008346837E-012
  2.750000000000000E+003  2.274044281166499E-009  1.876128244802585E+001  6.407697659792627E-007  1.421811421998650E-003  3.586103008082308E+000  1.162159489385251E-012
  2.800000000000000E+003  2.235552700697403E-009  1.910238083202024E+001  6.407473881982040E-007  1.402998330602789E-003  3.621351627377759E+000  1.147785188974772E-012
  2.850000000000000E+003  2.198371495065221E-009  1.944347868011980E+001  6.407257731140937E-007  1.384770899795769E-003  3.656249919927518E+000  1.133841832491336E-012
  2.900000000000000E+003  2.162434287746491E-009  1.978457599260267E+001  6.407048820396387E-007  1.367101018883647E-003  3.690806983496839E+000  1.120309497884764E-012
  2.950000000000000E+003  2.127679135444067E-009  2.012567276973887E+001  6.406846788752736E-007  1.349962390887453E-003  3.725031468521637E+000  1.107169507303818E-012
  3.000000000000000E+003  2.094048162742654E-009  2.046676901179061E+001  6.406651298955796E-007  1.333330386477442E-003  3.758931605392260E+000  1.094404329140882E-012
  3.050000000000000E+003  2.061487232381909E-009  2.080786471901247E+001  6.406462035565597E-007  1.317181911908896E-003  3.792515229954839E+000  1.081997489335058E-012
  3.100000000000000E+003  2.029945647156326E-009  2.114895989165169E+001  6.406278703214264E-007  1.301495289412107E-003  3.825789807356895E+000  1.069933490919707E-012
  3.150000000000000E+003  1.999375879954348E-009  2.149005452994839E+001  6.406101025028586E-007  1.286250148682045E-003  3.858762454353414E+000  1.058197740926443E-012
  3.200000000000000E+003  1.969733328882196E-009  2.183114863413583E+001  6.405928741199363E-007  1.271427328279524E-003  3.891439960180136E+000  1.046776483865908E-012
  3.250000000000000E+003  1.940976094791321E-009  2.217224220444070E+001  6.405761607681835E-007  1.257008785899139E-003  3.923828806092218E+000  1.035656741099154E-012
  3.300000000000000E+003  1.913064778851180E-009  2.251333524108329E+001  6.405599395013365E-007  1.242977516583600E-003  3.955935183658728E+000  1.024826255494401E-012
  3.350000000000000E+003  1.885962298088760E-009  2.285442774427785E+001  6.405441887236209E-007  1.229317478071899E-003  3.987765011896314E+000  1.014273440834289E-012
  3.400000000000000E+003  1.859633717059160E-009  2.319551971423276E+001  6.405288880914608E-007  1.216013522562560E-003  4.019323953319134E+000  1.003987335499958E-012
  3.450000000000000E+003  1.834046094023012E-009  2.353661115115079E+001  6.405140184236702E-007  1.203051334255002E-003  4.050617428976346E+000  9.939575600116936E-013
  3.500000000000000E+003  1.809168340190841E-009  2.387770205522938E+001  6.404995616192846E-007  1.190417372103449E-003  4.081650632543234E+000  9.841742780526017E-013
  3.550000000000000E+003  1.784971090755696E-009  2.421879242666079E+001  6.404855005822804E-007  1.178098817280358E-003  4.112428543527295E+000  9.746281606427431E-013
  3.600000000000000E+003  1.761426586576479E-009  2.455988226563251E+001  6.404718191525226E-007  1.166083524901169E-003  4.142955939646283E+000  9.653103531670682E-013
  3.650000000000000E+003  1.738508565498242E-009  2.490097157232723E+001  6.404585020423401E-007  1.154359979610360E-003  4.173237408431224E+000  9.562124449921551E-013
  3.700000000000000E+003  1.716192162404629E-009  2.524206034692332E+001  6.404455347782074E-007  1.142917254671263E-003  4.203277358103782E+000  9.473264414346398E-013
  3.750000000000000E+003  1.694453817193467E-009  2.558314858959490E+001  6.404329036470511E-007  1.131744974239442E-003  4.233080027774047E+000  9.386447378688250E-013
  3.800000000000000E+003  1.673271189951152E-009  2.592423630051204E+001  6.404205956467633E-007  1.120833278532633E-003  4.262649497001695E+000  9.301600957827735E-013
  3.850000000000000E+003  1.652623082676245E-009  2.626532347984108E+001  6.404085984405401E-007  1.110172791639390E-003  4.291989694760649E+000  9.218656206114634E-013
  3.900000000000000E+003  1.632489366968850E-009  2.660641012774471E+001  6.403969003147065E-007  1.099754591734656E-003  4.321104407844813E+000  9.137547411927212E-013
  4.000000000000000E+003  1.593699653367207E-009  2.728858129950713E+001  6.403743598724039E-007  1.079648243274858E-003  4.378455859870355E+000  8.980871867414047E-013
  4.100000000000000E+003  1.556748622775912E-009  2.797075034840725E+001  6.403528886129192E-007  1.060410548459145E-003  4.434956118651519E+000  8.830799661670474E-013
  4.150000000000000E+003  1.538917444755444E-009  2.831183434218810E+001  6.403425291171299E-007  1.051082742374474E-003  4.462997671324044E+000  8.757977922739026E-013
  4.200000000000000E+003  1.521498947828669E-009  2.865291780545867E+001  6.403324095214906E-007  1.041951801862456E-003  4.490833916972181E+000  8.686652983762993E-013
  4.250000000000000E+003  1.504478868075841E-009  2.899400073836196E+001  6.403225215280752E-007  1.033011365368951E-003  4.518467853105875E+000  8.616780290244857E-013
  4.300000000000000E+003  1.487843594885524E-009  2.933508314103627E+001  6.403128572191992E-007  1.024255306754998E-003  4.545902354724221E+000  8.548314682474285E-013
  4.350000000000000E+003  1.471580133114792E-009  2.967616501361784E+001  6.403034090355195E-007  1.015677755289529E-003  4.573140211550708E+000  8.481212340213378E-013
  4.400000000000000E+003  1.455676068464619E-009  3.001724635624143E+001  6.402941697558773E-007  1.007273090550824E-003  4.600184137636192E+000  8.415431182200398E-013
  4.500000000000000E+003  1.424906325366763E-009  3.069940692307711E+001  6.402762923742540E-007  9.909883139385097E-004  4.653513776099174E+000  8.287882539081642E-013
  4.600000000000000E+003  1.395437564658282E-009  3.138156537252053E+001  6.402591712995470E-007  9.753309994761218E-004  4.706104978681060E+000  8.165138987654303E-013
  4.700000000000000E+003  1.367188446645793E-009  3.206372170558927E+001  6.402427592142782E-007  9.602641879795039E-004  4.757976748815596E+000  8.046921153149864E-013
  4.750000000000000E+003  1.353494640203842E-009  3.240479934306594E+001  6.402348045662574E-007  9.529297023113286E-004  4.783735728725566E+000  7.989338392037692E-013
  4.800000000000000E+003  1.340078387628382E-009  3.274587645161721E+001  6.402270112230200E-007  9.457307663315886E-004  4.809320102454904E+000  7.932795024135479E-013
  4.850000000000000E+003  1.326931277782895E-009  3.308695303136454E+001  6.402193742935178E-007  9.386635368971994E-004  4.834732005245348E+000  7.877263656612601E-013
  4.900000000000000E+003  1.314045237395532E-009  3.342802908242729E+001  6.402118890832556E-007  9.317242921034677E-004  4.859973510380442E+000  7.822716358813699E-013
  5.000000000000000E+003  1.289030907338585E-009  3.411017907109598E+001  6.401973572590715E-007  9.182363670531095E-004  4.909788588255243E+000  7.716626976163942E-013
  5.100000000000000E+003  1.264971172246298E-009  3.479232694724006E+001  6.401833802637249E-007  9.052174630663526E-004  4.958951215883895E+000  7.614148759255699E-013
  5.200000000000000E+003  1.241812057570613E-009  3.547447271179591E+001  6.401699267086620E-007  8.926425978423029E-004  5.007476387103502E+000  7.515091326245084E-013
  5.300000000000000E+003  1.219503596149131E-009  3.615661636568571E+001  6.401569675372909E-007  8.804885843130693E-004  5.055378445956077E+000  7.419279100113587E-013
  5.400000000000000E+003  1.197999461955089E-009  3.683875790982001E+001  6.401444758117021E-007  8.687338463906663E-004  5.102671144249350E+000  7.326548409607315E-013
  5.500000000000000E+003  1.177256643330770E-009  3.752089734510044E+001  6.401324265224274E-007  8.573582803004819E-004  5.149367699858390E+000  7.236746450391662E-013
  5.600000000000000E+003  1.157235151020030E-009  3.820303467242158E+001  6.401207964184563E-007  8.463431314415202E-004  5.195480840538174E+000  7.149730459134303E-013
  5.700000000000000E+003  1.137897756671651E-009  3.888516989267200E+001  6.401095638549896E-007  8.356708827160146E-004  5.241022838489077E+000  7.065366933570749E-013
  5.800000000000000E+003  1.119209758112975E-009  3.956730300673505E+001  6.400987086567920E-007  8.253251533880588E-004  5.286005539498227E+000  6.983530903842521E-013
  5.900000000000000E+003  1.101138768225484E-009  4.024943401548947E+001  6.400882119952892E-007  8.152906075948542E-004  5.330440388464017E+000  6.904105263252307E-013
  6.000000000000000E+003  1.083654524687748E-009  4.093156291980965E+001  6.400780562778258E-007  8.055528715619429E-004  5.374338452159545E+000  6.826980158168551E-013
  6.100000000000000E+003  1.066728718212117E-009  4.161368972056613E+001  6.400682250476950E-007  7.960984586064270E-004  5.417710439712324E+000  6.752052432973419E-013
  6.200000000000000E+003  1.050334837207015E-009  4.229581441862575E+001  6.400587028937318E-007  7.869147010943274E-004  5.460566721125333E+000  6.679225124966153E-013
  6.300000000000000E+003  1.034448027057711E-009  4.297793701485184E+001  6.400494753684266E-007  7.779896886101463E-004  5.502917344093981E+000  6.608407004236794E-013
  6.400000000000000E+003  1.019044962442589E-009  4.366005751010429E+001  6.400405289136227E-007  7.693122116834032E-004  5.544772049332401E+000  6.539512153950413E-013
  6.500000000000000E+003  1.004103731295174E-009  4.434217590523970E+001  6.400318507930002E-007  7.608717104942474E-004  5.586140284593166E+000  6.472459586963659E-013
  6.600000000000000E+003  9.896037291892481E-010  4.502429220111124E+001  6.400234290306273E-007  7.526582280481185E-004  5.627031217540500E+000  6.407172895149726E-013
  6.700000000000000E+003  9.755255630690985E-010  4.570640639856884E+001  6.400152523549501E-007  7.446623673685688E-004  5.667453747616685E+000  6.343579928215333E-013
  6.800000000000000E+003  9.618509633727294E-010  4.638851849845891E+001  6.400073101476702E-007  7.368752523089685E-004  5.707416517023239E+000  6.281612499152107E-013
  6.900000000000000E+003  9.485627037053038E-010  4.707062850162446E+001  6.399995923970174E-007  7.292884916288495E-004  5.746927920922685E+000  6.221206113779389E-013
  7.000000000000000E+003  9.356445273155861E-010  4.775273640890493E+001  6.399920896549816E-007  7.218941460200328E-004  5.785996116952822E+000  6.162299722111582E-013
  7.100000000000000E+003  9.230810797116393E-010  4.843484222113609E+001  6.399847929981154E-007  7.146846978021709E-004  5.824629034133157E+000  6.104835489525334E-013
  7.200000000000000E+003  9.108578468251280E-010  4.911694593914998E+001  6.399776939915716E-007  7.076530230376339E-004  5.862834381232465E+000  6.048758585915112E-013
  7.300000000000000E+003  8.989610981977641E-010  4.979904756377471E+001  6.399707846560567E-007  7.007923658422697E-004  5.900619654657144E+000  5.994016991213478E-013
  7.400000000000000E+003  8.873778347198286E-010  5.048114709583447E+001  6.399640574374372E-007  6.940963146920117E-004  5.937992145911840E+000  5.940561315818221E-013
  7.500000000000000E+003  8.760957405004042E-010  5.116324453614929E+001  6.399575051787504E-007  6.875587805460037E-004  5.974958948676851E+000  5.888344634615493E-013
  7.600000000000000E+003  8.651031384927985E-010  5.184533988553506E+001  6.399511210943966E-007  6.811739766251856E-004  6.011526965540590E+000  5.837322333418019E-013
  7.700000000000000E+003  8.543889495373911E-010  5.252743314480330E+001  6.399448987463223E-007  6.749363997014826E-004  6.047702914420187E+000  5.787451966753224E-013
  7.800000000000000E+003  8.439426545184765E-010  5.320952431476115E+001  6.399388320220166E-007  6.688408127671137E-004  6.083493334698668E+000  5.738693126039052E-013
  7.900000000000000E+003  8.337542593620891E-010  5.389161339621119E+001  6.399329151141546E-007  6.628822289663029E-004  6.118904593103284E+000  5.691007317276997E-013
  8.000000000000000E+003  8.238142626288670E-010  5.457370038995152E+001  6.399271425017561E-007  6.570558966830547E-004  6.153942889346089E+000  5.644357847473987E-013
  8.100000000000000E+003  8.141136254800540E-010  5.525578529677544E+001  6.399215089327224E-007  6.513572856888052E-004  6.188614261545076E+000  5.598709719078060E-013
  8.200000000000000E+003  8.046437438161855E-010  5.593786811747155E+001  6.399160094076357E-007  6.457820742628165E-004  6.222924591441544E+000  5.554029531778645E-013
  8.300000000000000E+003  7.953964224071518E-010  5.661994885282371E+001  6.399106391647207E-007  6.403261372063029E-004  6.256879609427438E+000  5.510285391081334E-013
  8.400000000000000E+003  7.863638508494247E-010  5.730202750361084E+001  6.399053936658630E-007  6.349855346785451E-004  6.290484899394368E+000  5.467446823120088E-013
  8.500000000000000E+003  7.775385812015393E-010  5.798410407060701E+001  6.399002685836092E-007  6.297565017897621E-004  6.323745903414702E+000  5.425484695217672E-013
  8.600000000000000E+003  7.689135071626538E-010  5.866617855458137E+001  6.398952597890615E-007  6.246354388913883E-004  6.356667926263606E+000  5.384371141748154E-013
  8.700000000000000E+003  7.604818446713161E-010  5.934825095629807E+001  6.398903633405986E-007  6.196189025096668E-004  6.389256139790031E+000  5.344079494894269E-013
  8.800000000000000E+003  7.522371138126219E-010  6.003032127651633E+001  6.398855754733581E-007  6.147035968732237E-004  6.421515587143428E+000  5.304584219927491E-013
  8.900000000000000E+003  7.441731219319228E-010  6.071238951599037E+001  6.398808925894185E-007  6.098863659895778E-004  6.453451186862510E+000  5.265860854670485E-013
  9.000000000000000E+003  7.362839478621874E-010  6.139445567546942E+001  6.398763112486330E-007  6.051641862294062E-004  6.485067736831459E+000  5.227885952830378E-013
  9.100000000000000E+003  7.285639271802261E-010  6.207651975569777E+001  6.398718281600572E-007  6.005341593808933E-004  6.516369918108520E+000  5.190637030917383E-013
  9.200000000000000E+003  7.210076384142825E-010  6.275858175741471E+001  6.398674401739321E-007  5.959935061396478E-004  6.547362298631553E+000  5.154092518486911E-013
  9.300000000000000E+003  7.136098901321022E-010  6.344064168135463E+001  6.398631442741788E-007  5.915395600025558E-004  6.578049336804562E+000  5.118231711464918E-013
  9.400000000000000E+003  7.063657088445611E-010  6.412269952824695E+001  6.398589375713677E-007  5.871697615365312E-004  6.608435384969012E+000  5.083034728335657E-013
  9.600000000000000E+003  6.923222464597832E-010  6.548680692069622E+001  6.398507814958986E-007  5.786894365952093E-004  6.668033182888596E+000  5.014685827942736E-013
  9.800000000000000E+003  6.788380104270953E-010  6.685090601736817E+001  6.398429502952122E-007  5.705161982439772E-004  6.726488285814908E+000  4.948764254352759E-013
  9.900000000000000E+003  6.722937970562950E-010  6.753295349217787E+001  6.398391501507713E-007  5.665317300445678E-004  6.755434812813194E+000  4.916612348108152E-013
  1.000000000000000E+004  6.658773033039296E-010  6.821499889417774E+001  6.398354241870998E-007  5.626180183819374E-004  6.784104193745136E+000  4.885019659985344E-013
  1.010000000000000E+004  6.595847992133866E-010  6.889704222407300E+001  6.398317702374056E-007  5.587731225463734E-004  6.812500182332794E+000  4.853971244865032E-013
  1.020000000000000E+004  6.534126992449504E-010  6.957908348256257E+001  6.398281862188054E-007  5.549951725524302E-004  6.840626438833777E+000  4.823452577699535E-013
  1.040000000000000E+004  6.414184715980101E-010  7.094315772037577E+001  6.398212205871910E-007  5.476465920677716E-004  6.895824968750902E+000  4.764055681269104E-013
  1.060000000000000E+004  6.298659101026716E-010  7.230722368431871E+001  6.398145115194576E-007  5.405440684800593E-004  6.949995990874642E+000  4.706609980137530E-013
  1.080000000000000E+004  6.187308945959938E-010  7.367128137966078E+001  6.398080450006640E-007  5.336749555195122E-004  7.003165084239864E+000  4.651016165887946E-013
  1.100000000000000E+004  6.079910351416162E-010  7.503533081162685E+001  6.398018080215354E-007  5.270274800524290E-004  7.055356880044420E+000  4.597181935184985E-013
  1.120000000000000E+004  5.976255195417998E-010  7.639937198539047E+001  6.397957884897826E-007  5.205906651535088E-004  7.106595070970104E+000  4.545021254744312E-013
  1.140000000000000E+004  5.876149766140203E-010  7.776340490607082E+001  6.397899751505991E-007  5.143542616749038E-004  7.156902440256159E+000  4.494453782389414E-013
  1.160000000000000E+004  5.779413533947779E-010  7.912742957873260E+001  6.397843575152663E-007  5.083086873244592E-004  7.206300903451863E+000  4.445404363787823E-013
  1.180000000000000E+004  5.685878046774665E-010  8.049144600838710E+001  6.397789257969374E-007  5.024449722955340E-004  7.254811553854501E+000  4.397802599648669E-013
  1.200000000000000E+004  5.595385934779485E-010  8.185545419999393E+001  6.397736708527773E-007  4.967547103885365E-004  7.302454707403591E+000  4.351582464493995E-013
  1.220000000000000E+004  5.507790011921713E-010  8.321945415846268E+001  6.397685841317387E-007  4.912300148566997E-004  7.349249945551686E+000  4.306681965156845E-013
  1.240000000000000E+004  5.422952463638465E-010  8.458344588865474E+001  6.397636576273454E-007  4.858634784021925E-004  7.395216155680451E+000  4.263042832356787E-013
  1.260000000000000E+004  5.340744111149271E-010  8.594742939538516E+001  6.397588838349325E-007  4.806481368559893E-004  7.440371568993018E+000  4.220610240992335E-013
  1.280000000000000E+004  5.261043744084520E-010  8.731140468342433E+001  6.397542557128564E-007  4.755774361436406E-004  7.484733795943498E+000  4.179332555811547E-013
  1.300000000000000E+004  5.183737514144369E-010  8.867537175749966E+001  6.397497666472545E-007  4.706452021907235E-004  7.528319859314760E+000  4.139161099687237E-013
  1.320000000000000E+004  5.108718383370258E-010  9.003933062229716E+001  6.397454104199789E-007  4.658456134640421E-004  7.571146225075652E+000  4.100049942112185E-013
  1.340000000000000E+004  5.035885621370709E-010  9.140328128246297E+001  6.397411811793782E-007  4.611731758806068E-004  7.613228831155977E+000  4.061955705834274E-013
  1.360000000000000E+004  4.965144346503221E-010  9.276722374260484E+001  6.397370734136314E-007  4.566226998474779E-004  7.654583114277550E+000  4.024837389804042E-013
  1.380000000000000E+004  4.896405106589009E-010  9.413115800729341E+001  6.397330819263816E-007  4.521892792225587E-004  7.695224034976413E+000  3.988656206822251E-013
  1.400000000000000E+004  4.829583495239081E-010  9.549508408106357E+001  6.397292018144400E-007  4.478682720099827E-004  7.735166100945810E+000  3.953375434460114E-013
  1.420000000000000E+004  4.764599800308752E-010  9.685900196841554E+001  6.397254284473553E-007  4.436552826243450E-004  7.774423388822708E+000  3.918960277985375E-013
  1.440000000000000E+004  4.701378681381943E-010  9.822291167381616E+001  6.397217574486738E-007  4.395461455760481E-004  7.813009564533805E+000  3.885377744166792E-013
  1.460000000000000E+004  4.639848873523698E-010  9.958681320169984E+001  6.397181846787220E-007  4.355369104458759E-004  7.850937902309227E+000  3.852596524951685E-013
  1.480000000000000E+004  4.579942914835780E-010  1.009507065564695E+002  6.397147062187767E-007  4.316238280307995E-004  7.888221302464998E+000  3.820586890117603E-013
  1.500000000000000E+004  4.521596895611227E-010  1.023145917424976E+002  6.397113183564891E-007  4.278033375552799E-004  7.924872308048027E+000  3.789320588093076E-013
  1.520000000000000E+004  4.464750227114114E-010  1.036784687641269E+002  6.397080175724472E-007  4.240720548531487E-004  7.960903120430494E+000  3.758770754224811E-013
  1.540000000000000E+004  4.409345428214326E-010  1.050423376256712E+002  6.397048005277796E-007  4.204267614347278E-004  7.996325613933814E+000  3.728911825841758E-013
  1.560000000000000E+004  4.355327928287424E-010  1.064061983314164E+002  6.397016640527023E-007  4.168643943623410E-004  8.031151349556225E+000  3.699719463530917E-013
  1.580000000000000E+004  4.302645884949562E-010  1.077700508856207E+002  6.396986051359274E-007  4.133820368649332E-004  8.065391587872078E+000  3.671170478097337E-013
  1.600000000000000E+004  4.251250015339425E-010  1.091338952925158E+002  6.396956209148618E-007  4.099769096292359E-004  8.099057301165386E+000  3.643242762731636E-013
  1.620000000000000E+004  4.201093439785458E-010  1.104977315563069E+002  6.396927086665217E-007  4.066463627109181E-004  8.132159184855254E+000  3.615915229954016E-013
  1.640000000000000E+004  4.152131536809288E-010  1.118615596811738E+002  6.396898657991083E-007  4.033878680145340E-004  8.164707668265844E+000  3.589167752944328E-013
  1.660000000000000E+004  4.104321808516641E-010  1.132253796712711E+002  6.396870898441881E-007  4.001990122958652E-004  8.196712924789283E+000  3.562981110904177E-013
  1.680000000000000E+004  4.057623755516788E-010  1.145891915307289E+002  6.396843784494240E-007  3.970774906445593E-004  8.228184881485905E+000  3.537336938129536E-013
  1.700000000000000E+004  4.011998760591912E-010  1.159529952636531E+002  6.396817293718168E-007  3.940211004088196E-004  8.259133228162378E+000  3.512217676501620E-013
  1.720000000000000E+004  3.967409980409692E-010  1.173167908741258E+002  6.396791404714148E-007  3.910277355273570E-004  8.289567425965036E+000  3.487606531129913E-013
  1.740000000000000E+004  3.923822244636969E-010  1.186805783662059E+002  6.396766097054508E-007  3.880953812369310E-004  8.319496715522430E+000  3.463487428904918E-013
  1.760000000000000E+004  3.881201961870327E-010  1.200443577439294E+002  6.396741351228781E-007  3.852221091266053E-004  8.348930124668380E+000  3.439844979739369E-013
  1.780000000000000E+004  3.839517031851649E-010  1.214081290113097E+002  6.396717148592687E-007  3.824060725123582E-004  8.377876475774174E+000  3.416664440295764E-013
  1.800000000000000E+004  3.798736763483539E-010  1.227718921723379E+002  6.396693471320526E-007  3.796455021079796E-004  8.406344392716207E+000  3.393931680015428E-013
  1.820000000000000E+004  3.758831798202032E-010  1.241356472309835E+002  6.396670302360638E-007  3.769387019702277E-004  8.434342307503005E+000  3.371633149279903E-013
  1.840000000000000E+004  3.719774038302108E-010  1.254993941911939E+002  6.396647625393784E-007  3.742840456980869E-004  8.461878466583984E+000  3.349755849549551E-013
  1.860000000000000E+004  3.681536579846107E-010  1.268631330568957E+002  6.396625424794139E-007  3.716799728676493E-004  8.488960936860009E+000  3.328287305337127E-013
  1.880000000000000E+004  3.644093649816501E-010  1.282268638319942E+002  6.396603685592818E-007  3.691249856856681E-004  8.515597611414584E+000  3.307215537885686E-013
  1.900000000000000E+004  3.607420547202659E-010  1.295905865203740E+002  6.396582393443612E-007  3.666176458462160E-004  8.541796214982886E+000  3.286529040430702E-013
  1.920000000000000E+004  3.571493587737011E-010  1.309543011258991E+002  6.396561534590922E-007  3.641565715761452E-004  8.567564309174305E+000  3.266216754935956E-013
  1.940000000000000E+004  3.536290052019341E-010  1.323180076524135E+002  6.396541095839591E-007  3.617404348561826E-004  8.592909297463317E+000  3.246268050201384E-013
  1.960000000000000E+004  3.501788136789037E-010  1.336817061037407E+002  6.396521064526606E-007  3.593679588055400E-004  8.617838429962013E+000  3.226672701249140E-013
  1.980000000000000E+004  3.467966909124492E-010  1.350453964836847E+002  6.396501428494499E-007  3.570379152188741E-004  8.642358807986827E+000  3.207420869901380E-013
  2.000000000000000E+004  3.434806263366338E-010  1.364090787960296E+002  6.396482176066323E-007  3.547491222452843E-004  8.666477388431051E+000  3.188503086469790E-013
